0 0.518125 0.994583 0.04375 0.0108333
0 0.69375 0.479167 0.06125 0.065
0 0.170312 0.00916667 0.049375 0.0183333
0 0.3875 0.39625 0.0325 0.0425
0 0.741562 0.01125 0.048125 0.0225
0 0.3325 0.9875 0.0425 0.025
0 0.15125 0.870833 0.04125 0.0533333
0 0.984375 0.487917 0.03125 0.0508333
0 0.961875 0.65375 0.04625 0.0541667
0 0.034375 0.494583 0.04625 0.0591667
0 0.79625 0.82125 0.0425 0.0508333
0 0.145313 0.96375 0.038125 0.0491667
0 0.645 0.237917 0.03875 0.0475
0 0.974063 0.0275 0.051875 0.055
0 0.0196875 0.85125 0.039375 0.0625
0 0.775312 0.66 0.044375 0.0516667
0 0.63 0.37875 0.04625 0.0641667
0 0.489688 0.528333 0.046875 0.065
0 0.3325 0.398333 0.04125 0.05
0 0.836563 0.0158333 0.053125 0.0316667
0 0.8875 0.960833 0.05 0.0683333
0 0.81625 0.73 0.04625 0.0583333
0 0.623438 0.197917 0.039375 0.0541667
0 0.261562 0.850833 0.035625 0.0466667
0 0.603437 0.769167 0.045625 0.0633333
0 0.789062 0.0175 0.045625 0.035
0 0.57 0.735417 0.04625 0.0675
0 0.547813 0.537083 0.050625 0.0708333
0 0.571875 0.58875 0.0575 0.0741667
0 0.889375 0.42625 0.05375 0.0658333
0 0.955 0.369583 0.055 0.0675
0 0.904375 0.606667 0.05125 0.07
0 0.126563 0.293333 0.053125 0.0666667
0 0.821875 0.0525 0.045 0.0566667
0 0.196875 0.977917 0.04875 0.0441667
0 0.178438 0.532917 0.051875 0.0658333
0 0.745938 0.455417 0.043125 0.0608333
0 0.358125 0.725833 0.045 0.0566667
0 0.840312 0.448333 0.046875 0.055
0 0.823125 0.505417 0.0475 0.0641667
0 0.579375 0.217917 0.0525 0.0641667
0 0.533437 0.359167 0.048125 0.065
0 0.777812 0.0575 0.041875 0.0583333
0 0.110625 0.467917 0.05375 0.0758333
0 0.400625 0.267083 0.04875 0.0625
0 0.237188 0.885833 0.048125 0.0666667
0 0.0225 0.545833 0.045 0.065
0 0.73875 0.388333 0.0575 0.0683333
0 0.231875 0.8075 0.04875 0.0583333
