0 0.584375 0.128333 0.02625 0.0383333
0 0.118437 0.99625 0.035625 0.0075
0 0.347187 0.00333333 0.036875 0.00666667
0 0.0103125 0.212917 0.020625 0.0391667
0 0.171562 0.118333 0.029375 0.04
0 0.008125 0.184167 0.01625 0.035
0 0.19 0.0966667 0.0325 0.04
0 0.140938 0.644583 0.044375 0.0491667
0 0.240313 0.495 0.025625 0.0383333
0 0.55625 0.279583 0.0275 0.0425
0 0.57875 0.285833 0.025 0.0416667
0 0.925937 0.732917 0.034375 0.0425
0 0.163438 0.985833 0.033125 0.0283333
0 0.595 0.670833 0.03375 0.045
0 0.224063 0.478333 0.029375 0.0416667
0 0.951563 0.609167 0.030625 0.045
0 0.600937 0.144583 0.030625 0.0458333
0 0.186562 0.1375 0.029375 0.04
0 0.217187 0.72125 0.036875 0.0491667
0 0.735625 0.129583 0.03 0.0408333
0 0.924375 0.7725 0.03125 0.0416667
0 0.0134375 0.704583 0.026875 0.0458333
0 0.905937 0.500833 0.036875 0.0566667
0 0.614375 0.733333 0.03375 0.0483333
0 0.1675 0.474583 0.03125 0.0391667
0 0.389375 0.418333 0.04375 0.0583333
0 0.22375 0.638333 0.03375 0.055
0 0.602813 0.543333 0.031875 0.0416667
0 0.790937 0.232917 0.030625 0.0441667
0 0.283437 0.0654167 0.030625 0.0441667
0 0.204375 0.388333 0.035 0.0466667
0 0.464375 0.665417 0.0325 0.0441667
0 0.579375 0.383333 0.03625 0.05
0 0.0596875 0.567083 0.033125 0.0458333
0 0.064375 0.15125 0.03625 0.0425
0 0.494375 0.520833 0.03125 0.0433333
0 0.463437 0.127917 0.031875 0.0458333
0 0.105312 0.694583 0.038125 0.0458333
0 0.92875 0.852917 0.03625 0.0491667
0 0.399687 0.877917 0.041875 0.0541667
0 0.68125 0.472083 0.035 0.0591667
0 0.654063 0.364583 0.031875 0.0441667
0 0.535625 0.716667 0.03625 0.05
0 0.805313 0.792083 0.034375 0.0558333
0 0.127813 0.586667 0.044375 0.0583333
0 0.362812 0.134583 0.038125 0.0491667
0 0.514687 0.980417 0.036875 0.0391667
0 0.869687 0.21125 0.033125 0.0525
0 0.254687 0.38375 0.035625 0.0425
