0 0.798437 0.00458333 0.041875 0.00916667
0 0.533125 0.948333 0.0375 0.06
0 0.424375 0.9875 0.05125 0.025
0 0.795313 0.99 0.034375 0.02
0 0.975625 0.987917 0.0425 0.0241667
0 0.591875 0.322917 0.04625 0.0558333
0 0.0909375 0.644167 0.044375 0.0533333
0 0.191875 0.139167 0.03375 0.04
0 0.17125 0.395833 0.045 0.065
0 0.260312 0.45875 0.044375 0.0625
0 0.27 0.2825 0.045 0.06
0 0.103125 0.08 0.04875 0.0633333
0 0.085625 0.872083 0.0475 0.0591667
0 0.3425 0.702917 0.04375 0.0658333
0 0.88125 0.629167 0.0475 0.0616667
0 0.0321875 0.236667 0.046875 0.0666667
0 0.952812 0.49875 0.039375 0.0575
0 0.209063 0.35125 0.040625 0.0525
0 0.731562 0.709583 0.035625 0.0475
0 0.809375 0.219167 0.04125 0.0633333
0 0.362188 0.584583 0.038125 0.0458333
0 0.740625 0.295 0.04125 0.07
0 0.0446875 0.61375 0.043125 0.0541667
0 0.401875 0.64375 0.0425 0.0491667
0 0.366875 0.25 0.03625 0.0483333
0 0.6075 0.616667 0.04625 0.0633333
0 0.913437 0.229583 0.040625 0.0625
0 0.53 0.524167 0.04 0.0533333
0 0.813125 0.69875 0.04125 0.0558333
0 0.355938 0.847917 0.041875 0.0591667
0 0.184062 0.7775 0.045625 0.0633333
