0 0.0053125 0.959167 0.010625 0.0583333
0 0.5175 0.362083 0.0375 0.0558333
0 0.00375 0.75125 0.0075 0.0491667
0 0.994062 0.720833 0.011875 0.045
0 0.993438 0.0679167 0.013125 0.0508333
0 0.98625 0.349583 0.0275 0.0525
0 0.9925 0.234583 0.015 0.0575
0 0.345 0.438333 0.035 0.0433333
0 0.360312 0.488333 0.038125 0.0516667
0 0.19875 0.8 0.03375 0.0433333
0 0.479375 0.536667 0.04125 0.0566667
0 0.150937 0.79125 0.041875 0.0591667
0 0.715625 0.952917 0.035 0.0458333
0 0.76 0.98 0.0375 0.04
0 0.89125 0.0791667 0.04125 0.0583333
0 0.0821875 0.3325 0.039375 0.0533333
0 0.709687 0.894583 0.034375 0.0408333
0 0.153125 0.265417 0.0425 0.0541667
0 0.68875 0.838333 0.03625 0.0483333
0 0.432187 0.388333 0.041875 0.055
0 0.792813 0.865417 0.035625 0.0525
0 0.696563 0.474167 0.044375 0.0633333
0 0.946563 0.74625 0.036875 0.0491667
0 0.223125 0.13 0.04125 0.055
0 0.57375 0.517917 0.03625 0.0491667
0 0.425 0.08625 0.03875 0.0525
0 0.805938 0.512083 0.035625 0.0508333
0 0.192188 0.55625 0.044375 0.0591667
0 0.827187 0.965417 0.035625 0.0475
0 0.597812 0.724583 0.041875 0.0541667
0 0.018125 0.3725 0.03625 0.0566667
0 0.605625 0.904583 0.0375 0.0491667
0 0.169687 0.430417 0.038125 0.0541667
0 0.31875 0.5975 0.035 0.0483333
0 0.195625 0.845833 0.04125 0.0533333
0 0.436875 0.572917 0.04625 0.0641667
0 0.440937 0.900833 0.045625 0.0583333
0 0.247812 0.814583 0.043125 0.0575
0 0.795 0.433333 0.03 0.0433333
0 0.421875 0.852917 0.045 0.0541667
0 0.08875 0.6025 0.0425 0.0566667
0 0.6925 0.0758333 0.03125 0.0466667
0 0.755 0.168333 0.04 0.055
0 0.243125 0.217083 0.03875 0.0508333
0 0.260938 0.934583 0.035625 0.0425
0 0.79625 0.145417 0.03625 0.0525
0 0.964063 0.59875 0.049375 0.0658333
0 0.543125 0.799167 0.03875 0.05
0 0.0390625 0.228333 0.044375 0.06
0 0.559375 0.0745833 0.0375 0.0491667
0 0.37875 0.570417 0.03875 0.0558333
0 0.6525 0.190833 0.03875 0.05
0 0.086875 0.455417 0.06 0.0741667
