0 0.0671875 0.665833 0.029375 0.0366667
0 0.461563 0.462917 0.025625 0.0441667
0 0.910625 0.1725 0.04375 0.0866667
0 0.3125 0.222083 0.03 0.0408333
0 0.1475 0.9225 0.03125 0.04
0 0.934687 0.8275 0.035625 0.05
0 0.0840625 0.135833 0.028125 0.0383333
0 0.4225 0.465417 0.04125 0.0558333
0 0.696563 0.13125 0.041875 0.0541667
0 0.7225 0.101667 0.035 0.0566667
0 0.90875 0.858333 0.04875 0.0566667
0 0.582812 0.490417 0.039375 0.0525
0 0.737188 0.705833 0.046875 0.07
0 0.398125 0.191667 0.04875 0.0666667
0 0.686875 0.865833 0.04125 0.0533333
0 0.369063 0.0658333 0.053125 0.0666667
