0 0.170937 0.0025 0.030625 0.005
0 0.078125 0.994167 0.0425 0.0116667
0 0.145 0.992083 0.03375 0.0158333
0 0.887812 0.0508333 0.028125 0.045
0 0.1 0.277917 0.025 0.0325
0 0.799062 0.956667 0.033125 0.0433333
0 0.740937 0.79125 0.034375 0.0491667
0 0.606562 0.460417 0.036875 0.0491667
0 0.864375 0.0358333 0.03 0.05
0 0.245625 0.797083 0.03 0.0391667
0 0.586875 0.91375 0.02875 0.0391667
0 0.605313 0.652917 0.038125 0.0575
0 0.046875 0.844583 0.0325 0.0408333
0 0.871562 0.225 0.033125 0.05
0 0.224063 0.398333 0.035625 0.0516667
0 0.319375 0.6075 0.03875 0.0666667
0 0.538125 0.337917 0.04125 0.0541667
0 0.989375 0.189167 0.02125 0.0433333
0 0.782812 0.585833 0.034375 0.0533333
0 0.754687 0.470417 0.034375 0.0408333
0 0.801875 0.217917 0.0325 0.0441667
0 0.886563 0.425 0.044375 0.0666667
0 0.302188 0.670833 0.035625 0.05
0 0.125313 0.576667 0.050625 0.07
0 0.36375 0.256667 0.04125 0.0583333
0 0.0753125 0.27 0.030625 0.0416667
0 0.603437 0.548333 0.038125 0.0533333
0 0.89375 0.732083 0.04 0.0541667
0 0.464063 0.55625 0.043125 0.0575
