0 0.4275 0.347083 0.0625 0.0825
0 0.91875 0.37 0.05625 0.0766667
0 0.616562 0.752917 0.031875 0.0541667
0 0.523438 0.395 0.059375 0.09
0 0.8 0.599167 0.055 0.0783333
0 0.86375 0.523333 0.055 0.0716667
0 0.355625 0.352083 0.05125 0.0675
0 0.138437 0.667917 0.050625 0.0625
0 0.485 0.304583 0.06125 0.0775
0 0.62625 0.213333 0.05125 0.0716667
0 0.579375 0.73125 0.05375 0.0775
0 0.419062 0.4425 0.048125 0.0683333
0 0.261875 0.96375 0.05 0.0641667
0 0.165 0.4075 0.055 0.0766667
0 0.045625 0.6925 0.04875 0.0666667
0 0.338125 0.26375 0.05 0.0725
0 0.6175 0.490417 0.04625 0.0625
0 0.126563 0.967917 0.055625 0.0641667
0 0.275313 0.299583 0.051875 0.0691667
0 0.805625 0.7325 0.055 0.0733333
