0 0.576563 0.99625 0.038125 0.0075
0 0.75375 0.994583 0.03625 0.0108333
0 0.993438 0.243333 0.013125 0.0416667
0 0.119062 0.209167 0.025625 0.0466667
0 0.420938 0.2475 0.030625 0.04
0 0.5475 0.211667 0.03125 0.0333333
0 0.3275 0.60125 0.02875 0.0391667
0 0.730937 0.73875 0.025625 0.0341667
0 0.0415625 0.434167 0.029375 0.04
0 0.828125 0.33625 0.03 0.0408333
0 0.139375 0.608333 0.03 0.0366667
0 0.19 0.320833 0.03 0.04
0 0.0946875 0.210833 0.025625 0.0416667
0 0.853125 0.411667 0.03125 0.04
0 0.675313 0.48 0.031875 0.0416667
0 0.304688 0.10125 0.035625 0.0491667
0 0.065625 0.872083 0.03125 0.0425
0 0.74 0.770833 0.0275 0.0383333
0 0.526875 0.302083 0.03375 0.0475
0 0.886875 0.572917 0.0375 0.0558333
0 0.485625 0.799167 0.03125 0.04
0 0.822812 0.07125 0.040625 0.0525
0 0.384375 0.983333 0.04625 0.0333333
0 0.69125 0.185 0.03625 0.0483333
0 0.395 0.784167 0.0275 0.04
0 0.0728125 0.80125 0.031875 0.0441667
0 0.310313 0.188333 0.036875 0.0566667
0 0.916562 0.97875 0.035625 0.0425
0 0.747813 0.484583 0.039375 0.0575
0 0.360625 0.243333 0.03875 0.0516667
0 0.153125 0.74875 0.035 0.0441667
0 0.679375 0.72125 0.03875 0.0458333
0 0.10125 0.8525 0.04375 0.0616667
0 0.377187 0.274167 0.035625 0.0466667
0 0.556562 0.40875 0.040625 0.0591667
0 0.132188 0.4 0.038125 0.0516667
0 0.17125 0.0891667 0.03875 0.0516667
0 0.01375 0.169167 0.0275 0.05
0 0.449375 0.907083 0.03125 0.0425
0 0.789375 0.74125 0.0375 0.0508333
0 0.21 0.723333 0.03625 0.055
0 0.117188 0.924167 0.035625 0.045
