0 0.4175 0.41 0.025 0.0383333
0 0.64 0.579583 0.02375 0.0291667
0 0.99125 0.6275 0.0175 0.05
0 0.040625 0.693333 0.02875 0.0383333
0 0.22875 0.526667 0.03375 0.0383333
0 0.259375 0.84 0.03375 0.04
0 0.234375 0.295417 0.0375 0.0458333
0 0.0928125 0.38375 0.039375 0.0425
0 0.7425 0.85625 0.0275 0.0391667
0 0.591875 0.9575 0.03875 0.05
0 0.412813 0.45625 0.040625 0.0441667
0 0.905937 0.877917 0.034375 0.0508333
0 0.374687 0.8475 0.035625 0.05
0 0.702812 0.98375 0.039375 0.0325
0 0.924688 0.622917 0.038125 0.0508333
0 0.21875 0.907083 0.0375 0.0441667
0 0.432813 0.592083 0.033125 0.0441667
0 0.58375 0.66625 0.04125 0.0475
0 0.219688 0.39375 0.040625 0.0508333
0 0.639063 0.794167 0.041875 0.0533333
0 0.1575 0.276667 0.04875 0.055
0 0.47375 0.624167 0.04 0.055
0 0.646563 0.52875 0.036875 0.0508333
0 0.235313 0.455833 0.040625 0.055
0 0.782188 0.795 0.041875 0.0533333
0 0.79 0.295833 0.03625 0.0583333
0 0.333438 0.154167 0.043125 0.055
