0 0.806875 0.740833 0.0225 0.0333333
0 0.6175 0.555 0.03375 0.0416667
0 0.733437 0.315417 0.034375 0.0491667
0 0.79375 0.72625 0.03375 0.0441667
0 0.384062 0.434583 0.038125 0.0458333
0 0.583125 0.235833 0.04 0.055
0 0.324375 0.778333 0.0375 0.0466667
0 0.810313 0.877917 0.031875 0.0441667
0 0.967812 0.0858333 0.036875 0.05
0 0.551875 0.215833 0.04125 0.055
0 0.218437 0.0933333 0.033125 0.055
0 0.4225 0.247917 0.035 0.0491667
0 0.442187 0.04875 0.038125 0.0558333
0 0.382187 0.390833 0.041875 0.0466667
0 0.038125 0.8625 0.04625 0.06
0 0.449688 0.505417 0.048125 0.0708333
0 0.45875 0.8725 0.04375 0.065
0 0.616562 0.764583 0.044375 0.0658333
0 0.687813 0.77625 0.043125 0.0641667
0 0.520312 0.51875 0.043125 0.0608333
0 0.50625 0.159167 0.04125 0.0566667
0 0.40875 0.295 0.035 0.0616667
0 0.215 0.939583 0.04375 0.0641667
0 0.873125 0.975417 0.04125 0.0491667
0 0.785625 0.290417 0.04625 0.0658333
0 0.0865625 0.513333 0.039375 0.0533333
0 0.075625 0.7625 0.045 0.065
