0 0.145313 0.994167 0.033125 0.0116667
0 0.0028125 0.920417 0.005625 0.0608333
0 0.145625 0.990417 0.03625 0.0191667
0 0.440313 0.849167 0.039375 0.0366667
0 0.00375 0.76625 0.0075 0.0458333
0 0.305313 0.863333 0.035625 0.0366667
0 0.00625 0.21625 0.0125 0.0508333
0 0.218437 0.904167 0.029375 0.0366667
0 0.161875 0.8975 0.03 0.0333333
0 0.439063 0.87875 0.033125 0.0375
0 0.35375 0.00958333 0.0325 0.0191667
0 0.982813 0.0116667 0.033125 0.0233333
0 0.112187 0.532083 0.031875 0.0458333
0 0.91125 0.257917 0.02375 0.0475
0 0.650625 0.01125 0.03125 0.0225
0 0.024375 0.441667 0.02875 0.0366667
0 0.541875 0.0108333 0.03375 0.0216667
0 0.228125 0.82375 0.03375 0.0391667
0 0.556562 0.187083 0.016875 0.0308333
0 0.972188 0.442083 0.030625 0.0391667
0 0.01875 0.6225 0.03 0.04
0 0.04375 0.396667 0.035 0.0383333
0 0.892812 0.242083 0.025625 0.0325
0 0.321875 0.835 0.03625 0.0483333
0 0.789375 0.735 0.03 0.0433333
0 0.350625 0.76375 0.04125 0.0475
0 0.0828125 0.32125 0.033125 0.0408333
0 0.110312 0.58375 0.033125 0.0425
0 0.3025 0.69375 0.04125 0.0508333
0 0.0821875 0.67125 0.043125 0.0558333
0 0.831875 0.417917 0.0325 0.0391667
0 0.923125 0.868333 0.03625 0.0466667
0 0.746562 0.70875 0.033125 0.0391667
0 0.827812 0.275 0.026875 0.0366667
0 0.437187 0.425 0.031875 0.0333333
0 0.5125 0.987083 0.0325 0.0258333
0 0.911563 0.1225 0.034375 0.0466667
0 0.320625 0.3425 0.03375 0.045
0 0.275 0.900833 0.0375 0.0483333
0 0.618125 0.824167 0.03125 0.045
0 0.254375 0.7375 0.0375 0.0416667
0 0.970937 0.93375 0.038125 0.0491667
0 0.0909375 0.112083 0.036875 0.0475
0 0.4125 0.31125 0.035 0.0408333
0 0.370313 0.935833 0.034375 0.0416667
0 0.0246875 0.685 0.031875 0.0433333
0 0.68125 0.50625 0.0325 0.0391667
0 0.814062 0.814583 0.031875 0.0491667
0 0.690938 0.3725 0.033125 0.0466667
0 0.280937 0.555 0.039375 0.04
0 0.675937 0.25125 0.028125 0.0391667
0 0.864375 0.845833 0.03375 0.0433333
0 0.8325 0.895 0.03125 0.0433333
0 0.22625 0.507917 0.04375 0.0525
0 0.702187 0.865 0.035625 0.0483333
0 0.211875 0.02 0.035 0.04
0 0.740937 0.195833 0.036875 0.05
0 0.384688 0.867083 0.039375 0.0608333
0 0.699063 0.154583 0.029375 0.0425
0 0.527812 0.828333 0.036875 0.0466667
0 0.4725 0.704583 0.04375 0.0508333
0 0.061875 0.78125 0.05 0.0591667
0 0.059375 0.0204167 0.0375 0.0408333
0 0.242812 0.96 0.041875 0.0583333
0 0.495625 0.963333 0.0325 0.04
0 0.300625 0.125417 0.04375 0.0558333
0 0.30875 0.0229167 0.0425 0.0458333
0 0.560938 0.616667 0.035625 0.0483333
0 0.657812 0.269583 0.026875 0.0425
0 0.536563 0.190417 0.026875 0.0475
0 0.520938 0.645833 0.040625 0.055
0 0.628438 0.2575 0.033125 0.045
0 0.290938 0.512083 0.035625 0.0458333
0 0.455312 0.500417 0.031875 0.0408333
0 0.583125 0.810417 0.03625 0.0458333
0 0.405937 0.213333 0.041875 0.07
0 0.8475 0.518333 0.035 0.045
0 0.766563 0.476667 0.036875 0.055
0 0.955312 0.494583 0.033125 0.0441667
0 0.068125 0.2025 0.04625 0.0516667
0 0.985313 0.06125 0.029375 0.0558333
0 0.840937 0.132917 0.036875 0.0575
0 0.27625 0.0645833 0.04 0.0491667
0 0.501562 0.255417 0.035625 0.0458333
0 0.446875 0.0641667 0.03625 0.045
0 0.780625 0.09625 0.0425 0.0541667
0 0.20125 0.129167 0.04375 0.0566667
