0 0.97375 0.0325 0.04625 0.0566667
0 0.0084375 0.195417 0.016875 0.0575
0 0.0325 0.23875 0.05375 0.0641667
0 0.990313 0.785833 0.019375 0.055
0 0.8375 0.344583 0.03625 0.0491667
0 0.055 0.6375 0.04125 0.0533333
0 0.196562 0.313333 0.039375 0.06
0 0.905312 0.870833 0.050625 0.065
0 0.936875 0.310417 0.0425 0.0508333
0 0.64375 0.488333 0.0325 0.045
0 0.874375 0.1975 0.04625 0.0583333
0 0.405 0.0525 0.04875 0.0633333
0 0.108125 0.98375 0.04125 0.0325
0 0.579063 0.818333 0.043125 0.0516667
0 0.387188 0.257917 0.041875 0.0558333
0 0.307187 0.810833 0.043125 0.055
