0 0.9925 0.589583 0.015 0.0858333
0 0.416562 0.994167 0.044375 0.0116667
0 0.784375 0.435 0.03 0.045
0 0.59875 0.989167 0.02875 0.0216667
0 0.539375 0.852917 0.04625 0.0541667
0 0.547188 0.291667 0.028125 0.0383333
0 0.803125 0.70125 0.025 0.0358333
0 0.837188 0.603333 0.029375 0.0416667
0 0.197187 0.025 0.036875 0.0433333
0 0.916875 0.00833333 0.0275 0.0166667
0 0.71625 0.205 0.03 0.0433333
0 0.0790625 0.762917 0.034375 0.0408333
0 0.647187 0.52 0.033125 0.04
0 0.0890625 0.0758333 0.040625 0.0533333
0 0.0321875 0.589583 0.039375 0.0491667
0 0.128438 0.7775 0.040625 0.05
0 0.114063 0.55875 0.039375 0.0491667
0 0.857188 0.0125 0.039375 0.025
0 0.924375 0.86 0.0375 0.05
0 0.245625 0.16 0.04125 0.0466667
0 0.257812 0.250417 0.039375 0.0475
0 0.404687 0.26625 0.035625 0.0458333
0 0.127188 0.672917 0.038125 0.0475
0 0.915 0.781667 0.04 0.055
0 0.585312 0.58125 0.048125 0.0658333
0 0.784063 0.62875 0.036875 0.0491667
0 0.748125 0.484583 0.0375 0.0475
0 0.53625 0.6475 0.04125 0.05
0 0.274687 0.3425 0.044375 0.05
0 0.71375 0.271667 0.04 0.05
0 0.724375 0.932917 0.04125 0.0575
0 0.333125 0.231667 0.045 0.055
