0 0.325312 0.0116667 0.060625 0.0233333
0 0.994375 0.98 0.01125 0.04
0 0.994375 0.29875 0.01125 0.0525
0 0.780625 0.840833 0.02625 0.0416667
0 0.62875 0.47375 0.04375 0.0591667
0 0.295938 0.940833 0.040625 0.0616667
0 0.318437 0.967083 0.043125 0.0541667
0 0.489062 0.90125 0.058125 0.0791667
0 0.920625 0.674167 0.04625 0.0683333
0 0.3575 0.953333 0.04125 0.0616667
0 0.953438 0.307083 0.034375 0.0491667
0 0.050625 0.395 0.04 0.0566667
0 0.3825 0.925833 0.05 0.07
0 0.0734375 0.465 0.045625 0.07
0 0.02125 0.164167 0.0425 0.0716667
0 0.88625 0.460417 0.035 0.0625
0 0.441875 0.150417 0.05 0.0791667
0 0.819375 0.536667 0.03875 0.0583333
0 0.443125 0.45875 0.05125 0.0741667
0 0.260625 0.939583 0.0525 0.0775
0 0.552188 0.03375 0.041875 0.0675
0 0.795937 0.729583 0.046875 0.0641667
0 0.945 0.35375 0.0425 0.0641667
0 0.229375 0.401667 0.055 0.0716667
0 0.977188 0.809583 0.036875 0.0608333
0 0.035 0.459167 0.04375 0.0766667
0 0.332188 0.880833 0.053125 0.0716667
0 0.05375 0.685 0.06125 0.0666667
0 0.631875 0.395 0.0525 0.07
0 0.360312 0.317083 0.055625 0.0708333
0 0.720937 0.915417 0.048125 0.0658333
0 0.814375 0.477083 0.05625 0.0708333
