0 0.599063 0.00583333 0.035625 0.0116667
0 0.987813 0.140833 0.024375 0.0716667
0 0.975312 0.405 0.026875 0.035
0 0.975312 0.851667 0.035625 0.045
0 0.343125 0.5375 0.04375 0.075
0 0.0571875 0.815 0.030625 0.0483333
0 0.04 0.799583 0.04625 0.0558333
0 0.352812 0.987917 0.033125 0.0241667
0 0.0865625 0.80625 0.034375 0.0608333
0 0.0409375 0.0395833 0.035625 0.0491667
0 0.008125 0.2875 0.01625 0.0416667
0 0.380313 0.535833 0.040625 0.0783333
0 0.093125 0.324167 0.03125 0.045
0 0.0246875 0.757917 0.048125 0.0625
0 0.71875 0.984167 0.03625 0.0316667
0 0.987188 0.613333 0.025625 0.0466667
0 0.335625 0.429583 0.035 0.0441667
0 0.137187 0.358333 0.030625 0.0416667
0 0.443437 0.264583 0.029375 0.0408333
0 0.540937 0.34125 0.034375 0.0508333
0 0.928437 0.28875 0.035625 0.0558333
0 0.108438 0.353333 0.029375 0.0433333
0 0.42875 0.430833 0.0375 0.0483333
0 0.9625 0.444583 0.03 0.0408333
0 0.310313 0.650417 0.041875 0.0525
0 0.611562 0.527083 0.043125 0.0558333
0 0.547188 0.39875 0.040625 0.0558333
0 0.376875 0.893333 0.04 0.0483333
0 0.170312 0.310833 0.035625 0.0433333
0 0.749687 0.396667 0.035625 0.06
0 0.789062 0.892083 0.034375 0.0491667
0 0.46125 0.315833 0.035 0.045
0 0.341875 0.0929167 0.03 0.0358333
0 0.325938 0.755 0.035625 0.0433333
0 0.746875 0.887917 0.0325 0.0458333
0 0.506562 0.560417 0.029375 0.0375
0 0.841875 0.404583 0.0325 0.0475
0 0.39375 0.955417 0.04125 0.0575
0 0.714688 0.166667 0.044375 0.0716667
0 0.925313 0.74375 0.040625 0.0725
0 0.419062 0.08375 0.035625 0.0441667
0 0.130938 0.122083 0.049375 0.0491667
0 0.893125 0.302083 0.035 0.0475
0 0.674062 0.742083 0.030625 0.0441667
0 0.815625 0.267917 0.03625 0.0491667
0 0.120312 0.0158333 0.033125 0.0316667
0 0.286563 0.255833 0.046875 0.0733333
0 0.130313 0.515833 0.035625 0.0466667
0 0.269688 0.32625 0.034375 0.0408333
0 0.55625 0.880417 0.0425 0.0591667
0 0.474063 0.27625 0.030625 0.0408333
0 0.719063 0.419167 0.041875 0.0566667
0 0.01375 0.195 0.0275 0.05
0 0.486562 0.635 0.045625 0.0666667
0 0.3325 0.569167 0.04625 0.065
