0 0.204375 0.335833 0.03 0.0383333
0 0.454375 0.993333 0.02875 0.0133333
0 0.172188 0.00333333 0.031875 0.00666667
0 0.688438 0.329167 0.041875 0.0566667
0 0.275313 0.0616667 0.030625 0.0466667
0 0.719375 0.380833 0.0425 0.0633333
0 0.411563 0.6925 0.038125 0.05
0 0.833438 0.928333 0.029375 0.0416667
0 0.9725 0.515 0.035 0.0583333
0 0.348437 0.466667 0.031875 0.045
0 0.525 0.33 0.03625 0.055
0 0.845625 0.354583 0.03375 0.0508333
0 0.137187 0.0529167 0.028125 0.0441667
0 0.7175 0.923333 0.03625 0.0483333
0 0.565938 0.28375 0.029375 0.0458333
0 0.97 0.450417 0.035 0.0425
0 0.546562 0.440833 0.035625 0.0566667
0 0.515312 0.0125 0.044375 0.025
0 0.315625 0.585833 0.0325 0.0433333
0 0.632187 0.740417 0.036875 0.0475
0 0.591875 0.524583 0.0325 0.0425
0 0.17875 0.268333 0.0325 0.0433333
0 0.0684375 0.779583 0.031875 0.0408333
0 0.818125 0.75 0.03375 0.05
0 0.805 0.981667 0.03625 0.0366667
0 0.140938 0.63625 0.039375 0.0475
0 0.811875 0.602917 0.04 0.0491667
0 0.751875 0.819583 0.03625 0.0475
0 0.390625 0.67125 0.035 0.0458333
0 0.533437 0.170417 0.031875 0.0458333
0 0.851875 0.462083 0.03875 0.0508333
0 0.1625 0.12125 0.03875 0.0575
0 0.0353125 0.74375 0.036875 0.0475
0 0.11375 0.485833 0.0325 0.045
0 0.365 0.517917 0.0325 0.0425
0 0.0903125 0.614167 0.031875 0.045
0 0.982188 0.753333 0.035625 0.045
0 0.47375 0.890417 0.03375 0.0525
0 0.297812 0.0329167 0.035625 0.0525
0 0.324062 0.8925 0.033125 0.0483333
0 0.655625 0.885833 0.03375 0.0466667
0 0.56875 0.960417 0.04 0.0575
0 0.265625 0.97625 0.03375 0.0475
0 0.603437 0.889583 0.041875 0.0525
0 0.678437 0.0554167 0.039375 0.0558333
0 0.954375 0.683333 0.05125 0.07
