0 0.3125 0.9925 0.05875 0.015
0 0.965937 0.970833 0.068125 0.0583333
0 0.301875 0.00916667 0.06 0.0183333
0 0.01 0.065 0.02 0.0633333
0 0.071875 0.975417 0.04625 0.0491667
0 0.382187 0.378333 0.051875 0.0783333
0 0.198125 0.450833 0.04125 0.0633333
0 0.295312 0.652083 0.054375 0.0891667
0 0.906563 0.0854167 0.051875 0.0808333
0 0.971875 0.42625 0.04 0.0658333
0 0.254375 0.564167 0.0425 0.0716667
0 0.860625 0.44375 0.05375 0.0858333
0 0.299375 0.34 0.04875 0.0683333
0 0.4375 0.260833 0.04375 0.0683333
0 0.529688 0.329167 0.048125 0.0783333
0 0.1825 0.827917 0.04375 0.0608333
0 0.731875 0.629583 0.0425 0.0675
0 0.67125 0.0545833 0.045 0.0658333
0 0.526875 0.0375 0.04 0.0566667
0 0.612188 0.0229167 0.041875 0.0458333
