0 0.986562 0.92 0.026875 0.0983333
0 0.994687 0.501667 0.010625 0.055
0 0.207188 0.0745833 0.029375 0.0325
0 0.160313 0.217083 0.036875 0.0541667
0 0.19 0.02125 0.03 0.0341667
0 0.205 0.0429167 0.03 0.0341667
0 0.879375 0.919167 0.035 0.0533333
0 0.0365625 0.985417 0.041875 0.0291667
0 0.362812 0.0266667 0.044375 0.0533333
0 0.832812 0.527083 0.040625 0.0591667
0 0.033125 0.58625 0.04125 0.0625
0 0.767812 0.269167 0.046875 0.0683333
0 0.048125 0.165 0.05125 0.0716667
0 0.84375 0.892917 0.0475 0.0708333
0 0.121563 0.0841667 0.046875 0.0633333
0 0.641563 0.1425 0.041875 0.0616667
0 0.486562 0.144583 0.043125 0.0641667
0 0.4325 0.25125 0.045 0.0675
0 0.82625 0.39875 0.0425 0.0641667
0 0.895 0.02375 0.03875 0.0475
0 0.38 0.0708333 0.055 0.07
0 0.564687 0.105833 0.046875 0.0683333
0 0.670625 0.560417 0.06 0.0841667
0 0.848437 0.01875 0.043125 0.0375
0 0.58875 0.889167 0.045 0.07
0 0.357188 0.379167 0.043125 0.0633333
0 0.476875 0.55625 0.04375 0.0708333
0 0.774063 0.445833 0.051875 0.0833333
0 0.857813 0.974167 0.045625 0.0516667
0 0.1625 0.686667 0.05 0.0783333
0 0.46125 0.74125 0.04625 0.0708333
0 0.372813 0.729167 0.058125 0.0933333
0 0.577812 0.21875 0.054375 0.0841667
0 0.573438 0.80625 0.039375 0.0591667
0 0.0240625 0.932083 0.045625 0.0691667
0 0.75875 0.7675 0.04875 0.0683333
0 0.423125 0.812917 0.0425 0.0675
