0 0.233125 0.989583 0.025 0.0208333
0 0.569375 0.9925 0.03125 0.015
0 0.692813 0.994167 0.021875 0.0116667
0 0.236875 0.987083 0.03375 0.0258333
0 0.579375 0.192917 0.0275 0.0341667
0 0.488125 0.985417 0.03 0.0291667
0 0.347813 0.704583 0.020625 0.0291667
0 0.01375 0.45125 0.0275 0.0475
0 0.99 0.535833 0.02 0.0433333
0 0.6975 0.981667 0.02375 0.035
0 0.882187 0.556667 0.028125 0.0383333
0 0.167187 0.0516667 0.029375 0.0383333
0 0.825625 0.361667 0.02375 0.0316667
0 0.800313 0.52125 0.026875 0.0391667
0 0.02875 0.334583 0.0325 0.0425
0 0.15875 0.25375 0.0325 0.0425
0 0.225625 0.1825 0.035 0.0416667
0 0.332812 0.72125 0.023125 0.0291667
0 0.0228125 0.2775 0.026875 0.0366667
0 0.354062 0.0954167 0.033125 0.0408333
0 0.84 0.3375 0.0325 0.0433333
0 0.895625 0.740833 0.03125 0.0416667
0 0.32125 0.149167 0.0325 0.0416667
0 0.75375 0.729583 0.0275 0.0375
0 0.987813 0.905417 0.024375 0.0375
0 0.058125 0.444583 0.03 0.0391667
0 0.334688 0.419583 0.024375 0.0341667
0 0.70875 0.2925 0.0275 0.0366667
0 0.45625 0.0733333 0.025 0.0366667
0 0.332188 0.682917 0.033125 0.0358333
0 0.135625 0.667917 0.035 0.0491667
0 0.678125 0.810417 0.03 0.0408333
0 0.304375 0.445 0.03 0.0416667
0 0.8025 0.171667 0.03 0.0416667
0 0.645312 0.412917 0.034375 0.0441667
0 0.3875 0.295 0.03 0.04
0 0.714688 0.645 0.034375 0.0366667
0 0.98625 0.2125 0.0275 0.05
0 0.3675 0.432917 0.0325 0.0391667
0 0.925937 0.985417 0.030625 0.0291667
0 0.560313 0.67 0.031875 0.0483333
0 0.750313 0.475833 0.035625 0.0466667
0 0.699375 0.12875 0.0325 0.0458333
0 0.479375 0.22125 0.03375 0.0391667
0 0.671875 0.978333 0.0275 0.0416667
0 0.594063 0.0954167 0.034375 0.0441667
0 0.43625 0.2075 0.0325 0.0416667
0 0.875938 0.604583 0.031875 0.0441667
0 0.699687 0.0875 0.029375 0.0433333
0 0.627187 0.66375 0.035625 0.0475
0 0.698125 0.03375 0.03875 0.0541667
0 0.0153125 0.224583 0.030625 0.0441667
0 0.4825 0.0983333 0.04125 0.0566667
