0 0.996562 0.337083 0.006875 0.0575
0 0.994687 0.61125 0.010625 0.0458333
0 0.0121875 0.9475 0.024375 0.0483333
0 0.3375 0.985833 0.04875 0.0283333
0 0.494375 0.835833 0.08 0.065
0 0.52875 0.769167 0.0475 0.065
0 0.860625 0.675417 0.045 0.0625
0 0.460625 0.956667 0.04375 0.0633333
0 0.716563 0.58625 0.069375 0.0725
0 0.286875 0.8825 0.04625 0.065
0 0.81125 0.768333 0.04375 0.0566667
0 0.2025 0.775833 0.0425 0.0666667
0 0.84 0.26375 0.04875 0.0575
0 0.0996875 0.625833 0.045625 0.0633333
0 0.3675 0.188333 0.04125 0.0583333
0 0.32 0.01375 0.0425 0.0275
0 0.882187 0.887917 0.049375 0.0608333
0 0.536875 0.3225 0.04125 0.0633333
0 0.53 0.0308333 0.05125 0.0616667
0 0.809687 0.183333 0.046875 0.065
0 0.434687 0.122083 0.045625 0.0591667
