0 0.975312 0.992917 0.040625 0.0141667
0 0.202812 0.00833333 0.033125 0.0166667
0 0.606562 0.98875 0.036875 0.0225
0 0.317187 0.95875 0.041875 0.0408333
0 0.75875 0.808333 0.02875 0.0516667
0 0.469063 0.172083 0.036875 0.0508333
0 0.951563 0.614583 0.034375 0.0475
0 0.218437 0.617083 0.033125 0.0458333
0 0.449688 0.750417 0.045625 0.0708333
0 0.335625 0.470417 0.035 0.0491667
0 0.284687 0.0275 0.033125 0.045
0 0.675 0.77625 0.03875 0.0558333
0 0.404687 0.78 0.040625 0.0566667
0 0.399375 0.44 0.04125 0.0533333
0 0.625938 0.381667 0.039375 0.0583333
0 0.198125 0.780417 0.0375 0.0525
0 0.369375 0.08125 0.0325 0.0425
0 0.461563 0.509167 0.039375 0.06
0 0.202187 0.705 0.044375 0.0616667
0 0.56375 0.59 0.03875 0.0566667
0 0.747187 0.599583 0.046875 0.0708333
0 0.750625 0.31625 0.04 0.0558333
0 0.95125 0.0470833 0.045 0.0558333
0 0.950312 0.865 0.044375 0.0633333
