0 0.997813 0.412083 0.004375 0.0458333
0 0.99125 0.83875 0.0175 0.0475
0 0.298125 0.6975 0.0425 0.0583333
0 0.990625 0.100417 0.01875 0.0525
0 0.4775 0.550417 0.03875 0.0575
0 0.100938 0.94 0.039375 0.0633333
0 0.2125 0.961667 0.04375 0.06
0 0.350625 0.82625 0.04125 0.0625
0 0.2525 0.221667 0.0525 0.0666667
0 0.598125 0.725417 0.035 0.0575
0 0.335 0.436667 0.03625 0.055
0 0.155312 0.512917 0.040625 0.0608333
0 0.53875 0.179167 0.03375 0.0516667
0 0.940938 0.121667 0.044375 0.06
0 0.690625 0.34625 0.04625 0.0591667
0 0.500313 0.949167 0.045625 0.0616667
0 0.450312 0.47375 0.043125 0.0558333
0 0.41125 0.3925 0.0475 0.0633333
0 0.366875 0.0570833 0.0425 0.0608333
0 0.815938 0.439583 0.049375 0.0675
0 0.720937 0.463333 0.040625 0.065
0 0.425625 0.8275 0.04125 0.0583333
0 0.021875 0.6275 0.04375 0.0666667
