0 0.508125 0.00458333 0.0375 0.00916667
0 0.672188 0.87125 0.026875 0.0425
0 0.844063 0.208333 0.026875 0.0383333
0 0.23125 0.74375 0.02875 0.0391667
0 0.744687 0.35375 0.028125 0.0425
0 0.911875 0.725833 0.0325 0.0483333
0 0.557813 0.792083 0.029375 0.0291667
0 0.724063 0.6575 0.039375 0.055
0 0.87375 0.56625 0.03 0.0391667
0 0.440313 0.93 0.033125 0.045
0 0.133125 0.689167 0.04 0.05
0 0.87375 0.888333 0.03625 0.045
0 0.604062 0.2225 0.030625 0.0433333
0 0.560625 0.760417 0.03875 0.0458333
0 0.1825 0.879167 0.03375 0.045
0 0.264688 0.72625 0.036875 0.0475
0 0.38125 0.596667 0.0425 0.05
0 0.450938 0.2325 0.035625 0.0433333
0 0.8875 0.813333 0.04125 0.0583333
0 0.080625 0.215417 0.04125 0.0558333
0 0.420625 0.143333 0.04 0.0583333
