0 0.689062 0.00958333 0.030625 0.0191667
0 0.053125 0.0254167 0.03125 0.0458333
0 0.0346875 0.0145833 0.041875 0.0291667
0 0.695625 0.651667 0.04125 0.055
0 0.66125 0.69375 0.03 0.0441667
0 0.0384375 0.886667 0.034375 0.0433333
0 0.822187 0.925417 0.031875 0.0425
0 0.635625 0.674583 0.035 0.0575
0 0.0109375 0.85375 0.021875 0.0541667
0 0.603125 0.694583 0.0325 0.0425
0 0.0925 0.1175 0.04625 0.0533333
0 0.679688 0.89375 0.035625 0.0441667
0 0.312187 0.361667 0.036875 0.045
0 0.0315625 0.94 0.035625 0.0433333
0 0.567187 0.337917 0.038125 0.0508333
0 0.23125 0.747917 0.03375 0.0475
0 0.930625 0.620417 0.02875 0.0441667
0 0.604062 0.06 0.048125 0.0616667
0 0.180625 0.881667 0.03875 0.0616667
0 0.2375 0.12875 0.035 0.0475
0 0.0140625 0.489583 0.028125 0.0458333
0 0.216875 0.56125 0.0325 0.0441667
0 0.170312 0.1025 0.038125 0.0583333
0 0.161563 0.9475 0.036875 0.0483333
0 0.87 0.58 0.03125 0.045
0 0.23125 0.3225 0.045 0.0616667
0 0.0225 0.245417 0.04 0.0558333
0 0.1525 0.365417 0.03875 0.0508333
0 0.05625 0.720417 0.04375 0.0591667
