0 0.280937 0.688333 0.029375 0.04
0 0.0859375 0.285 0.034375 0.05
0 0.619375 0.23 0.0275 0.035
0 0.0190625 0.456667 0.038125 0.0683333
0 0.680313 0.649583 0.030625 0.0425
0 0.574375 0.344583 0.03875 0.0575
0 0.549375 0.227083 0.04 0.0608333
0 0.702187 0.455 0.039375 0.06
0 0.176875 0.680833 0.02875 0.0383333
0 0.658437 0.0733333 0.033125 0.045
0 0.51 0.800417 0.02625 0.0391667
0 0.75 0.717083 0.03625 0.0458333
0 0.475937 0.979583 0.035625 0.0408333
0 0.5325 0.815833 0.03375 0.0483333
0 0.909063 0.697083 0.038125 0.0475
0 0.963437 0.316667 0.039375 0.0666667
0 0.764687 0.759167 0.039375 0.0483333
0 0.763125 0.146667 0.03875 0.0483333
0 0.352188 0.6725 0.031875 0.045
0 0.343125 0.613333 0.03 0.0416667
0 0.06125 0.725417 0.0375 0.0491667
0 0.0315625 0.974167 0.036875 0.05
0 0.71625 0.20125 0.04 0.0558333
0 0.382187 0.302917 0.033125 0.0458333
0 0.768125 0.924167 0.04 0.0516667
0 0.419688 0.725 0.038125 0.055
0 0.97375 0.68 0.035 0.05
0 0.290625 0.865 0.03625 0.0483333
0 0.463437 0.408333 0.035625 0.0483333
0 0.500938 0.609583 0.036875 0.0508333
0 0.564687 0.0191667 0.031875 0.0383333
