0 0.99625 0.0379167 0.0075 0.0525
0 0.115938 0.151667 0.056875 0.0716667
0 0.374063 0.0104167 0.038125 0.0208333
0 0.898438 0.305 0.043125 0.0516667
0 0.905312 0.261667 0.035625 0.0483333
0 0.728125 0.579167 0.03625 0.0483333
0 0.918437 0.839167 0.040625 0.06
0 0.456562 0.346667 0.039375 0.06
0 0.71 0.819583 0.03875 0.0641667
0 0.395938 0.729583 0.038125 0.0608333
0 0.640625 0.572083 0.0375 0.0608333
0 0.160625 0.66625 0.03875 0.0591667
0 0.1025 0.881667 0.05 0.0766667
0 0.708125 0.611667 0.0525 0.07
