0 0.14 0.4125 0.03375 0.0433333
0 0.440937 0.758333 0.084375 0.0466667
0 0.5875 0.300833 0.06875 0.06
0 0.830938 0.99125 0.033125 0.0175
0 0.9675 0.934583 0.0275 0.0358333
0 0.131563 0.853333 0.028125 0.0416667
0 0.841563 0.843333 0.029375 0.04
0 0.84875 0.185833 0.04 0.0516667
0 0.911875 0.6625 0.0325 0.0433333
0 0.12625 0.457917 0.03 0.0375
0 0.553125 0.387083 0.03125 0.0425
0 0.094375 0.462083 0.02875 0.0408333
0 0.83625 0.362083 0.03625 0.0491667
0 0.138125 0.0683333 0.0325 0.045
0 0.86625 0.214167 0.0375 0.045
0 0.317813 0.779167 0.039375 0.0583333
0 0.844375 0.75125 0.03375 0.0491667
0 0.0303125 0.503333 0.039375 0.0633333
0 0.355 0.356667 0.04 0.05
0 0.56875 0.491667 0.04 0.0516667
0 0.197187 0.667917 0.044375 0.0508333
0 0.0734375 0.641667 0.035625 0.0533333
0 0.343125 0.955417 0.0475 0.0625
0 0.407187 0.935417 0.036875 0.0525
0 0.9725 0.6625 0.0375 0.0466667
0 0.613125 0.255 0.0475 0.055
0 0.576563 0.57 0.044375 0.0566667
