0 0.9975 0.85375 0.005 0.0408333
0 0.0403125 0.962083 0.023125 0.0291667
0 0.78875 0.6725 0.0225 0.0266667
0 0.0825 0.02875 0.02875 0.0441667
0 0.805 0.99125 0.025 0.0175
0 0.006875 0.785417 0.01375 0.0358333
0 0.624062 0.512917 0.015625 0.0325
0 0.0096875 0.873333 0.019375 0.0333333
0 0.850937 0.0325 0.025625 0.0333333
0 0.7375 0.271667 0.035 0.0616667
0 0.0196875 0.21 0.026875 0.0366667
0 0.988125 0.392083 0.02375 0.0341667
0 0.905312 0.982917 0.030625 0.0341667
0 0.659688 0.755417 0.023125 0.0275
0 0.0096875 0.515833 0.019375 0.03
0 0.128438 0.127083 0.023125 0.0308333
0 0.573438 0.583333 0.025625 0.0333333
0 0.761563 0.607083 0.025625 0.0325
0 0.605937 0.547083 0.026875 0.0308333
0 0.636875 0.507917 0.02 0.0325
0 0.487812 0.9075 0.025625 0.03
0 0.594063 0.989583 0.033125 0.0208333
0 0.715937 0.8025 0.019375 0.035
0 0.120312 0.234583 0.023125 0.0325
0 0.47625 0.5825 0.02625 0.0333333
0 0.585312 0.22625 0.023125 0.0325
0 0.719688 0.83375 0.030625 0.0391667
0 0.64125 0.432917 0.02375 0.0325
0 0.604688 0.515417 0.028125 0.0391667
0 0.2725 0.375 0.02625 0.0333333
0 0.350625 0.692083 0.02 0.0325
0 0.320938 0.792083 0.026875 0.0325
0 0.772187 0.589583 0.024375 0.0325
0 0.726875 0.0808333 0.025 0.0333333
0 0.492813 0.72375 0.025625 0.0358333
0 0.695 0.424583 0.03 0.0508333
0 0.24375 0.37625 0.0225 0.0308333
0 0.268438 0.28125 0.024375 0.0325
0 0.951563 0.240833 0.029375 0.0366667
0 0.8325 0.515833 0.03125 0.035
0 0.133437 0.07625 0.024375 0.0308333
0 0.665 0.723333 0.0225 0.0316667
0 0.779688 0.27625 0.031875 0.0441667
0 0.941562 0.939583 0.030625 0.0425
0 0.583438 0.128333 0.024375 0.035
0 0.911563 0.455833 0.028125 0.0383333
0 0.770625 0.9775 0.02875 0.04
0 0.191875 0.484167 0.0325 0.045
0 0.464375 0.962917 0.025 0.0308333
0 0.698125 0.805417 0.0225 0.0341667
0 0.622813 0.614583 0.031875 0.0408333
0 0.727813 0.595417 0.034375 0.0475
0 0.469375 0.1275 0.025 0.03
0 0.495937 0.934583 0.023125 0.0291667
0 0.488438 0.1675 0.026875 0.035
0 0.106563 0.61 0.023125 0.035
0 0.55125 0.42125 0.0275 0.0341667
0 0.775312 0.02875 0.025625 0.0358333
0 0.469687 0.3 0.026875 0.0383333
0 0.034375 0.712083 0.025 0.0291667
0 0.5675 0.882083 0.025 0.0341667
0 0.215 0.645 0.0375 0.0483333
0 0.602813 0.899583 0.028125 0.0375
0 0.413125 0.32375 0.03125 0.0391667
0 0.140938 0.313333 0.029375 0.0383333
0 0.51875 0.210417 0.02625 0.0358333
0 0.570625 0.732083 0.02625 0.0341667
0 0.791562 0.215 0.029375 0.0366667
0 0.636875 0.736667 0.0275 0.04
0 0.3125 0.15375 0.02625 0.0341667
0 0.458438 0.494583 0.030625 0.0375
0 0.93375 0.3575 0.0275 0.04
0 0.475625 0.3425 0.0325 0.0433333
0 0.45875 0.8625 0.025 0.0333333
0 0.394375 0.480833 0.02875 0.04
0 0.984375 0.240833 0.02875 0.0383333
0 0.394062 0.939167 0.033125 0.0416667
0 0.543437 0.817083 0.028125 0.0391667
0 0.601875 0.0783333 0.02625 0.0366667
0 0.1425 0.754583 0.0275 0.0358333
0 0.440937 0.299167 0.028125 0.0366667
0 0.922813 0.505417 0.026875 0.0375
0 0.535937 0.257083 0.029375 0.0375
0 0.62375 0.302083 0.02625 0.0358333
0 0.197812 0.9475 0.028125 0.035
0 0.399375 0.64375 0.03 0.0391667
0 0.039375 0.256667 0.02875 0.0416667
0 0.805313 0.344167 0.030625 0.04
0 0.324688 0.370833 0.033125 0.04
0 0.899063 0.843333 0.030625 0.04
0 0.298438 0.942917 0.033125 0.0391667
