0 0.320938 0.76 0.041875 0.065
0 0.514687 0.005 0.036875 0.01
0 0.515 0.00958333 0.04 0.0191667
0 0.99375 0.818333 0.0125 0.075
0 0.0115625 0.691667 0.023125 0.065
0 0.009375 0.09 0.01875 0.0533333
0 0.0153125 0.326667 0.030625 0.07
0 0.38375 0.989167 0.035 0.0216667
0 0.473437 0.0329167 0.040625 0.0608333
0 0.732813 0.545417 0.066875 0.109167
0 0.0103125 0.23125 0.020625 0.0608333
0 0.355 0.7575 0.03625 0.0766667
0 0.387812 0.755833 0.035625 0.0666667
0 0.888438 0.0120833 0.038125 0.0241667
0 0.638438 0.406667 0.050625 0.065
0 0.0275 0.147083 0.0525 0.0758333
0 0.24875 0.20625 0.03625 0.0608333
0 0.248125 0.119167 0.035 0.0566667
0 0.280625 0.7575 0.04375 0.0566667
0 0.04875 0.673333 0.0325 0.0483333
0 0.033125 0.272917 0.05875 0.0791667
0 0.0540625 0.727083 0.048125 0.0675
0 0.305937 0.829583 0.040625 0.0558333
0 0.540313 0.421667 0.043125 0.05
0 0.975 0.11875 0.05 0.0991667
0 0.963125 0.637917 0.05125 0.0825
0 0.215625 0.9575 0.0425 0.0683333
0 0.234688 0.6275 0.045625 0.0716667
0 0.281875 0.704167 0.045 0.0616667
0 0.255625 0.269583 0.04375 0.0608333
0 0.185 0.0883333 0.055 0.0833333
0 0.668125 0.6625 0.0475 0.0783333
0 0.2075 0.2075 0.0475 0.0683333
0 0.384688 0.15 0.036875 0.06
0 0.025625 0.517083 0.04625 0.0758333
0 0.535937 0.552917 0.059375 0.0891667
0 0.269062 0.430833 0.040625 0.065
0 0.285 0.967917 0.05125 0.0641667
0 0.760312 0.806667 0.054375 0.09
0 0.40125 0.260417 0.03875 0.0608333
0 0.231875 0.33375 0.05 0.0791667
0 0.89375 0.610417 0.03375 0.0558333
0 0.28 0.862917 0.04375 0.0691667
0 0.83 0.857083 0.0375 0.0558333
0 0.475 0.579167 0.04875 0.0766667
0 0.137812 0.762917 0.050625 0.0825
0 0.843437 0.816667 0.039375 0.0533333
0 0.535937 0.206667 0.043125 0.0633333
0 0.194063 0.794167 0.044375 0.0783333
0 0.335938 0.1425 0.054375 0.0833333
0 0.539688 0.4725 0.048125 0.0566667
0 0.523438 0.0425 0.039375 0.0583333
0 0.538125 0.7775 0.04625 0.07
0 0.565313 0.153333 0.043125 0.0616667
0 0.542188 0.266667 0.040625 0.0566667
0 0.32875 0.543333 0.05 0.0766667
0 0.845312 0.397083 0.038125 0.0625
0 0.904688 0.955833 0.038125 0.055
0 0.78875 0.9575 0.04875 0.0733333
0 0.790625 0.164167 0.0475 0.08
0 0.609062 0.15 0.040625 0.0683333
