0 0.729062 0.614583 0.030625 0.0358333
0 0.7325 0.587917 0.03125 0.0358333
0 0.73125 0.700833 0.02875 0.04
0 0.496563 0.188333 0.034375 0.0433333
0 0.715312 0.727083 0.039375 0.0541667
0 0.094375 0.831667 0.0275 0.035
0 0.0790625 0.816667 0.026875 0.0366667
0 0.225313 0.759167 0.035625 0.0466667
0 0.176563 0.903333 0.030625 0.0416667
0 0.309063 0.734167 0.035625 0.0516667
0 0.411563 0.444583 0.031875 0.0441667
0 0.133125 0.532917 0.0375 0.0475
0 0.0115625 0.86125 0.023125 0.0408333
0 0.137812 0.736667 0.029375 0.04
0 0.749062 0.0991667 0.043125 0.055
0 0.453125 0.954583 0.035 0.0458333
0 0.355 0.480833 0.03625 0.0483333
0 0.115 0.88125 0.0325 0.0425
0 0.974375 0.835417 0.03 0.0425
0 0.558125 0.206667 0.03625 0.0583333
0 0.683125 0.0175 0.035 0.035
0 0.711563 0.943333 0.034375 0.0466667
0 0.30125 0.590417 0.0375 0.0641667
0 0.985313 0.7825 0.029375 0.0466667
0 0.409375 0.521667 0.035 0.045
0 0.405313 0.925417 0.039375 0.0541667
0 0.671562 0.950833 0.033125 0.0416667
0 0.966563 0.245 0.033125 0.05
0 0.985 0.484583 0.03 0.0541667
0 0.90375 0.39375 0.03125 0.0408333
0 0.265938 0.25375 0.031875 0.0425
0 0.662188 0.862083 0.030625 0.0425
0 0.99 0.190417 0.02 0.0408333
0 0.336875 0.37 0.0325 0.045
0 0.540625 0.758333 0.035 0.0466667
0 0.761875 0.0316667 0.03625 0.055
0 0.193125 0.0579167 0.03375 0.0441667
0 0.242812 0.214167 0.036875 0.055
0 0.349063 0.0475 0.030625 0.0416667
0 0.845312 0.247083 0.029375 0.0425
0 0.237188 0.0554167 0.038125 0.0458333
0 0.9675 0.329583 0.03375 0.0458333
0 0.525937 0.662917 0.039375 0.0525
0 0.779688 0.36 0.039375 0.0516667
0 0.118437 0.141667 0.033125 0.0383333
0 0.650937 0.243333 0.040625 0.0566667
0 0.472187 0.0329167 0.033125 0.0441667
0 0.404375 0.127083 0.03875 0.0541667
0 0.57625 0.02 0.03875 0.04
