0 0.185312 0.01 0.050625 0.02
0 0.579063 0.923333 0.033125 0.0416667
0 0.252813 0.980833 0.040625 0.0383333
0 0.9875 0.249583 0.025 0.0558333
0 0.682813 0.512917 0.041875 0.0508333
0 0.986562 0.15375 0.026875 0.0525
0 0.855937 0.97625 0.046875 0.0475
0 0.605625 0.544167 0.06125 0.07
0 0.540937 0.414583 0.050625 0.0675
0 0.204063 0.860417 0.045625 0.0558333
0 0.255937 0.249167 0.041875 0.0516667
0 0.98625 0.514167 0.0275 0.0483333
0 0.958438 0.08875 0.051875 0.0608333
0 0.200937 0.582083 0.048125 0.0625
0 0.837812 0.7275 0.053125 0.0716667
0 0.264688 0.542917 0.048125 0.0658333
0 0.65625 0.971667 0.04125 0.0516667
