0 0.321875 0.0025 0.025 0.005
0 0.110312 0.03625 0.033125 0.0475
0 0.989375 0.782083 0.02125 0.0275
0 0.476562 0.989583 0.033125 0.0208333
0 0.94125 0.992083 0.03125 0.0158333
0 0.995938 0.68125 0.008125 0.0308333
0 0.1775 0.0125 0.03 0.025
0 0.957812 0.785 0.024375 0.0316667
0 0.764687 0.106667 0.028125 0.035
0 0.98375 0.888333 0.025 0.0316667
0 0.885625 0.73375 0.02375 0.0325
0 0.375937 0.0579167 0.023125 0.0325
0 0.916875 0.0466667 0.0225 0.0283333
0 0.623438 0.515417 0.031875 0.0375
0 0.888125 0.045 0.0275 0.035
0 0.219063 0.695833 0.029375 0.0416667
0 0.866875 0.715417 0.02375 0.0341667
0 0.0146875 0.654583 0.024375 0.0308333
0 0.846875 0.615 0.03 0.0333333
0 0.770938 0.659583 0.031875 0.0375
0 0.0934375 0.475417 0.025625 0.0308333
0 0.254375 0.12 0.02625 0.035
0 0.658437 0.519167 0.029375 0.04
0 0.70125 0.0375 0.025 0.0366667
0 0.915313 0.0770833 0.025625 0.0308333
0 0.768438 0.131667 0.025625 0.0266667
0 0.55125 0.594167 0.02625 0.0366667
0 0.650312 0.449583 0.024375 0.0341667
0 0.64 0.780417 0.025 0.0341667
0 0.056875 0.387917 0.03625 0.0525
0 0.579375 0.51 0.025 0.0316667
0 0.370625 0.23125 0.03 0.0391667
0 0.14125 0.40375 0.025 0.0341667
0 0.2475 0.417917 0.02875 0.0425
0 0.242812 0.23125 0.025625 0.0375
0 0.19625 0.682917 0.02375 0.0325
0 0.864688 0.577917 0.025625 0.0341667
0 0.533125 0.467083 0.03375 0.0458333
0 0.174375 0.770833 0.03 0.0416667
0 0.48875 0.113333 0.02625 0.0366667
0 0.508438 0.529167 0.029375 0.0416667
0 0.24375 0.86875 0.03875 0.0525
0 0.482188 0.381667 0.028125 0.0316667
0 0.671875 0.650833 0.02625 0.0366667
0 0.76 0.627083 0.025 0.0375
0 0.624687 0.447917 0.026875 0.0375
0 0.6275 0.742917 0.02625 0.0341667
0 0.523438 0.93875 0.026875 0.0375
0 0.114063 0.39 0.034375 0.045
0 0.782812 0.340833 0.024375 0.0333333
0 0.696563 0.81875 0.025625 0.0308333
0 0.393125 0.09125 0.03 0.0408333
0 0.573438 0.19875 0.025625 0.0341667
0 0.75 0.814167 0.03 0.035
0 0.512187 0.82 0.024375 0.03
0 0.185312 0.230833 0.023125 0.0333333
0 0.39875 0.552083 0.025 0.0341667
0 0.161875 0.827083 0.02625 0.0358333
0 0.81125 0.819167 0.025 0.0316667
0 0.608437 0.62 0.030625 0.0433333
0 0.941875 0.707917 0.03 0.0441667
0 0.64625 0.85875 0.0275 0.0358333
0 0.804062 0.202083 0.025625 0.0325
0 0.6725 0.139167 0.03125 0.0433333
0 0.495937 0.290417 0.030625 0.0441667
0 0.719375 0.973333 0.025 0.035
0 0.878438 0.280833 0.024375 0.035
0 0.83375 0.121667 0.02375 0.0316667
0 0.483438 0.763333 0.024375 0.0316667
0 0.711875 0.853333 0.03125 0.0416667
0 0.837188 0.790833 0.026875 0.0366667
0 0.845937 0.683333 0.029375 0.04
0 0.28 0.0895833 0.0325 0.0408333
0 0.43625 0.158333 0.03125 0.045
0 0.342813 0.272917 0.031875 0.0425
0 0.174063 0.44375 0.030625 0.0441667
0 0.140312 0.92 0.026875 0.035
0 0.0228125 0.714583 0.023125 0.0308333
0 0.269688 0.211667 0.031875 0.04
0 0.69 0.949583 0.0275 0.0391667
0 0.270938 0.821667 0.033125 0.05
0 0.199062 0.4075 0.028125 0.0416667
0 0.770312 0.917083 0.026875 0.0391667
0 0.359375 0.448333 0.03625 0.045
0 0.711875 0.447083 0.0275 0.0375
0 0.932813 0.317083 0.028125 0.0375
0 0.109063 0.134583 0.030625 0.0425
0 0.594063 0.95875 0.029375 0.0375
