0 0.0634375 0.49625 0.063125 0.0558333
0 0.535937 0.991667 0.036875 0.0166667
0 0.142813 0.9725 0.035625 0.0383333
0 0.77125 0.966667 0.04625 0.0616667
0 0.149687 0.990417 0.033125 0.0191667
0 0.0078125 0.84625 0.015625 0.0508333
0 0.683125 0.558333 0.0425 0.0533333
0 0.277187 0.529167 0.023125 0.035
0 0.0153125 0.0116667 0.030625 0.0233333
0 0.08625 0.825 0.04375 0.0516667
0 0.466875 0.550417 0.0375 0.0491667
0 0.473437 0.244583 0.034375 0.0475
0 0.871562 0.959583 0.046875 0.0575
0 0.586875 0.367083 0.035 0.0425
0 0.60125 0.0108333 0.03875 0.0216667
0 0.446562 0.154167 0.040625 0.0533333
0 0.421562 0.921667 0.034375 0.0466667
0 0.707187 0.983333 0.039375 0.0333333
0 0.362188 0.572917 0.038125 0.0591667
0 0.285 0.3575 0.0375 0.0516667
0 0.0790625 0.17625 0.035625 0.0508333
0 0.055 0.788333 0.035 0.0466667
0 0.435937 0.372083 0.046875 0.0641667
0 0.46875 0.439167 0.03875 0.05
0 0.256563 0.515833 0.033125 0.045
0 0.233437 0.97125 0.054375 0.0575
0 0.439687 0.280833 0.038125 0.0566667
0 0.662188 0.223333 0.039375 0.0566667
0 0.299062 0.69375 0.039375 0.0525
0 0.989688 0.572083 0.020625 0.0575
0 0.279375 0.910833 0.0425 0.06
0 0.11375 0.450833 0.0375 0.055
0 0.0209375 0.680833 0.041875 0.0633333
0 0.65875 0.737917 0.04125 0.0475
0 0.910937 0.05875 0.035625 0.0508333
0 0.048125 0.8925 0.0375 0.0516667
0 0.276563 0.60625 0.038125 0.0525
0 0.725937 0.0379167 0.044375 0.0575
0 0.436563 0.580833 0.040625 0.055
0 0.714688 0.393333 0.041875 0.0633333
0 0.183125 0.91 0.03875 0.0566667
0 0.920937 0.430417 0.033125 0.0475
0 0.635 0.905833 0.045 0.06
0 0.140625 0.8825 0.04375 0.06
0 0.498125 0.932083 0.04625 0.0575
0 0.826875 0.111667 0.0325 0.045
0 0.621562 0.805 0.040625 0.0516667
0 0.0184375 0.972083 0.036875 0.0558333
0 0.726562 0.249583 0.039375 0.0558333
0 0.858437 0.404583 0.046875 0.0691667
0 0.800313 0.02 0.038125 0.04
0 0.49125 0.6775 0.04875 0.0683333
0 0.97375 0.465833 0.04125 0.06
