0 0.177188 0.0075 0.025625 0.015
0 0.9575 0.51875 0.03625 0.0441667
0 0.731875 0.695 0.03 0.035
0 0.907812 0.27375 0.025625 0.0341667
0 0.749062 0.675 0.040625 0.0516667
0 0.0159375 0.599583 0.031875 0.0525
0 0.18625 0.82875 0.03375 0.0475
0 0.371875 0.48375 0.035 0.0458333
0 0.65 0.98375 0.03125 0.0325
0 0.960938 0.425833 0.034375 0.0466667
0 0.180312 0.103333 0.036875 0.0483333
0 0.82375 0.9775 0.03875 0.045
0 0.860313 0.935417 0.038125 0.0391667
0 0.6825 0.979583 0.03625 0.0408333
0 0.694375 0.0145833 0.03375 0.0291667
0 0.568438 0.573333 0.038125 0.05
0 0.8725 0.576667 0.03875 0.06
0 0.73625 0.115417 0.0325 0.0458333
0 0.8575 0.32125 0.04375 0.0591667
0 0.48 0.0975 0.04 0.0566667
0 0.827812 0.06625 0.041875 0.0575
