0 0.961563 0.503333 0.031875 0.0383333
0 0.932813 0.0075 0.038125 0.015
0 0.243437 0.660833 0.030625 0.04
0 0.726562 0.2675 0.028125 0.0316667
0 0.767187 0.855417 0.031875 0.0375
0 0.96 0.83125 0.03875 0.0425
0 0.669062 0.986667 0.031875 0.0266667
0 0.395938 0.984167 0.031875 0.0316667
0 0.748125 0.178333 0.035 0.0433333
0 0.757187 0.112917 0.034375 0.0425
0 0.449375 0.535833 0.03 0.0383333
0 0.835 0.462083 0.03625 0.0458333
0 0.23875 0.52625 0.03375 0.0441667
0 0.865313 0.608333 0.036875 0.0466667
0 0.13125 0.62 0.03375 0.0466667
0 0.390312 0.893333 0.039375 0.0516667
0 0.734375 0.364167 0.04 0.0483333
0 0.607813 0.973333 0.039375 0.0533333
0 0.414688 0.315417 0.041875 0.0541667
