0 0.334688 0.00958333 0.039375 0.0191667
0 0.121563 0.085 0.030625 0.045
0 0.99125 0.386667 0.0175 0.0416667
0 0.932187 0.397083 0.030625 0.0375
0 0.604375 0.171667 0.035 0.0433333
0 0.779375 0.442083 0.03125 0.0375
0 0.437813 0.155833 0.033125 0.0416667
0 0.105938 0.930833 0.033125 0.0433333
0 0.16875 0.20375 0.03125 0.0391667
0 0.861875 0.452083 0.03625 0.0441667
0 0.211562 0.717083 0.031875 0.0408333
0 0.445 0.188333 0.03125 0.0366667
0 0.420625 0.375833 0.03125 0.0366667
0 0.649375 0.711667 0.0375 0.0433333
0 0.3175 0.409583 0.0325 0.0441667
0 0.68625 0.859167 0.03625 0.045
0 0.986875 0.282917 0.02625 0.0425
0 0.449375 0.4325 0.035 0.0416667
0 0.570938 0.897917 0.036875 0.0425
0 0.335625 0.64375 0.02625 0.0391667
