0 0.01375 0.01375 0.0275 0.0275
0 0.368125 0.00708333 0.03 0.0141667
0 0.255 0.993333 0.03 0.0133333
0 0.150625 0.257083 0.03 0.0341667
0 0.85375 0.420417 0.03 0.0375
0 0.118437 0.466667 0.034375 0.04
0 0.765 0.544583 0.03125 0.0341667
0 0.212187 0.24375 0.031875 0.0391667
0 0.984062 0.0941667 0.031875 0.045
0 0.138125 0.8575 0.03125 0.0433333
0 0.880625 0.825 0.03125 0.04
0 0.410937 0.727083 0.031875 0.0391667
0 0.2125 0.322917 0.04 0.0441667
0 0.69 0.315 0.02875 0.0383333
0 0.894687 0.01625 0.030625 0.0325
0 0.776563 0.950417 0.029375 0.0441667
0 0.259062 0.165833 0.035625 0.0433333
0 0.725625 0.274583 0.03 0.0425
0 0.631562 0.81875 0.034375 0.0441667
0 0.295938 0.720833 0.039375 0.0483333
0 0.801875 0.195 0.0325 0.045
0 0.493437 0.195833 0.031875 0.0433333
0 0.346875 0.782917 0.03875 0.0508333
0 0.286875 0.569167 0.04125 0.0516667
0 0.035625 0.782083 0.035 0.0475
0 0.765625 0.095 0.04375 0.0566667
0 0.525312 0.0245833 0.039375 0.0491667
