0 0.191563 0.714583 0.029375 0.0375
0 0.00625 0.365417 0.0125 0.0341667
0 0.0040625 0.16625 0.008125 0.0458333
0 0.0053125 0.749583 0.010625 0.0425
0 0.992188 0.233333 0.015625 0.04
0 0.580312 0.8075 0.029375 0.0433333
0 0.143438 0.0433333 0.028125 0.0366667
0 0.041875 0.435 0.02875 0.0416667
0 0.05625 0.579583 0.02625 0.0358333
0 0.415312 0.499583 0.028125 0.0408333
0 0.398125 0.490417 0.0225 0.0375
0 0.375625 0.562083 0.03125 0.0358333
0 0.557187 0.797917 0.030625 0.0491667
0 0.121563 0.0608333 0.029375 0.0366667
0 0.779688 0.4275 0.031875 0.0416667
0 0.639063 0.370833 0.028125 0.04
0 0.288125 0.228333 0.0375 0.055
0 0.502187 0.510833 0.033125 0.045
0 0.372187 0.476667 0.029375 0.0383333
0 0.688125 0.4275 0.0275 0.0383333
0 0.20875 0.37125 0.03125 0.0408333
0 0.637812 0.512083 0.036875 0.0508333
0 0.896563 0.0441667 0.028125 0.0333333
0 0.235313 0.136667 0.035625 0.045
0 0.349687 0.713333 0.033125 0.04
0 0.935625 0.8975 0.0275 0.0416667
0 0.0165625 0.105833 0.033125 0.0566667
0 0.848437 0.73375 0.039375 0.0491667
0 0.423438 0.0141667 0.031875 0.0283333
0 0.525937 0.125 0.020625 0.025
0 0.84 0.0975 0.02875 0.0383333
0 0.774375 0.35125 0.0275 0.0441667
0 0.36625 0.595417 0.03 0.0358333
0 0.235 0.889167 0.0375 0.05
0 0.291875 0.321667 0.04375 0.0533333
0 0.115313 0.104583 0.034375 0.0425
0 0.935938 0.830833 0.029375 0.0416667
0 0.977188 0.605417 0.031875 0.0475
0 0.906563 0.9775 0.038125 0.045
0 0.4425 0.914167 0.03125 0.0416667
0 0.967188 0.223333 0.030625 0.0433333
0 0.231875 0.335417 0.04 0.0441667
0 0.937813 0.627917 0.036875 0.0475
0 0.728437 0.92125 0.031875 0.0408333
0 0.958125 0.47 0.0325 0.045
0 0.215625 0.485 0.03625 0.0483333
0 0.165937 0.842917 0.030625 0.0441667
0 0.18375 0.191667 0.03875 0.0533333
0 0.820312 0.903333 0.031875 0.0433333
0 0.213125 0.0408333 0.04 0.0516667
0 0.117188 0.539583 0.035625 0.0525
0 0.107188 0.6225 0.034375 0.0433333
0 0.119375 0.838333 0.0375 0.0533333
0 0.10875 0.165 0.03875 0.0533333
0 0.3075 0.0275 0.0375 0.0483333
0 0.073125 0.932917 0.0325 0.0425
0 0.349063 0.949167 0.036875 0.0483333
