0 0.455938 0.229167 0.038125 0.05
0 0.294062 0.855833 0.029375 0.06
0 0.994062 0.776667 0.011875 0.0533333
0 0.267188 0.947083 0.036875 0.0508333
0 0.424688 0.835 0.038125 0.0483333
0 0.264375 0.86625 0.0425 0.0575
0 0.247187 0.981667 0.046875 0.0366667
0 0.299688 0.161667 0.040625 0.0583333
0 0.273438 0.600833 0.046875 0.065
0 0.879062 0.835417 0.031875 0.0491667
0 0.219063 0.923333 0.046875 0.0616667
0 0.0225 0.192917 0.0425 0.0591667
0 0.593125 0.653333 0.04875 0.0783333
0 0.468437 0.167917 0.044375 0.0708333
0 0.57625 0.2675 0.04875 0.0633333
0 0.324375 0.6425 0.04625 0.0616667
0 0.454688 0.635417 0.048125 0.0725
0 0.455312 0.534583 0.049375 0.0708333
0 0.453125 0.29875 0.0525 0.0675
0 0.580938 0.329167 0.050625 0.065
0 0.777812 0.341667 0.034375 0.055
0 0.150312 0.413333 0.054375 0.07
0 0.754062 0.70875 0.038125 0.0608333
0 0.3325 0.702917 0.04375 0.0608333
0 0.219375 0.330833 0.04375 0.0666667
0 0.527188 0.464583 0.050625 0.0741667
0 0.432813 0.905833 0.046875 0.0683333
0 0.878438 0.15375 0.040625 0.0658333
0 0.17 0.0391667 0.045 0.0616667
0 0.896563 0.417917 0.051875 0.0741667
0 0.72125 0.58 0.0475 0.0766667
0 0.234375 0.0179167 0.0475 0.0358333
0 0.785937 0.757917 0.038125 0.0575
0 0.325625 0.0304167 0.045 0.0608333
