0 0.994687 0.33 0.010625 0.0533333
0 0.150937 0.994167 0.036875 0.0116667
0 0.00625 0.795833 0.0125 0.045
0 0.167187 0.137917 0.049375 0.0641667
0 0.195937 0.713333 0.050625 0.0566667
0 0.836875 0.8475 0.03375 0.0533333
0 0.795937 0.488333 0.028125 0.0416667
0 0.77 0.8 0.04625 0.0583333
0 0.223438 0.487917 0.049375 0.0525
0 0.04125 0.262083 0.04375 0.0691667
0 0.01125 0.750833 0.0225 0.05
0 0.115313 0.655417 0.030625 0.0425
0 0.105 0.0204167 0.05875 0.0408333
0 0.0753125 0.4475 0.041875 0.0566667
0 0.166875 0.599167 0.04125 0.0566667
0 0.0346875 0.54375 0.038125 0.0558333
0 0.76875 0.614583 0.03375 0.0458333
0 0.326875 0.763333 0.04125 0.0583333
0 0.772187 0.5 0.034375 0.0516667
0 0.34 0.487083 0.04125 0.0591667
0 0.985937 0.365833 0.028125 0.0516667
0 0.900625 0.607083 0.03625 0.0575
0 0.849688 0.71 0.035625 0.05
0 0.611875 0.867083 0.03875 0.0491667
0 0.7175 0.419167 0.0425 0.0633333
0 0.418125 0.655833 0.04125 0.06
0 0.82 0.918333 0.035 0.055
0 0.867813 0.34 0.039375 0.065
0 0.5775 0.0145833 0.03875 0.0291667
0 0.759687 0.73875 0.040625 0.0558333
0 0.753125 0.57375 0.04 0.0575
