0 0.992813 0.0166667 0.014375 0.0333333
0 0.100938 0.101667 0.039375 0.0533333
0 0.901875 0.00875 0.045 0.0175
0 0.787812 0.4275 0.026875 0.04
0 0.157813 0.763333 0.035625 0.0566667
0 0.587812 0.94125 0.038125 0.0541667
0 0.20125 0.5325 0.03375 0.0483333
0 0.125938 0.744167 0.039375 0.0516667
0 0.229687 0.646667 0.043125 0.0683333
0 0.381875 0.97125 0.03625 0.0441667
0 0.159688 0.959583 0.046875 0.0808333
0 0.350313 0.49625 0.036875 0.0525
0 0.81125 0.0783333 0.045 0.0666667
0 0.90125 0.81375 0.0475 0.0625
0 0.132812 0.132917 0.050625 0.0675
0 0.405937 0.0541667 0.030625 0.0416667
0 0.14875 0.65875 0.0525 0.0808333
0 0.855937 0.64125 0.054375 0.0875
0 0.08625 0.52625 0.05125 0.0725
0 0.309063 0.459583 0.043125 0.0725
0 0.768125 0.40375 0.0525 0.0941667
0 0.6275 0.789167 0.06125 0.08
0 0.600937 0.871667 0.055625 0.0783333
0 0.885938 0.9225 0.055625 0.085
0 0.27 0.584583 0.045 0.0541667
0 0.42 0.23 0.04125 0.06
0 0.600937 0.4775 0.058125 0.08
0 0.731875 0.666667 0.0825 0.0783333
0 0.254375 0.537917 0.0525 0.0641667
