0 0.663125 0.0545833 0.03375 0.0425
0 0.363438 0.939167 0.030625 0.035
0 0.200312 0.61375 0.033125 0.0408333
0 0.744062 0.16625 0.033125 0.0458333
0 0.889375 0.606667 0.03375 0.0433333
0 0.619062 0.23 0.035625 0.0483333
0 0.85125 0.206667 0.0275 0.035
0 0.833438 0.229167 0.029375 0.0366667
0 0.8425 0.170417 0.03375 0.0475
0 0.837812 0.544167 0.035625 0.0416667
0 0.824063 0.1975 0.025625 0.0333333
0 0.10375 0.86625 0.0275 0.0375
0 0.892812 0.779167 0.034375 0.0516667
0 0.394375 0.227917 0.035 0.0441667
0 0.601562 0.747917 0.033125 0.0425
0 0.505 0.84 0.03625 0.0433333
0 0.233125 0.510417 0.03875 0.0458333
0 0.8125 0.255417 0.03375 0.0408333
0 0.170625 0.926667 0.03375 0.05
0 0.517812 0.6225 0.046875 0.0483333
0 0.88625 0.275417 0.03125 0.0425
0 0.864375 0.45625 0.03625 0.0491667
0 0.745625 0.09375 0.03625 0.0491667
0 0.0265625 0.674583 0.030625 0.0391667
0 0.979375 0.117083 0.04125 0.0575
0 0.43 0.629583 0.03875 0.0491667
0 0.51 0.579583 0.04375 0.0491667
0 0.471563 0.0466667 0.034375 0.0466667
0 0.31125 0.5675 0.0375 0.05
0 0.641875 0.110417 0.04 0.0508333
0 0.6025 0.422917 0.045 0.0608333
