0 0.0496875 0.0166667 0.048125 0.0333333
0 0.309063 0.993333 0.040625 0.0133333
0 0.982813 0.0329167 0.031875 0.0375
0 0.986562 0.841667 0.026875 0.045
0 0.319687 0.574583 0.031875 0.0425
0 0.104687 0.91625 0.033125 0.0408333
0 0.959687 0.57 0.038125 0.0533333
0 0.535312 0.0420833 0.036875 0.0475
0 0.898438 0.97125 0.031875 0.0458333
0 0.12625 0.968333 0.03375 0.0466667
0 0.0115625 0.455833 0.023125 0.0683333
0 0.1875 0.367083 0.025 0.0375
0 0.330312 0.949583 0.033125 0.0458333
0 0.535625 0.98 0.035 0.04
0 0.984688 0.744167 0.030625 0.045
0 0.29625 0.230417 0.04 0.0591667
0 0.82875 0.8875 0.035 0.0416667
0 0.849688 0.247083 0.035625 0.0425
0 0.362188 0.0683333 0.038125 0.0466667
0 0.498125 0.585417 0.03625 0.0508333
0 0.03625 0.649583 0.0325 0.0425
0 0.408125 0.285 0.0375 0.045
0 0.561875 0.80875 0.04125 0.0508333
0 0.2225 0.51375 0.03625 0.0441667
0 0.458438 0.120833 0.035625 0.0483333
0 0.647812 0.23625 0.036875 0.0508333
0 0.0603125 0.824583 0.035625 0.0491667
0 0.513438 0.660833 0.041875 0.06
0 0.164062 0.857083 0.030625 0.0391667
0 0.405 0.11125 0.0425 0.0608333
0 0.655625 0.819583 0.04125 0.0575
0 0.17125 0.05 0.03125 0.04
0 0.79375 0.947083 0.04 0.0525
0 0.163438 0.907083 0.034375 0.0425
0 0.569687 0.719167 0.040625 0.05
0 0.641563 0.679167 0.040625 0.0533333
0 0.196562 0.839167 0.031875 0.0516667
0 0.711875 0.762083 0.04125 0.0508333
0 0.442187 0.49 0.038125 0.0566667
0 0.889687 0.5375 0.040625 0.0466667
0 0.214375 0.750417 0.03375 0.0475
0 0.571875 0.4475 0.0475 0.0583333
0 0.874687 0.57625 0.043125 0.0591667
0 0.77375 0.8825 0.04125 0.0633333
0 0.209063 0.0241667 0.034375 0.0483333
0 0.73375 0.131667 0.04625 0.0616667
0 0.644687 0.87625 0.040625 0.0558333
0 0.7675 0.724167 0.04375 0.0583333
