0 0.9975 0.94625 0.005 0.0525
0 0.915313 0.00541667 0.051875 0.0108333
0 0.839063 0.0208333 0.053125 0.0416667
0 0.56125 0.980417 0.04125 0.0391667
0 0.00875 0.21125 0.0175 0.0491667
0 0.664375 0.83625 0.05 0.0708333
0 0.481562 0.984167 0.039375 0.0316667
0 0.52375 0.979583 0.03625 0.0408333
0 0.329688 0.841667 0.029375 0.0433333
0 0.011875 0.927083 0.02375 0.0441667
0 0.444687 0.417917 0.043125 0.0725
0 0.9525 0.86 0.0325 0.0483333
0 0.909688 0.9475 0.045625 0.0866667
0 0.176875 0.973333 0.03 0.0416667
0 0.591875 0.01625 0.04375 0.0325
0 0.263125 0.434167 0.04 0.0533333
0 0.583125 0.192083 0.04875 0.0658333
0 0.491562 0.4625 0.044375 0.0583333
0 0.555938 0.233333 0.054375 0.0733333
0 0.330312 0.622917 0.038125 0.0541667
0 0.747813 0.220833 0.038125 0.055
0 0.850312 0.419583 0.035625 0.0525
0 0.211875 0.606667 0.04 0.055
0 0.19125 0.08625 0.045 0.0625
0 0.41 0.830833 0.0425 0.0616667
0 0.632812 0.0466667 0.039375 0.0533333
0 0.716875 0.125417 0.045 0.0608333
0 0.811562 0.59875 0.039375 0.0575
0 0.643438 0.23125 0.039375 0.0625
0 0.39875 0.9225 0.0375 0.0516667
0 0.598437 0.5725 0.034375 0.0533333
0 0.72625 0.54125 0.03875 0.0591667
0 0.410937 0.263333 0.043125 0.0716667
0 0.467187 0.892917 0.040625 0.0525
0 0.810938 0.53125 0.038125 0.0541667
0 0.468125 0.215 0.04125 0.0583333
0 0.275313 0.67125 0.041875 0.0608333
0 0.11625 0.837917 0.0375 0.0525
0 0.0165625 0.345 0.033125 0.0516667
0 0.0590625 0.391667 0.040625 0.055
0 0.664062 0.17125 0.046875 0.0675
0 0.3225 0.14125 0.035 0.0475
0 0.571563 0.78875 0.041875 0.0558333
0 0.975937 0.208333 0.035625 0.055
0 0.872187 0.537917 0.043125 0.0575
0 0.665937 0.524583 0.038125 0.0541667
0 0.715625 0.707917 0.04 0.0591667
0 0.41625 0.0275 0.04125 0.055
0 0.283437 0.0254167 0.034375 0.0508333
0 0.374063 0.148333 0.036875 0.0516667
