0 0.0253125 0.46875 0.050625 0.0508333
0 0.338437 0.494583 0.020625 0.0275
0 0.996875 0.69875 0.00625 0.0358333
0 0.0309375 0.907083 0.028125 0.0408333
0 0.231562 0.752917 0.036875 0.0441667
0 0.0771875 0.971667 0.024375 0.0383333
0 0.071875 0.91125 0.02375 0.0308333
0 0.330938 0.4775 0.029375 0.0333333
0 0.056875 0.735417 0.02625 0.0325
0 0.989062 0.2425 0.020625 0.0316667
0 0.345 0.640833 0.03125 0.0433333
0 0.244062 0.267083 0.023125 0.0325
0 0.215 0.0858333 0.025 0.0333333
0 0.911563 0.525833 0.025625 0.0366667
0 0.41 0.357917 0.02625 0.0341667
0 0.0284375 0.150417 0.026875 0.0358333
0 0.574375 0.3275 0.02375 0.0333333
0 0.27 0.985833 0.025 0.0283333
0 0.866875 0.615833 0.025 0.035
0 0.0765625 0.686667 0.024375 0.035
0 0.366875 0.13875 0.0325 0.0391667
0 0.255313 0.528333 0.028125 0.0333333
0 0.209375 0.1775 0.025 0.0316667
0 0.3375 0.92125 0.025 0.0325
0 0.819687 0.725 0.025625 0.0383333
0 0.397812 0.508333 0.033125 0.0466667
0 0.220938 0.154167 0.028125 0.035
0 0.871562 0.24375 0.021875 0.0341667
0 0.31125 0.209167 0.02625 0.0316667
0 0.845625 0.4675 0.02625 0.0366667
0 0.361875 0.0941667 0.025 0.0333333
0 0.799688 0.731667 0.024375 0.0366667
0 0.141875 0.982917 0.025 0.0341667
0 0.18875 0.284167 0.02625 0.0333333
0 0.0896875 0.71375 0.028125 0.0341667
0 0.439063 0.8575 0.024375 0.035
0 0.670937 0.520417 0.025625 0.0358333
0 0.358438 0.0508333 0.024375 0.0333333
0 0.797188 0.564583 0.028125 0.0391667
0 0.593437 0.38 0.028125 0.0333333
0 0.405937 0.867917 0.033125 0.0441667
0 0.207813 0.3425 0.035625 0.045
0 0.316563 0.6325 0.026875 0.035
0 0.905937 0.869583 0.026875 0.0341667
0 0.625313 0.474583 0.031875 0.0441667
0 0.419688 0.0825 0.024375 0.0316667
0 0.352812 0.508333 0.033125 0.0416667
0 0.07625 0.194583 0.02375 0.0375
0 0.055625 0.3425 0.0275 0.0316667
0 0.121875 0.540833 0.0275 0.035
0 0.647812 0.340833 0.034375 0.05
0 0.846875 0.82 0.02625 0.0333333
0 0.79875 0.459583 0.0375 0.0491667
0 0.646875 0.509167 0.0275 0.0366667
0 0.392188 0.825833 0.025625 0.0366667
0 0.352812 0.223333 0.030625 0.0433333
0 0.400937 0.718333 0.026875 0.0366667
0 0.69125 0.707083 0.02375 0.0358333
0 0.396875 0.387083 0.02625 0.0325
0 0.909688 0.780417 0.026875 0.0341667
0 0.3575 0.555 0.03375 0.0433333
0 0.458125 0.927083 0.0325 0.0491667
0 0.320938 0.235833 0.031875 0.04
0 0.289688 0.429583 0.028125 0.0375
0 0.55125 0.378333 0.03125 0.0433333
0 0.71625 0.76375 0.02875 0.0391667
0 0.227187 0.120833 0.030625 0.0383333
0 0.0225 0.409583 0.0275 0.0358333
0 0.325938 0.845 0.025625 0.0316667
0 0.721563 0.515833 0.029375 0.04
0 0.711875 0.11125 0.02625 0.0375
0 0.63875 0.831667 0.03125 0.0416667
0 0.347187 0.065 0.023125 0.03
0 0.305937 0.715417 0.028125 0.0341667
0 0.262188 0.60375 0.025625 0.0325
0 0.215625 0.272917 0.0275 0.0358333
0 0.864688 0.415833 0.030625 0.0433333
0 0.554375 0.758333 0.02625 0.0333333
0 0.519375 0.14125 0.02875 0.0375
0 0.652188 0.1975 0.028125 0.0383333
0 0.672813 0.633333 0.025625 0.04
0 0.662812 0.690833 0.028125 0.0366667
0 0.54375 0.812917 0.02375 0.0325
0 0.463437 0.129583 0.026875 0.0375
0 0.469063 0.759583 0.026875 0.0358333
0 0.399687 0.279583 0.026875 0.0375
0 0.118437 0.0170833 0.028125 0.0341667
0 0.5075 0.496667 0.0275 0.035
0 0.246875 0.455417 0.035 0.0475
0 0.727188 0.956667 0.024375 0.0366667
0 0.679062 0.14375 0.030625 0.0425
0 0.870313 0.6675 0.028125 0.0383333
0 0.926562 0.907083 0.029375 0.0391667
0 0.44875 0.4125 0.025 0.035
0 0.53375 0.176667 0.02875 0.0383333
0 0.57875 0.477083 0.03125 0.0408333
0 0.183125 0.8275 0.02625 0.035
0 0.18 0.396667 0.03625 0.0483333
0 0.48875 0.94125 0.03 0.0408333
0 0.433437 0.232083 0.028125 0.0375
0 0.37 0.684167 0.03 0.0416667
0 0.167812 0.922917 0.026875 0.0375
0 0.637187 0.1225 0.025625 0.0366667
0 0.250937 0.960417 0.030625 0.0425
0 0.360312 0.965 0.036875 0.0433333
0 0.188125 0.979583 0.03 0.0391667
0 0.7675 0.10125 0.03 0.0375
