0 0.922813 0.0570833 0.030625 0.0358333
0 0.125938 0.204167 0.031875 0.0416667
0 0.609688 0.240417 0.033125 0.0425
0 0.963437 0.614167 0.030625 0.04
0 0.600312 0.125 0.048125 0.055
0 0.594375 0.491667 0.0475 0.075
0 0.854688 0.762083 0.038125 0.0625
0 0.269375 0.395833 0.0325 0.0466667
0 0.71125 0.958333 0.04 0.0533333
0 0.304375 0.57875 0.03375 0.0441667
0 0.137812 0.131667 0.040625 0.0533333
0 0.084375 0.897083 0.03875 0.0558333
0 0.595312 0.17375 0.039375 0.0541667
0 0.074375 0.97 0.04125 0.0516667
0 0.550625 0.4975 0.03125 0.0483333
0 0.811875 0.95125 0.045 0.0641667
0 0.329375 0.39125 0.03875 0.0558333
