0 0.652812 0.43375 0.060625 0.0658333
0 0.0834375 0.364167 0.040625 0.0766667
0 0.0071875 0.505417 0.014375 0.0741667
0 0.949375 0.0991667 0.04875 0.08
0 0.0409375 0.440417 0.049375 0.0525
0 0.7525 0.244167 0.025 0.0516667
0 0.015 0.7975 0.03 0.06
0 0.545313 0.03375 0.043125 0.0675
0 0.660312 0.565417 0.058125 0.0691667
0 0.0471875 0.390833 0.056875 0.07
0 0.2425 0.0929167 0.04125 0.0525
0 0.22625 0.98375 0.0425 0.0325
0 0.494375 0.467917 0.0575 0.0775
0 0.267812 0.0170833 0.045625 0.0341667
0 0.212187 0.940833 0.036875 0.0616667
0 0.37375 0.4775 0.04625 0.065
0 0.285937 0.482083 0.044375 0.0658333
0 0.517812 0.6675 0.044375 0.06
0 0.529688 0.97125 0.050625 0.0575
0 0.100625 0.0541667 0.04625 0.0666667
0 0.038125 0.869583 0.03875 0.0591667
0 0.498437 0.0320833 0.053125 0.0641667
0 0.680313 0.354167 0.055625 0.0966667
0 0.159063 0.75625 0.043125 0.0741667
0 0.479062 0.63125 0.045625 0.0641667
0 0.16125 0.961667 0.045 0.0766667
0 0.240313 0.187083 0.049375 0.0741667
0 0.524688 0.608333 0.045625 0.06
0 0.424062 0.789583 0.044375 0.0625
0 0.21875 0.265833 0.04875 0.0716667
0 0.632187 0.512083 0.040625 0.0625
0 0.973125 0.524583 0.0525 0.0841667
0 0.914688 0.670833 0.039375 0.065
0 0.391875 0.0408333 0.05625 0.08
0 0.59375 0.665417 0.04375 0.0691667
0 0.935313 0.44875 0.040625 0.0658333
0 0.501562 0.232917 0.041875 0.0708333
0 0.73625 0.565417 0.04875 0.0875
0 0.312813 0.795833 0.039375 0.0616667
0 0.725 0.234583 0.03625 0.0658333
0 0.856562 0.42875 0.044375 0.0741667
0 0.869375 0.226667 0.0475 0.08
0 0.305625 0.606667 0.0525 0.0783333
0 0.98 0.878333 0.04 0.065
0 0.577812 0.124167 0.045625 0.0783333
0 0.422812 0.85375 0.049375 0.0625
0 0.92875 0.843333 0.0425 0.075
0 0.56625 0.802917 0.0425 0.0625
0 0.79 0.460833 0.0425 0.0733333
0 0.355312 0.947917 0.044375 0.0825
0 0.859688 0.13875 0.046875 0.0858333
0 0.684375 0.242917 0.04625 0.0708333
0 0.9425 0.0304167 0.045 0.0608333
0 0.68875 0.712917 0.04625 0.0758333
0 0.925 0.751667 0.05375 0.0816667
0 0.8 0.929167 0.0425 0.0766667
0 0.6325 0.91 0.04375 0.075
0 0.150937 0.02125 0.043125 0.0425
0 0.815938 0.765417 0.041875 0.0658333
0 0.82625 0.267083 0.04875 0.0891667
0 0.847188 0.0254167 0.036875 0.0508333
0 0.689375 0.02125 0.04625 0.0425
