0 0.655 0.995417 0.025 0.00916667
0 0.11875 0.00291667 0.0275 0.00583333
0 0.235625 0.5125 0.0225 0.035
0 0.385625 0.0904167 0.0375 0.0541667
0 0.710938 0.992917 0.023125 0.0141667
0 0.679688 0.180833 0.033125 0.0566667
0 0.0834375 0.0304167 0.023125 0.0325
0 0.764687 0.960833 0.041875 0.0733333
0 0.837188 0.994583 0.028125 0.0108333
0 0.77125 0.991667 0.0275 0.0166667
0 0.995 0.81 0.01 0.0383333
0 0.0646875 0.790417 0.038125 0.0675
0 0.902812 0.865833 0.023125 0.0416667
0 0.669688 0.8525 0.029375 0.045
0 0.88375 0.86375 0.02 0.0308333
0 0.404687 0.05 0.028125 0.0366667
0 0.041875 0.117917 0.0275 0.0308333
0 0.58375 0.5325 0.02125 0.03
0 0.988437 0.757083 0.023125 0.0541667
0 0.751875 0.774583 0.025 0.0308333
0 0.508125 0.137083 0.025 0.0308333
0 0.528125 0.982083 0.03875 0.0358333
0 0.213437 0.784167 0.024375 0.0333333
0 0.114063 0.163333 0.033125 0.04
0 0.874375 0.2325 0.02375 0.0333333
0 0.6825 0.704583 0.035 0.0425
0 0.926875 0.578333 0.02875 0.045
0 0.72375 0.6225 0.03625 0.0483333
0 0.239375 0.799167 0.025 0.0383333
0 0.123438 0.955833 0.024375 0.0316667
0 0.854688 0.730417 0.034375 0.0441667
0 0.655 0.58 0.03 0.0416667
0 0.89375 0.690833 0.0275 0.0366667
0 0.45 0.92125 0.02875 0.0375
0 0.2525 0.0225 0.02625 0.035
0 0.7425 0.7275 0.03375 0.065
0 0.149687 0.647917 0.035625 0.0491667
0 0.776563 0.42625 0.033125 0.0458333
0 0.34125 0.758333 0.03 0.0383333
0 0.364375 0.35375 0.04125 0.0558333
0 0.329062 0.617917 0.038125 0.0525
0 0.895938 0.623333 0.035625 0.0533333
