0 0.826563 0.322917 0.061875 0.110833
0 0.325 0.98375 0.04875 0.0325
0 0.99125 0.487917 0.0175 0.0508333
0 0.312187 0.8825 0.046875 0.075
0 0.24 0.981667 0.03875 0.0366667
0 0.390312 0.979167 0.040625 0.0416667
0 0.275937 0.51625 0.059375 0.0825
0 0.661875 0.848333 0.04625 0.065
0 0.197812 0.264583 0.053125 0.0758333
0 0.240938 0.455 0.038125 0.0466667
0 0.842188 0.748333 0.048125 0.0816667
0 0.489062 0.814583 0.050625 0.0858333
0 0.84875 0.490833 0.03625 0.0533333
0 0.0928125 0.496667 0.046875 0.0633333
0 0.402187 0.17875 0.051875 0.0675
0 0.8975 0.0741667 0.04 0.0516667
0 0.262188 0.857917 0.054375 0.0875
0 0.863125 0.789167 0.04 0.05
0 0.095 0.819167 0.0425 0.0583333
0 0.58125 0.80625 0.03375 0.0475
0 0.82375 0.23125 0.03875 0.0475
0 0.175 0.33125 0.045 0.0575
0 0.234688 0.687917 0.039375 0.0658333
