0 0.81375 0.12 0.045 0.0783333
0 0.0025 0.562917 0.005 0.0508333
0 0.078125 0.7875 0.05625 0.085
0 0.662188 0.987083 0.039375 0.0258333
0 0.126875 0.993333 0.05 0.0133333
0 0.449062 0.653333 0.041875 0.0366667
0 0.851875 0.84375 0.03 0.0425
0 0.696875 0.9875 0.035 0.025
0 0.624062 0.590417 0.040625 0.0475
0 0.468437 0.685417 0.039375 0.0508333
0 0.06375 0.562917 0.04 0.0608333
0 0.670625 0.207917 0.03125 0.0391667
0 0.493437 0.647083 0.036875 0.0458333
0 0.92625 0.984583 0.02875 0.0308333
0 0.756562 0.221667 0.025625 0.0366667
0 0.74125 0.20375 0.02625 0.0375
0 0.415625 0.707083 0.0325 0.0391667
0 0.4075 0.191667 0.0375 0.0516667
0 0.39875 0.130833 0.0325 0.0433333
0 0.836563 0.868333 0.031875 0.0416667
0 0.66 0.764583 0.03125 0.0375
0 0.595625 0.867083 0.02875 0.0408333
0 0.380313 0.442917 0.034375 0.0491667
0 0.597812 0.418333 0.031875 0.0466667
0 0.445 0.617083 0.04375 0.0441667
0 0.655312 0.182083 0.041875 0.0608333
0 0.430937 0.353333 0.040625 0.06
0 0.922188 0.440833 0.035625 0.0533333
0 0.484688 0.292083 0.040625 0.0558333
0 0.6875 0.257917 0.0425 0.0575
0 0.219375 0.65375 0.03875 0.0558333
0 0.0384375 0.585417 0.041875 0.0558333
0 0.448438 0.38625 0.036875 0.0441667
0 0.07875 0.507917 0.03625 0.0491667
0 0.652812 0.725 0.040625 0.0466667
0 0.0871875 0.684167 0.038125 0.0516667
0 0.614688 0.474167 0.040625 0.0533333
0 0.533437 0.165417 0.033125 0.0458333
0 0.788125 0.7225 0.035 0.0466667
0 0.647812 0.86125 0.038125 0.0491667
0 0.360938 0.527083 0.039375 0.0525
0 0.931562 0.160833 0.039375 0.05
0 0.324375 0.23375 0.0375 0.0491667
0 0.985 0.352917 0.03 0.0441667
0 0.198125 0.58875 0.03625 0.0458333
