0 0.665937 0.700417 0.058125 0.0808333
0 0.407813 0.990417 0.050625 0.0191667
0 0.665937 0.99375 0.030625 0.0125
0 0.90625 0.334167 0.06625 0.0933333
0 0.75 0.98625 0.055 0.0275
0 0.87375 0.305 0.06 0.0916667
0 0.17 0.29375 0.055 0.0758333
0 0.504375 0.985 0.03875 0.03
0 0.154375 0.112083 0.0425 0.0525
0 0.499687 0.804583 0.051875 0.0625
0 0.349375 0.172083 0.05375 0.0741667
0 0.110625 0.65625 0.0375 0.0458333
0 0.509063 0.275417 0.033125 0.0475
0 0.688438 0.780833 0.038125 0.0516667
0 0.375313 0.148333 0.035625 0.05
0 0.875625 0.972917 0.04625 0.0541667
0 0.729688 0.872917 0.040625 0.0608333
0 0.34375 0.46375 0.0475 0.0725
0 0.863437 0.699583 0.046875 0.0658333
0 0.47375 0.486667 0.045 0.065
0 0.671562 0.623333 0.039375 0.0516667
0 0.52375 0.490833 0.0525 0.0733333
0 0.07375 0.76 0.06125 0.0816667
0 0.831875 0.52625 0.045 0.0625
0 0.465313 0.617083 0.061875 0.0875
0 0.92875 0.66375 0.03875 0.0541667
0 0.0740625 0.889583 0.041875 0.0575
0 0.337187 0.6275 0.048125 0.075
0 0.579687 0.36375 0.050625 0.0708333
0 0.440313 0.6975 0.040625 0.055
0 0.654063 0.290833 0.041875 0.0683333
0 0.72125 0.697917 0.04125 0.0591667
0 0.64625 0.867917 0.04625 0.0608333
0 0.736562 0.329167 0.045625 0.0616667
0 0.539375 0.02875 0.04625 0.0575
0 0.487188 0.233333 0.043125 0.085
0 0.584375 0.879583 0.04875 0.0725
0 0.702187 0.225417 0.044375 0.0658333
