0 0.729062 0.993333 0.044375 0.0133333
0 0.068125 0.00416667 0.0225 0.00833333
0 0.521875 0.997083 0.03125 0.00583333
0 0.858437 0.70875 0.020625 0.0241667
0 0.1775 0.00416667 0.03125 0.00833333
0 0.936562 0.991667 0.026875 0.0166667
0 0.9925 0.0866667 0.015 0.0416667
0 0.945 0.107083 0.02375 0.0291667
0 0.0784375 0.0345833 0.029375 0.0375
0 0.104062 0.990417 0.023125 0.0191667
0 0.993125 0.34375 0.01375 0.0425
0 0.534688 0.459583 0.023125 0.0341667
0 0.855625 0.684583 0.0225 0.0275
0 0.885938 0.604583 0.018125 0.0325
0 0.514063 0.384583 0.035625 0.0308333
0 0.893125 0.115417 0.02625 0.0491667
0 0.7775 0.584167 0.0275 0.0333333
0 0.758438 0.785417 0.026875 0.0391667
0 0.517187 0.413333 0.031875 0.0316667
0 0.948125 0.35375 0.03 0.0425
0 0.13125 0.5425 0.02625 0.0316667
0 0.9125 0.664167 0.02375 0.03
0 0.90375 0.605 0.02125 0.0316667
0 0.143125 0.30875 0.025 0.0325
0 0.199375 0.711667 0.02625 0.03
0 0.3 0.739583 0.0275 0.0375
0 0.755938 0.674583 0.025625 0.0325
0 0.191875 0.445 0.025 0.0366667
0 0.212812 0.510833 0.025625 0.03
0 0.205625 0.68625 0.025 0.0291667
0 0.564375 0.2825 0.0275 0.035
0 0.321562 0.557083 0.033125 0.0441667
0 0.817187 0.743333 0.026875 0.0366667
0 0.0684375 0.754167 0.024375 0.0283333
0 0.810625 0.242083 0.0225 0.0325
0 0.829687 0.0641667 0.025625 0.0316667
0 0.477812 0.599167 0.024375 0.0316667
0 0.331875 0.670417 0.03 0.0391667
0 0.709375 0.28375 0.03375 0.0508333
0 0.118125 0.838333 0.025 0.0316667
0 0.0353125 0.1675 0.024375 0.0333333
0 0.150625 0.601667 0.02875 0.035
0 0.655 0.740417 0.025 0.0341667
0 0.980625 0.425833 0.02625 0.0333333
0 0.343125 0.125417 0.02375 0.0308333
0 0.202812 0.180833 0.026875 0.0366667
0 0.501562 0.235 0.028125 0.045
0 0.562187 0.24625 0.028125 0.0375
0 0.784688 0.485417 0.029375 0.0375
0 0.1125 0.887917 0.02375 0.0308333
0 0.09375 0.429167 0.02875 0.04
0 0.523125 0.664583 0.0225 0.0291667
0 0.0728125 0.190417 0.026875 0.0408333
0 0.815625 0.183333 0.02625 0.035
0 0.178125 0.32125 0.03125 0.0425
0 0.781563 0.434167 0.041875 0.0533333
0 0.104062 0.27 0.028125 0.04
0 0.62625 0.0529167 0.02375 0.0308333
0 0.809062 0.136667 0.029375 0.0366667
0 0.0521875 0.420833 0.025625 0.0333333
0 0.434063 0.314583 0.023125 0.0325
0 0.755625 0.0558333 0.025 0.0333333
0 0.516563 0.445417 0.028125 0.0375
0 0.56875 0.883333 0.025 0.0366667
0 0.193438 0.405417 0.028125 0.0375
0 0.16 0.504167 0.03125 0.0383333
0 0.481562 0.427083 0.034375 0.0441667
0 0.455625 0.8825 0.025 0.0333333
0 0.186562 0.270833 0.026875 0.035
0 0.792188 0.231667 0.023125 0.0366667
0 0.665 0.29125 0.02625 0.0325
0 0.602188 0.2475 0.025625 0.035
0 0.645938 0.474167 0.030625 0.0433333
0 0.474375 0.92375 0.0275 0.0358333
0 0.727813 0.520417 0.028125 0.0375
0 0.36875 0.130833 0.0225 0.0316667
0 0.2875 0.505417 0.02875 0.0391667
0 0.570312 0.979583 0.023125 0.0325
0 0.0496875 0.60625 0.026875 0.0358333
0 0.147188 0.687917 0.026875 0.0375
0 0.281563 0.108333 0.028125 0.0416667
0 0.58625 0.833333 0.0275 0.0383333
0 0.8225 0.537917 0.025 0.0375
0 0.566875 0.442917 0.0275 0.0391667
0 0.387188 0.348333 0.031875 0.0383333
0 0.298438 0.907917 0.026875 0.0358333
0 0.346875 0.510833 0.03625 0.0416667
0 0.540937 0.583333 0.029375 0.0383333
0 0.71125 0.837083 0.025 0.0341667
0 0.704063 0.699167 0.025625 0.035
0 0.493125 0.632917 0.02875 0.0375
0 0.77625 0.972083 0.0275 0.0375
0 0.0453125 0.354167 0.034375 0.0466667
0 0.504687 0.96625 0.026875 0.0358333
0 0.466875 0.306667 0.0325 0.0533333
0 0.069375 0.791667 0.02875 0.0383333
0 0.8175 0.31875 0.0325 0.0458333
0 0.094375 0.615 0.03125 0.045
0 0.102812 0.22125 0.026875 0.0341667
0 0.758125 0.545 0.04125 0.045
0 0.399687 0.0329167 0.028125 0.0375
0 0.0740625 0.402917 0.030625 0.0441667
0 0.95 0.085 0.0325 0.05
0 0.1575 0.125833 0.02875 0.04
