0 0.810312 0.254167 0.035625 0.051667
0 0.460313 0.162917 0.043125 0.060833
0 0.64625 0.4225 0.04 0.051667
0 0.625 0.450833 0.04375 0.066667
0 0.945 0.4475 0.03875 0.048333
0 0.92875 0.49 0.035 0.045
0 0.97375 0.684583 0.02875 0.044167
0 0.901563 0.858333 0.036875 0.051667
0 0.835 0.836667 0.03375 0.045
0 0.57125 0.595833 0.03375 0.045
0 0.608125 0.638333 0.0275 0.033333
0 0.082187 0.337083 0.031875 0.044167
0 0.335313 0.464167 0.039375 0.065
0 0.222812 0.533333 0.040625 0.046667
0 0.123125 0.529167 0.0325 0.04
0 0.420938 0.6125 0.038125 0.05
0 0.042188 0.800417 0.030625 0.040833
0 0.384062 0.829583 0.028125 0.0375
0 0.473438 0.915833 0.035625 0.04
0 0.505625 0.975833 0.0375 0.046667
0 0.284062 0.755833 0.035625 0.046667
