0 0.977187 0.484583 0.040625 0.059167
0 0.96125 0.64875 0.03625 0.0575
0 0.827812 0.727083 0.033125 0.0525
0 0.838437 0.55 0.045625 0.056667
0 0.793125 0.511667 0.04375 0.063333
0 0.73375 0.68125 0.0425 0.064167
0 0.641563 0.555417 0.040625 0.059167
0 0.588125 0.744583 0.04625 0.065833
0 0.679375 0.839583 0.0375 0.049167
0 0.612812 0.887917 0.044375 0.065833
0 0.54375 0.772917 0.0475 0.0675
0 0.426875 0.700417 0.04625 0.0625
0 0.439375 0.835 0.05375 0.075
0 0.740313 0.975833 0.061875 0.048333
0 0.276875 0.859583 0.04 0.064167
0 0.165625 0.889167 0.03875 0.053333
0 0.123438 0.9175 0.036875 0.063333
0 0.082187 0.933333 0.038125 0.05
0 0.021562 0.885833 0.040625 0.055
0 0.299375 0.679167 0.04875 0.048333
0 0.301875 0.640417 0.0475 0.039167
0 0.347187 0.53625 0.060625 0.084167
0 0.1325 0.65875 0.0325 0.040833
0 0.092188 0.59625 0.041875 0.049167
0 0.841562 0.409583 0.031875 0.0525
0 0.635625 0.356667 0.0425 0.058333
0 0.010937 0.64125 0.020625 0.0525
0 0.071875 0.500833 0.04375 0.055
0 0.160625 0.463333 0.04375 0.055
0 0.075313 0.452083 0.043125 0.049167
0 0.36 0.413333 0.04125 0.058333
0 0.293125 0.4075 0.04 0.048333
0 0.229687 0.325833 0.041875 0.055
0 0.197813 0.363333 0.045625 0.066667
0 0.159688 0.3575 0.038125 0.053333
0 0.04375 0.3525 0.0525 0.078333
0 0.01125 0.394167 0.02125 0.05
0 0.232813 0.784583 0.041875 0.045833
0 0.76625 0.09 0.04375 0.06
0 0.739688 0.195417 0.034375 0.0525
0 0.70375 0.178333 0.03875 0.056667
0 0.573125 0.125417 0.04625 0.070833
0 0.512813 0.19375 0.050625 0.0725
0 0.45625 0.247917 0.04625 0.065833
0 0.404375 0.155417 0.0425 0.060833
0 0.343125 0.222917 0.0425 0.0575
0 0.364375 0.037917 0.0375 0.0525
0 0.201563 0.119167 0.040625 0.051667
0 0.775 0.97375 0.03625 0.039167
0 0.100937 0.0475 0.040625 0.055
0 0.775625 0.91125 0.0425 0.054167
