0 0.347813 0.052917 0.055625 0.069167
0 0.316563 0.021667 0.051875 0.041667
0 0.47375 0.252083 0.05375 0.065833
0 0.523125 0.22875 0.05 0.064167
0 0.508125 0.296667 0.0525 0.065
0 0.559688 0.280833 0.045625 0.063333
0 0.8925 0.167917 0.0425 0.0575
0 0.786875 0.285417 0.0475 0.060833
0 0.965938 0.367083 0.058125 0.070833
0 0.68125 0.335 0.03875 0.05
0 0.213125 0.207917 0.045 0.0525
0 0.2425 0.268333 0.04875 0.061667
0 0.348125 0.347083 0.055 0.070833
0 0.254688 0.415417 0.050625 0.070833
0 0.214375 0.431667 0.05125 0.073333
0 0.33 0.487083 0.05125 0.0725
0 0.37 0.475833 0.04375 0.061667
0 0.072188 0.175833 0.036875 0.055
0 0.13125 0.744167 0.045 0.071667
0 0.170937 0.750833 0.044375 0.075
0 0.216875 0.72875 0.0525 0.070833
0 0.264375 0.790417 0.04125 0.0675
0 0.298438 0.829583 0.038125 0.044167
0 0.291875 0.79125 0.04125 0.059167
0 0.329375 0.77375 0.0475 0.065833
0 0.382812 0.87125 0.045625 0.0675
0 0.364063 0.95875 0.048125 0.074167
0 0.413125 0.95125 0.05375 0.079167
0 0.464062 0.930417 0.049375 0.070833
0 0.498125 0.913333 0.0425 0.055
0 0.472187 0.876667 0.048125 0.053333
0 0.4575 0.695833 0.04625 0.065
0 0.694375 0.59875 0.05 0.074167
0 0.74625 0.559167 0.05125 0.073333
0 0.798438 0.774583 0.055625 0.0725
0 0.877188 0.810833 0.044375 0.053333
0 0.97625 0.62625 0.0475 0.065833
0 0.981563 0.562083 0.036875 0.059167
