0 0.913438 0.0275 0.039375 0.053333
0 0.702187 0.357917 0.035625 0.0475
0 0.918125 0.367083 0.03625 0.0525
0 0.92 0.12 0.02875 0.051667
0 0.78625 0.474583 0.03375 0.054167
0 0.910937 0.462917 0.034375 0.0475
0 0.906563 0.575833 0.026875 0.038333
0 0.629062 0.6 0.034375 0.043333
0 0.578438 0.642917 0.031875 0.0375
0 0.744375 0.67125 0.04 0.045833
0 0.670625 0.714583 0.03625 0.040833
0 0.983437 0.899167 0.033125 0.061667
0 0.8975 0.88375 0.0325 0.0425
0 0.793438 0.96125 0.033125 0.0475
0 0.690625 0.94875 0.035 0.054167
0 0.666562 0.864167 0.048125 0.058333
0 0.48875 0.052917 0.0275 0.035833
0 0.42625 0.165833 0.03625 0.048333
0 0.417812 0.337917 0.034375 0.040833
0 0.533438 0.522917 0.038125 0.0475
0 0.454062 0.665833 0.034375 0.04
0 0.392188 0.73625 0.041875 0.045833
0 0.337187 0.699167 0.038125 0.043333
0 0.156562 0.780417 0.041875 0.045833
0 0.264375 0.728333 0.0375 0.04
0 0.258437 0.69 0.035625 0.041667
0 0.17 0.583333 0.04375 0.058333
0 0.203125 0.54875 0.0325 0.039167
0 0.214688 0.511667 0.034375 0.038333
0 0.289375 0.446667 0.04 0.058333
0 0.171875 0.402083 0.035 0.044167
0 0.017188 0.34625 0.033125 0.0625
0 0.4 0.045833 0.0425 0.06
0 0.186562 0.065 0.041875 0.053333
0 0.273125 0.567083 0.04 0.045833
0 0.479375 0.93 0.03625 0.046667
