0 0.216875 0.067083 0.05125 0.059167
0 0.150312 0.085833 0.044375 0.061667
0 0.055313 0.29875 0.033125 0.0425
0 0.171563 0.264167 0.033125 0.038333
0 0.079062 0.354167 0.038125 0.05
0 0.1375 0.48875 0.04 0.059167
0 0.078125 0.655 0.0425 0.058333
0 0.04125 0.672083 0.0375 0.0525
0 0.26875 0.9875 0.04 0.025
0 0.533438 0.91625 0.043125 0.054167
0 0.220312 0.5425 0.041875 0.045
0 0.34125 0.31875 0.05 0.059167
0 0.390625 0.335 0.04125 0.055
0 0.569688 0.0925 0.036875 0.051667
0 0.600938 0.024167 0.038125 0.046667
0 0.740313 0.067917 0.038125 0.0425
0 0.638437 0.273333 0.038125 0.055
0 0.8025 0.314583 0.03875 0.0575
0 0.969688 0.374167 0.060625 0.075
0 0.727187 0.416667 0.036875 0.048333
0 0.746875 0.475 0.03375 0.046667
0 0.568125 0.415833 0.03375 0.04
0 0.478125 0.564167 0.0375 0.05
0 0.602812 0.564583 0.041875 0.0525
0 0.596875 0.6875 0.0325 0.051667
0 0.594375 0.752083 0.04375 0.059167
0 0.565937 0.8275 0.040625 0.056667
0 0.701562 0.761667 0.044375 0.06
0 0.780625 0.748333 0.04 0.048333
0 0.8125 0.9425 0.045 0.056667
0 0.255 0.618333 0.035 0.048333
0 0.293438 0.794583 0.029375 0.050833
0 0.6675 0.52 0.0325 0.043333
0 0.953438 0.112083 0.035625 0.039167
0 0.174687 0.78125 0.043125 0.050833
0 0.65125 0.852917 0.035 0.0475
0 0.853125 0.7675 0.04 0.045
