0 0.112187 0.132083 0.044375 0.054167
0 0.080937 0.392083 0.046875 0.060833
0 0.359687 0.161667 0.038125 0.051667
0 0.483438 0.049167 0.044375 0.056667
0 0.5575 0.276667 0.04 0.066667
0 0.273438 0.58125 0.050625 0.0725
0 0.237187 0.6 0.040625 0.058333
0 0.375937 0.569167 0.048125 0.068333
0 0.28625 0.834167 0.0375 0.046667
0 0.34875 0.84 0.03875 0.05
0 0.372812 0.87625 0.040625 0.045833
0 0.489687 0.7075 0.055625 0.073333
0 0.435 0.949583 0.0525 0.055833
0 0.62125 0.941667 0.045 0.053333
0 0.838125 0.92875 0.04875 0.0625
0 0.739062 0.6425 0.039375 0.055
0 0.789062 0.582083 0.043125 0.060833
0 0.66375 0.537917 0.04 0.0475
0 0.86875 0.48625 0.04625 0.059167
0 0.235937 0.46625 0.040625 0.055833
0 0.70875 0.262917 0.045 0.0525
0 0.829063 0.247917 0.041875 0.060833
0 0.986563 0.70625 0.026875 0.0475
0 0.554688 0.138333 0.044375 0.051667
