0 0.87375 0.317917 0.03125 0.039167
0 0.77625 0.681667 0.04 0.058333
0 0.659062 0.52625 0.030625 0.040833
0 0.539062 0.574167 0.050625 0.056667
0 0.529375 0.472917 0.0375 0.050833
0 0.528438 0.310833 0.038125 0.061667
0 0.4875 0.1625 0.03125 0.043333
0 0.470938 0.194583 0.036875 0.054167
0 0.013125 0.050417 0.025 0.044167
0 0.051562 0.402083 0.040625 0.059167
0 0.160625 0.33 0.04125 0.061667
0 0.258125 0.540833 0.03875 0.053333
0 0.2725 0.605833 0.03875 0.061667
0 0.328437 0.74375 0.038125 0.0625
0 0.376563 0.795833 0.041875 0.066667
0 0.075938 0.76875 0.045625 0.064167
