0 0.161562 0.868333 0.045625 0.071667
0 0.900312 0.87625 0.038125 0.0625
0 0.466562 0.114167 0.049375 0.08
0 0.221875 0.172917 0.055 0.080833
0 0.739688 0.154583 0.044375 0.0675
0 0.402187 0.291667 0.065625 0.105
0 0.878437 0.274583 0.053125 0.074167
0 0.266562 0.425417 0.060625 0.065833
0 0.103125 0.492083 0.0475 0.069167
0 0.182188 0.934583 0.049375 0.0625
0 0.655625 0.494167 0.04875 0.071667
0 0.324688 0.179583 0.058125 0.069167
0 0.8475 0.600417 0.04625 0.0675
0 0.757812 0.262083 0.043125 0.060833
0 0.938125 0.49125 0.0475 0.065833
0 0.560312 0.5275 0.054375 0.08
0 0.164687 0.727917 0.045625 0.059167
0 0.83875 0.303333 0.0425 0.056667
0 0.0275 0.369167 0.04375 0.061667
0 0.284687 0.373333 0.061875 0.075
0 0.331562 0.548333 0.049375 0.063333
0 0.905312 0.1275 0.045625 0.063333
0 0.534375 0.14375 0.04375 0.0575
0 0.76625 0.313333 0.04625 0.055
0 0.606563 0.293333 0.059375 0.08
