0 0.972812 0.189583 0.026875 0.035833
0 0.849063 0.01125 0.026875 0.020833
0 0.893437 0.23375 0.031875 0.044167
0 0.923438 0.27625 0.026875 0.035833
0 0.986563 0.330833 0.025625 0.041667
0 0.951562 0.357917 0.024375 0.030833
0 0.695937 0.0325 0.033125 0.046667
0 0.724063 0.01 0.023125 0.018333
0 0.620625 0.020833 0.025 0.028333
0 0.604062 0.040833 0.028125 0.031667
0 0.53375 0.0325 0.03 0.04
0 0.591875 0.12375 0.02375 0.030833
0 0.739688 0.111667 0.024375 0.036667
0 0.801562 0.155417 0.019375 0.034167
0 0.815937 0.185833 0.026875 0.031667
0 0.791562 0.217083 0.034375 0.044167
0 0.737187 0.233333 0.021875 0.033333
0 0.805 0.25375 0.025 0.0325
0 0.790312 0.30625 0.021875 0.035833
0 0.807187 0.319583 0.023125 0.034167
0 0.805937 0.39625 0.026875 0.0375
0 0.877188 0.40875 0.026875 0.040833
0 0.939688 0.429167 0.026875 0.035
0 0.970313 0.522917 0.025625 0.0375
0 0.868437 0.47 0.025625 0.035
0 0.8375 0.487083 0.0325 0.044167
0 0.992188 0.54625 0.015625 0.0275
0 0.644375 0.425833 0.025 0.035
0 0.70375 0.57875 0.025 0.0325
0 0.714375 0.625 0.02375 0.03
0 0.720625 0.690417 0.02625 0.030833
0 0.780937 0.643333 0.028125 0.036667
0 0.819375 0.615 0.02625 0.031667
0 0.7875 0.570417 0.02375 0.029167
0 0.895312 0.585 0.030625 0.045
0 0.953438 0.656667 0.030625 0.041667
0 0.873125 0.673333 0.0275 0.036667
0 0.82875 0.769167 0.0275 0.031667
0 0.750313 0.870417 0.024375 0.034167
0 0.909375 0.987917 0.025 0.024167
0 0.898125 0.915417 0.03125 0.039167
0 0.9625 0.884167 0.03 0.045
0 0.885312 0.884583 0.026875 0.0375
0 0.7475 0.944167 0.0275 0.041667
0 0.543125 0.976667 0.0225 0.033333
0 0.564063 0.927917 0.028125 0.0325
0 0.591562 0.907083 0.028125 0.035833
0 0.59125 0.870417 0.02625 0.030833
0 0.410313 0.765 0.021875 0.023333
0 0.390625 0.61625 0.01875 0.0275
0 0.441563 0.605833 0.029375 0.035
0 0.516875 0.669583 0.02875 0.035833
0 0.57 0.64375 0.03 0.0375
0 0.557187 0.518333 0.026875 0.03
0 0.51625 0.53875 0.03 0.0375
0 0.465313 0.556667 0.025625 0.035
0 0.429063 0.54 0.024375 0.031667
0 0.416875 0.512917 0.02375 0.0325
0 0.46125 0.47875 0.03125 0.0325
0 0.475313 0.448333 0.024375 0.03
0 0.449688 0.429583 0.014375 0.020833
0 0.6175 0.382083 0.0175 0.0275
0 0.561562 0.340417 0.025625 0.034167
0 0.536563 0.359167 0.030625 0.043333
0 0.384688 0.736667 0.020625 0.033333
0 0.380937 0.689167 0.030625 0.038333
0 0.305625 0.808333 0.0275 0.038333
0 0.265937 0.8225 0.030625 0.033333
0 0.43875 0.895 0.01625 0.031667
0 0.21375 0.87125 0.025 0.034167
0 0.215938 0.706667 0.023125 0.028333
0 0.306563 0.708333 0.025625 0.033333
0 0.18375 0.588333 0.03 0.04
0 0.329375 0.632083 0.03125 0.035833
0 0.309063 0.609583 0.020625 0.029167
0 0.346875 0.597083 0.02625 0.0375
0 0.326562 0.495 0.025625 0.031667
0 0.214062 0.444167 0.031875 0.041667
0 0.1725 0.4075 0.02625 0.036667
0 0.200937 0.2825 0.029375 0.038333
0 0.360938 0.3025 0.033125 0.04
0 0.342813 0.436667 0.020625 0.031667
0 0.365625 0.437083 0.02125 0.029167
0 0.4825 0.276667 0.04625 0.035
0 0.436875 0.36375 0.02375 0.034167
0 0.405625 0.26875 0.02875 0.039167
0 0.43375 0.193333 0.02375 0.035
0 0.389375 0.170417 0.02875 0.039167
0 0.361875 0.180417 0.0225 0.0325
0 0.3275 0.15375 0.02625 0.030833
0 0.29375 0.14125 0.025 0.0325
0 0.44875 0.114167 0.02875 0.04
0 0.405938 0.08375 0.020625 0.0325
0 0.427187 0.039583 0.025625 0.034167
0 0.2475 0.016667 0.02625 0.028333
0 0.25875 0.056667 0.0275 0.031667
0 0.234687 0.08125 0.031875 0.040833
0 0.075313 0.2225 0.023125 0.036667
0 0.057813 0.251667 0.021875 0.038333
0 0.071563 0.260833 0.021875 0.033333
0 0.054375 0.302083 0.02875 0.0375
0 0.075313 0.295417 0.021875 0.035833
0 0.045937 0.395833 0.025625 0.033333
0 0.16625 0.519167 0.02375 0.03
0 0.156562 0.550833 0.025625 0.028333
0 0.010313 0.598333 0.019375 0.035
0 0.08875 0.60875 0.02375 0.030833
0 0.040625 0.707083 0.025 0.034167
0 0.119688 0.76 0.026875 0.035
0 0.09375 0.806667 0.02875 0.038333
0 0.145937 0.890417 0.028125 0.034167
0 0.054062 0.92125 0.023125 0.0275
