0 0.92625 0.858333 0.04625 0.055
0 0.938438 0.736667 0.046875 0.065
0 0.824688 0.539167 0.041875 0.046667
0 0.866563 0.447083 0.043125 0.050833
0 0.967187 0.415833 0.034375 0.043333
0 0.67125 0.517917 0.0425 0.0575
0 0.620625 0.225833 0.0475 0.063333
0 0.604375 0.0375 0.04625 0.06
0 0.829375 0.862083 0.03625 0.050833
0 0.810937 0.8325 0.031875 0.045
0 0.554063 0.922083 0.044375 0.050833
0 0.52 0.9375 0.035 0.05
0 0.539375 0.78125 0.0475 0.0525
0 0.416563 0.495 0.041875 0.05
0 0.391562 0.36 0.046875 0.071667
0 0.343125 0.324167 0.04875 0.065
0 0.349687 0.068333 0.039375 0.055
0 0.325 0.18 0.0425 0.056667
0 0.271562 0.067083 0.044375 0.060833
0 0.204375 0.244167 0.03875 0.06
0 0.057188 0.225417 0.041875 0.0525
0 0.344062 0.635 0.040625 0.053333
0 0.266562 0.944583 0.043125 0.055833
0 0.194375 0.93625 0.04 0.0475
0 0.032188 0.73 0.036875 0.055
0 0.014687 0.463333 0.028125 0.071667
0 0.209375 0.8075 0.05125 0.063333
