0 0.64625 0.879583 0.03375 0.0475
0 0.721562 0.778333 0.025625 0.033333
0 0.701562 0.96125 0.025625 0.0425
0 0.666875 0.983333 0.04125 0.033333
0 0.978437 0.803333 0.030625 0.046667
0 0.335938 0.97125 0.044375 0.050833
0 0.179688 0.91875 0.038125 0.044167
0 0.328125 0.77375 0.03875 0.045833
0 0.205313 0.579167 0.039375 0.041667
0 0.2625 0.560417 0.03 0.039167
0 0.9375 0.45 0.03375 0.043333
0 0.924063 0.402083 0.031875 0.045833
0 0.87625 0.347083 0.02625 0.039167
0 0.901875 0.32625 0.0325 0.049167
0 0.733437 0.483333 0.040625 0.053333
0 0.727812 0.404583 0.033125 0.0425
0 0.589063 0.68375 0.029375 0.0425
0 0.838125 0.09875 0.03625 0.0575
0 0.664375 0.15375 0.04 0.049167
0 0.549687 0.382917 0.031875 0.045833
0 0.009062 0.433333 0.016875 0.051667
0 0.058125 0.474167 0.0425 0.053333
0 0.289375 0.4125 0.0225 0.035
0 0.1525 0.20625 0.0325 0.0525
0 0.05125 0.252083 0.0325 0.035833
0 0.063437 0.32375 0.028125 0.0375
