0 0.169687 0.259167 0.049375 0.066667
0 0.027813 0.24875 0.043125 0.0625
0 0.305312 0.183333 0.053125 0.073333
0 0.18375 0.025833 0.05375 0.05
0 0.45625 0.538333 0.05125 0.073333
0 0.3425 0.579167 0.05375 0.06
0 0.35 0.529583 0.045 0.055833
0 0.39125 0.7225 0.05 0.061667
0 0.073438 0.769583 0.040625 0.064167
0 0.585313 0.69875 0.049375 0.070833
0 0.7075 0.492083 0.0475 0.074167
0 0.73875 0.3325 0.04625 0.061667
0 0.8025 0.575417 0.0375 0.0575
0 0.644687 0.720417 0.043125 0.0575
0 0.211875 0.646667 0.03375 0.075
0 0.244062 0.645833 0.035625 0.073333
