0 0.005313 0.19125 0.009375 0.0525
0 0.606875 0.951667 0.05125 0.066667
0 0.09875 0.252917 0.04 0.049167
0 0.136563 0.230417 0.050625 0.079167
0 0.243438 0.72 0.045625 0.083333
0 0.867812 0.884583 0.035625 0.050833
0 0.395313 0.3025 0.044375 0.071667
0 0.479375 0.024167 0.05 0.046667
0 0.086563 0.300833 0.045625 0.06
0 0.987187 0.2975 0.025625 0.066667
0 0.987187 0.770417 0.025625 0.0625
0 0.584063 0.295833 0.055625 0.08
0 0.050625 0.899167 0.05375 0.075
0 0.524375 0.934167 0.0675 0.096667
0 0.667188 0.51125 0.049375 0.070833
