0 0.2 0.07125 0.02125 0.034167
0 0.2225 0.085417 0.03375 0.0425
0 0.18125 0.155417 0.03 0.0475
0 0.028125 0.097083 0.025 0.0325
0 0.168437 0.21375 0.026875 0.035833
0 0.145625 0.306667 0.0275 0.036667
0 0.247188 0.256667 0.044375 0.058333
0 0.278125 0.209583 0.03875 0.0525
0 0.258125 0.42625 0.035 0.0425
0 0.055 0.434583 0.02875 0.0325
0 0.08875 0.435 0.02875 0.036667
0 0.149062 0.497917 0.021875 0.029167
0 0.185312 0.47125 0.030625 0.040833
0 0.2 0.502083 0.02875 0.040833
0 0.14625 0.52875 0.02875 0.035833
0 0.033438 0.55125 0.025625 0.035833
0 0.090938 0.585833 0.024375 0.031667
0 0.014375 0.648333 0.0275 0.04
0 0.026562 0.699167 0.025625 0.036667
0 0.125625 0.707083 0.02625 0.0325
0 0.244062 0.773333 0.026875 0.035
0 0.238125 0.91375 0.0275 0.0375
0 0.282187 0.853333 0.025625 0.033333
0 0.17375 0.9725 0.02875 0.038333
0 0.155938 0.985417 0.028125 0.029167
0 0.3625 0.989167 0.02625 0.021667
0 0.403438 0.908333 0.039375 0.045
0 0.41125 0.84125 0.0225 0.034167
0 0.376563 0.809167 0.024375 0.036667
0 0.335625 0.7425 0.02125 0.028333
0 0.399687 0.7775 0.028125 0.038333
0 0.424063 0.712917 0.026875 0.035833
0 0.448437 0.737083 0.029375 0.0525
0 0.362187 0.557083 0.029375 0.040833
0 0.40625 0.467083 0.02375 0.035833
0 0.454375 0.439583 0.0175 0.0225
0 0.480938 0.389167 0.029375 0.048333
0 0.529687 0.325417 0.029375 0.0425
0 0.554063 0.990833 0.024375 0.018333
0 0.494688 0.86 0.023125 0.031667
0 0.496563 0.772917 0.020625 0.0325
0 0.52 0.765417 0.0275 0.034167
0 0.484687 0.58875 0.024375 0.030833
0 0.517813 0.59125 0.024375 0.034167
0 0.510312 0.502917 0.024375 0.030833
0 0.489687 0.15375 0.024375 0.035833
0 0.5175 0.207917 0.025 0.034167
0 0.599063 0.347917 0.029375 0.039167
0 0.616563 0.015 0.030625 0.028333
0 0.679375 0.037917 0.02625 0.0375
0 0.63375 0.132917 0.025 0.035833
0 0.6475 0.170417 0.02625 0.0325
0 0.65125 0.249167 0.0275 0.035
0 0.570312 0.44 0.034375 0.043333
0 0.57875 0.57 0.03375 0.048333
0 0.592812 0.689583 0.021875 0.034167
0 0.62125 0.87 0.02375 0.04
0 0.67 0.975833 0.025 0.035
0 0.707812 0.978333 0.025625 0.036667
0 0.68 0.8975 0.035 0.045
0 0.7225 0.785417 0.025 0.034167
0 0.627188 0.700833 0.020625 0.035
0 0.634062 0.6375 0.024375 0.031667
0 0.666562 0.655 0.025625 0.033333
0 0.705625 0.714167 0.02375 0.035
0 0.942813 0.868333 0.025625 0.036667
0 0.97375 0.750417 0.02125 0.030833
0 0.905 0.7375 0.02875 0.046667
0 0.775625 0.709583 0.0225 0.039167
0 0.724063 0.647917 0.024375 0.030833
0 0.687187 0.612083 0.028125 0.034167
0 0.749687 0.4425 0.029375 0.041667
0 0.724375 0.36375 0.025 0.035833
0 0.69625 0.340417 0.0275 0.039167
0 0.7175 0.24125 0.03125 0.0425
0 0.704063 0.207917 0.024375 0.0325
0 0.756875 0.204167 0.02875 0.036667
0 0.776563 0.306667 0.028125 0.038333
0 0.76625 0.016667 0.02625 0.031667
0 0.77875 0.045417 0.03 0.039167
0 0.853125 0.00875 0.03 0.015833
0 0.853437 0.070833 0.028125 0.036667
0 0.875313 0.104167 0.023125 0.033333
0 0.892813 0.120833 0.024375 0.033333
0 0.949688 0.094167 0.029375 0.041667
0 0.84375 0.17875 0.0275 0.035833
0 0.817813 0.207917 0.028125 0.030833
0 0.964375 0.170417 0.02875 0.035833
0 0.991875 0.167917 0.01625 0.029167
0 0.987812 0.273333 0.024375 0.033333
0 0.99 0.430417 0.02 0.0425
0 0.944375 0.384583 0.03125 0.0475
0 0.892813 0.43625 0.030625 0.0375
0 0.812813 0.537083 0.031875 0.040833
0 0.859688 0.547083 0.025625 0.035833
0 0.864375 0.585 0.03 0.04
0 0.927813 0.5825 0.023125 0.035
0 0.935937 0.630833 0.031875 0.038333
0 0.97375 0.66 0.02375 0.033333
0 0.845313 0.94875 0.029375 0.040833
