0 0.11875 0.945417 0.04875 0.049167
0 0.110937 0.983333 0.058125 0.033333
0 0.184062 0.673333 0.055625 0.078333
0 0.2025 0.616667 0.0525 0.065
0 0.301563 0.897917 0.045625 0.0625
0 0.548438 0.7675 0.048125 0.066667
0 0.377812 0.660417 0.036875 0.060833
0 0.676562 0.949583 0.051875 0.0625
0 0.690312 0.732917 0.046875 0.0675
0 0.464687 0.40375 0.051875 0.065833
0 0.65125 0.39125 0.0525 0.065833
0 0.512188 0.54875 0.046875 0.054167
0 0.705625 0.17 0.0525 0.07
0 0.71 0.110417 0.0425 0.064167
0 0.876875 0.863333 0.0475 0.056667
0 0.876563 0.114583 0.039375 0.0525
0 0.74125 0.575833 0.035 0.048333
