0 0.242812 0.509583 0.038125 0.054167
0 0.005625 0.035 0.01 0.046667
0 0.057188 0.688333 0.043125 0.045
0 0.00875 0.272917 0.01625 0.054167
0 0.92 0.566667 0.045 0.061667
0 0.398438 0.64 0.039375 0.065
0 0.253437 0.56875 0.030625 0.035833
0 0.797188 0.697083 0.023125 0.034167
0 0.954063 0.0125 0.033125 0.023333
0 0.048125 0.712083 0.03125 0.035833
0 0.473438 0.95125 0.031875 0.0425
0 0.145625 0.197917 0.03375 0.050833
0 0.955 0.97125 0.03125 0.0475
0 0.605625 0.33 0.02875 0.033333
0 0.488438 0.970833 0.030625 0.035
0 0.504375 0.522083 0.03625 0.0575
0 0.60375 0.470833 0.0375 0.043333
0 0.788438 0.727917 0.029375 0.0375
0 0.7125 0.570833 0.03375 0.048333
0 0.23375 0.296667 0.03625 0.043333
0 0.390313 0.437917 0.033125 0.040833
0 0.24 0.5925 0.0275 0.033333
0 0.319375 0.667917 0.025 0.0375
0 0.591562 0.693333 0.030625 0.036667
0 0.77375 0.7025 0.0275 0.04
0 0.844063 0.26125 0.043125 0.069167
0 0.525625 0.652917 0.035 0.054167
0 0.565312 0.060417 0.043125 0.060833
0 0.403125 0.857917 0.0375 0.049167
0 0.439375 0.504583 0.0325 0.040833
0 0.612187 0.359167 0.031875 0.033333
0 0.702812 0.916667 0.035625 0.046667
0 0.690625 0.0325 0.025 0.04
0 0.478125 0.477083 0.035 0.0425
0 0.163438 0.55 0.033125 0.045
0 0.725938 0.216667 0.030625 0.043333
0 0.114375 0.703333 0.0325 0.046667
0 0.226562 0.192917 0.031875 0.0425
0 0.972812 0.127917 0.033125 0.0425
0 0.658125 0.22 0.0325 0.043333
0 0.950937 0.07 0.035625 0.05
0 0.45125 0.1975 0.03875 0.056667
0 0.66375 0.038333 0.03 0.045
0 0.430625 0.3675 0.03625 0.048333
0 0.324062 0.934167 0.034375 0.046667
0 0.503437 0.16 0.033125 0.045
0 0.098125 0.852083 0.0375 0.049167
0 0.646875 0.514167 0.035 0.048333
0 0.87875 0.838333 0.03 0.041667
0 0.299687 0.679167 0.029375 0.04
0 0.353125 0.491667 0.035 0.045
0 0.695625 0.824583 0.0375 0.0475
0 0.6625 0.154167 0.0325 0.055
0 0.304688 0.480417 0.035625 0.049167
0 0.983437 0.509167 0.033125 0.051667
