0 0.269688 0.132083 0.043125 0.0625
0 0.098437 0.0225 0.033125 0.043333
0 0.150938 0.3025 0.031875 0.046667
0 0.132188 0.548333 0.033125 0.048333
0 0.173437 0.57375 0.034375 0.0375
0 0.166563 0.730833 0.048125 0.058333
0 0.314688 0.5175 0.029375 0.041667
0 0.081562 0.9675 0.033125 0.045
0 0.115625 0.927083 0.035 0.049167
0 0.209063 0.892917 0.030625 0.039167
0 0.227187 0.912083 0.034375 0.044167
0 0.344062 0.884167 0.036875 0.05
0 0.416563 0.409583 0.040625 0.059167
0 0.445312 0.387083 0.030625 0.0475
0 0.585625 0.552083 0.03375 0.0425
0 0.446562 0.020833 0.045625 0.04
0 0.584688 0.101667 0.050625 0.078333
0 0.570625 0.238333 0.04625 0.06
0 0.545 0.190417 0.0325 0.0475
0 0.580937 0.875 0.024375 0.036667
0 0.605938 0.940833 0.029375 0.04
0 0.701875 0.919583 0.035 0.0575
0 0.797813 0.925 0.038125 0.061667
0 0.840938 0.97125 0.046875 0.0575
0 0.987187 0.745 0.025625 0.051667
0 0.664687 0.16125 0.030625 0.045833
0 0.659687 0.452917 0.033125 0.040833
0 0.745938 0.14875 0.035625 0.0575
0 0.820937 0.525417 0.031875 0.0475
0 0.89 0.465833 0.0325 0.046667
0 0.990313 0.280417 0.019375 0.0575
