0 0.91875 0.668333 0.03625 0.053333
0 0.983125 0.607083 0.03125 0.050833
0 0.815312 0.509167 0.040625 0.053333
0 0.722187 0.595 0.033125 0.041667
0 0.713125 0.647917 0.02625 0.030833
0 0.61875 0.945 0.035 0.046667
0 0.53 0.776667 0.03 0.041667
0 0.37125 0.81125 0.02875 0.039167
0 0.384375 0.6325 0.03 0.033333
0 0.67 0.179583 0.045 0.0625
0 0.512813 0.135417 0.036875 0.0475
0 0.487187 0.22875 0.041875 0.049167
0 0.599688 0.299583 0.036875 0.040833
0 0.4325 0.410417 0.04125 0.049167
0 0.272188 0.793333 0.033125 0.031667
0 0.265313 0.633333 0.029375 0.05
0 0.01 0.775833 0.01875 0.055
0 0.061875 0.443333 0.0375 0.051667
0 0.15375 0.337083 0.04375 0.070833
0 0.047813 0.331667 0.043125 0.06
0 0.1775 0.149583 0.0375 0.064167
0 0.045625 0.06625 0.045 0.054167
0 0.11 0.0475 0.04625 0.055
0 0.034688 0.010833 0.038125 0.02
0 0.239063 0.024583 0.035625 0.044167
0 0.096562 0.172083 0.031875 0.040833
0 0.517813 0.91875 0.043125 0.0675
