0 0.65625 0.48 0.045 0.08
0 0.08125 0.035 0.04125 0.058333
0 0.6775 0.70875 0.05125 0.079167
0 0.504062 0.563333 0.046875 0.071667
0 0.326562 0.128333 0.044375 0.063333
0 0.439063 0.8675 0.050625 0.066667
0 0.58125 0.886667 0.04375 0.058333
0 0.021875 0.32125 0.04 0.054167
0 0.060937 0.81125 0.051875 0.074167
0 0.132812 0.47875 0.038125 0.0525
0 0.247812 0.055 0.040625 0.053333
0 0.613437 0.495417 0.043125 0.0575
0 0.080312 0.29375 0.046875 0.059167
0 0.855313 0.24125 0.040625 0.0625
0 0.982812 0.85125 0.034375 0.055833
0 0.036562 0.677083 0.041875 0.0625
0 0.724688 0.701667 0.043125 0.06
0 0.68875 0.04 0.04 0.056667
0 0.84375 0.517917 0.04 0.064167
0 0.4325 0.231667 0.055 0.075
