0 0.945312 0.8675 0.035625 0.048333
0 0.760625 0.894583 0.03875 0.0525
0 0.635 0.909583 0.04 0.054167
0 0.84125 0.704583 0.04 0.060833
0 0.744062 0.665417 0.039375 0.049167
0 0.67 0.695 0.0375 0.045
0 0.617812 0.703333 0.043125 0.063333
0 0.66375 0.75 0.04 0.041667
0 0.944375 0.48 0.0375 0.048333
0 0.7725 0.585833 0.0475 0.068333
0 0.719688 0.544583 0.039375 0.054167
0 0.675625 0.625 0.03625 0.053333
0 0.6225 0.602083 0.0375 0.049167
0 0.80875 0.370417 0.04 0.044167
0 0.670625 0.43625 0.04 0.050833
0 0.62375 0.375417 0.0375 0.050833
0 0.622188 0.32625 0.034375 0.049167
0 0.757812 0.244167 0.039375 0.06
0 0.851875 0.236667 0.04125 0.066667
0 0.905625 0.132917 0.03875 0.059167
0 0.789687 0.130833 0.035625 0.05
0 0.724063 0.075833 0.038125 0.055
0 0.59375 0.175417 0.0375 0.0475
0 0.481875 0.089583 0.0375 0.0525
0 0.511875 0.23 0.04375 0.061667
0 0.500938 0.3125 0.041875 0.055
0 0.388437 0.08125 0.034375 0.0475
0 0.53875 0.586667 0.04125 0.048333
0 0.425312 0.57125 0.041875 0.0525
0 0.43375 0.626667 0.0425 0.05
0 0.47875 0.740417 0.05125 0.075833
0 0.540937 0.8025 0.058125 0.08
0 0.422187 0.80625 0.059375 0.0825
0 0.09625 0.885417 0.0375 0.049167
0 0.24125 0.832083 0.0375 0.0575
0 0.228437 0.770833 0.035625 0.04
0 0.181562 0.605417 0.035625 0.050833
0 0.0225 0.619167 0.04 0.045
0 0.025937 0.575 0.034375 0.04
0 0.013125 0.489167 0.025 0.05
0 0.037812 0.509167 0.038125 0.05
0 0.095 0.474167 0.03375 0.043333
0 0.05375 0.436667 0.04375 0.061667
0 0.131875 0.461667 0.04125 0.05
0 0.1925 0.40625 0.04375 0.065833
0 0.243438 0.391667 0.046875 0.06
0 0.125625 0.321667 0.04375 0.058333
0 0.147187 0.257917 0.040625 0.055833
0 0.30875 0.255417 0.04 0.0575
0 0.335 0.2725 0.03375 0.046667
0 0.334062 0.190833 0.039375 0.056667
0 0.250312 0.162083 0.043125 0.050833
0 0.2225 0.1925 0.04125 0.046667
0 0.210938 0.136667 0.034375 0.045
0 0.04375 0.092083 0.04125 0.055833
0 0.466875 0.9225 0.0375 0.046667
0 0.660625 0.988333 0.0375 0.023333
0 0.76625 0.9875 0.035 0.025
0 0.389688 0.987917 0.043125 0.024167
0 0.166563 0.701667 0.043125 0.056667
0 0.342187 0.51625 0.043125 0.054167
