0 0.92625 0.07375 0.0375 0.0525
0 0.809688 0.070417 0.039375 0.059167
0 0.696562 0.06 0.034375 0.056667
0 0.605625 0.08875 0.03625 0.055833
0 0.666562 0.244167 0.038125 0.055
0 0.742812 0.282917 0.036875 0.055833
0 0.90625 0.1575 0.05125 0.053333
0 0.897188 0.235417 0.055625 0.0575
0 0.915625 0.577917 0.0375 0.0625
0 0.86375 0.62625 0.03625 0.069167
0 0.652813 0.54625 0.029375 0.0525
0 0.613125 0.55125 0.04625 0.065833
0 0.5 0.6075 0.0475 0.066667
0 0.630625 0.7425 0.03625 0.066667
0 0.548438 0.699167 0.038125 0.058333
0 0.483125 0.88 0.055 0.081667
0 0.437188 0.946667 0.033125 0.065
0 0.33125 0.79625 0.03625 0.059167
0 0.22625 0.8875 0.03875 0.066667
0 0.18875 0.67 0.03875 0.061667
0 0.088125 0.57375 0.03 0.050833
0 0.502812 0.2775 0.036875 0.053333
0 0.3975 0.267083 0.0375 0.054167
0 0.353125 0.086667 0.04625 0.07
0 0.230937 0.315417 0.036875 0.0575
0 0.141875 0.289583 0.035 0.054167
0 0.104688 0.34 0.030625 0.053333
0 0.028125 0.30875 0.0475 0.055833
