0 0.765938 0.022917 0.035625 0.039167
0 0.818438 0.247083 0.031875 0.040833
0 0.04625 0.096667 0.04125 0.046667
0 0.138125 0.135833 0.03375 0.04
0 0.032188 0.269583 0.039375 0.049167
0 0.10375 0.44875 0.03375 0.0425
0 0.239375 0.51125 0.0325 0.0475
0 0.378437 0.395833 0.038125 0.043333
0 0.4025 0.431667 0.03875 0.048333
0 0.527813 0.156667 0.044375 0.058333
0 0.590625 0.215417 0.0375 0.045833
0 0.09125 0.969583 0.03 0.035833
0 0.100312 0.687083 0.035625 0.0425
0 0.122813 0.769583 0.038125 0.0525
0 0.170937 0.727083 0.035625 0.0425
0 0.16875 0.798333 0.02875 0.038333
0 0.223125 0.894583 0.03375 0.0425
0 0.453437 0.8875 0.038125 0.048333
0 0.56 0.9475 0.04125 0.06
0 0.385 0.707917 0.03125 0.040833
0 0.433125 0.731667 0.03125 0.038333
0 0.305312 0.65 0.031875 0.046667
0 0.466875 0.680833 0.03125 0.045
0 0.535625 0.665833 0.0375 0.046667
0 0.56625 0.257083 0.03875 0.039167
0 0.549375 0.338333 0.035 0.043333
0 0.615313 0.43875 0.043125 0.054167
0 0.64125 0.500417 0.03375 0.0525
0 0.672813 0.514583 0.036875 0.054167
0 0.798125 0.862083 0.03375 0.040833
0 0.855625 0.870417 0.0375 0.040833
0 0.89875 0.964167 0.03625 0.048333
0 0.986875 0.810833 0.02625 0.036667
0 0.982812 0.78125 0.034375 0.030833
0 0.915312 0.641667 0.041875 0.048333
0 0.97125 0.436667 0.03625 0.041667
0 0.354063 0.010833 0.041875 0.02
