0 0.636563 0.014583 0.033125 0.0275
0 0.744687 0.13125 0.041875 0.065833
0 0.80375 0.198333 0.04125 0.061667
0 0.455313 0.212917 0.035625 0.049167
0 0.915 0.565 0.04 0.06
0 0.65 0.520417 0.03875 0.055833
0 0.632188 0.544583 0.036875 0.054167
0 0.86875 0.782917 0.0325 0.044167
0 0.890625 0.844583 0.0325 0.049167
0 0.690625 0.852917 0.045 0.059167
0 0.580937 0.702917 0.036875 0.0475
0 0.494688 0.9825 0.040625 0.035
0 0.454375 0.672083 0.05875 0.060833
0 0.3125 0.87 0.04 0.065
0 0.337813 0.744167 0.056875 0.08
0 0.110625 0.63125 0.035 0.0525
0 0.145 0.624167 0.03375 0.056667
0 0.389062 0.51 0.048125 0.071667
0 0.284687 0.444583 0.051875 0.069167
0 0.135 0.3325 0.04 0.068333
0 0.087813 0.137917 0.033125 0.045833
0 0.115937 0.939583 0.034375 0.044167
