0 0.755938 0.337083 0.046875 0.0525
0 0.005625 0.539167 0.01 0.035
0 0.98875 0.22875 0.0225 0.0375
0 0.84375 0.78 0.03375 0.046667
0 0.960938 0.065417 0.019375 0.0325
0 0.989375 0.2625 0.02125 0.043333
0 0.326562 0.77125 0.026875 0.035833
0 0.340313 0.719583 0.033125 0.045833
0 0.662813 0.265 0.044375 0.063333
0 0.700625 0.140833 0.04125 0.063333
0 0.277187 0.487083 0.044375 0.059167
0 0.833125 0.554167 0.03625 0.045
0 0.528125 0.363333 0.025 0.048333
0 0.580937 0.52625 0.034375 0.0525
0 0.697187 0.494583 0.031875 0.0425
0 0.824375 0.79375 0.03 0.045833
0 0.429375 0.734583 0.03625 0.0475
0 0.788438 0.278333 0.030625 0.041667
0 0.648438 0.972083 0.036875 0.0475
0 0.331875 0.14 0.03375 0.05
0 0.861875 0.30875 0.0275 0.039167
0 0.499688 0.657083 0.030625 0.0425
0 0.970313 0.84375 0.033125 0.044167
0 0.3775 0.865417 0.0325 0.044167
0 0.572812 0.78625 0.038125 0.050833
0 0.600625 0.928333 0.04 0.058333
0 0.05375 0.550417 0.02875 0.040833
0 0.195625 0.113333 0.03625 0.046667
0 0.288125 0.780833 0.03625 0.05
0 0.185312 0.68625 0.051875 0.0675
0 0.18875 0.21875 0.0425 0.055833
