0 0.010625 0.646667 0.02 0.08
0 0.00625 0.653333 0.01125 0.066667
0 0.015625 0.989583 0.03 0.020833
0 0.009375 0.3525 0.0175 0.046667
0 0.989375 0.598333 0.02125 0.075
0 0.931562 0.89875 0.053125 0.0925
0 0.690625 0.417917 0.0475 0.069167
0 0.568438 0.65375 0.046875 0.0825
0 0.016563 0.397083 0.031875 0.050833
0 0.889375 0.2275 0.05125 0.076667
0 0.303125 0.4875 0.04375 0.068333
0 0.20875 0.829167 0.05 0.085
0 0.163438 0.264167 0.060625 0.085
0 0.4475 0.722917 0.0475 0.064167
0 0.358438 0.019583 0.038125 0.035833
0 0.485938 0.679583 0.041875 0.060833
0 0.530937 0.73375 0.050625 0.0725
0 0.660625 0.239583 0.045 0.070833
0 0.793125 0.608333 0.03875 0.063333
0 0.070938 0.209583 0.051875 0.070833
0 0.59375 0.475 0.0425 0.068333
0 0.361563 0.909167 0.041875 0.065
0 0.33625 0.26125 0.04 0.060833
0 0.413438 0.429583 0.038125 0.064167
0 0.506563 0.914167 0.064375 0.09
0 0.981563 0.255833 0.036875 0.08
