0 0.454062 0.83875 0.043125 0.0525
0 0.461562 0.795 0.050625 0.058333
0 0.405625 0.823333 0.04875 0.061667
0 0.420938 0.975833 0.044375 0.048333
0 0.597812 0.70875 0.036875 0.050833
0 0.619062 0.557917 0.033125 0.0375
0 0.834688 0.93375 0.034375 0.035833
0 0.824375 0.904583 0.035 0.0425
0 0.823125 0.71625 0.03125 0.044167
0 0.84375 0.652083 0.0325 0.044167
0 0.823125 0.54625 0.0375 0.044167
0 0.827812 0.5125 0.036875 0.041667
0 0.805 0.445417 0.04875 0.054167
0 0.768125 0.43 0.02375 0.033333
0 0.741875 0.4475 0.03625 0.048333
0 0.725 0.488333 0.03875 0.051667
0 0.155938 0.57875 0.035625 0.0475
0 0.149375 0.452917 0.03625 0.045833
0 0.185312 0.389167 0.036875 0.046667
0 0.945625 0.26125 0.03125 0.055833
0 0.92 0.25625 0.0275 0.050833
0 0.893125 0.242083 0.0325 0.0425
0 0.921562 0.210417 0.040625 0.040833
0 0.84875 0.212083 0.03875 0.0525
0 0.798438 0.295833 0.034375 0.055
0 0.774375 0.267917 0.03375 0.040833
0 0.633437 0.230417 0.035625 0.050833
0 0.50625 0.320417 0.045 0.070833
0 0.547813 0.330833 0.045625 0.09
0 0.580625 0.354583 0.03875 0.064167
0 0.782813 0.379167 0.029375 0.04
0 0.730938 0.2625 0.041875 0.046667
0 0.531875 0.767917 0.04125 0.045833
0 0.710313 0.235 0.034375 0.053333
0 0.723437 0.106667 0.039375 0.048333
0 0.288438 0.27125 0.038125 0.045833
0 0.100625 0.10125 0.04375 0.059167
0 0.274375 0.091667 0.03625 0.048333
0 0.239375 0.023333 0.03625 0.045
