0 0.947187 0.047917 0.035625 0.045833
0 0.663125 0.21125 0.02875 0.0425
0 0.755625 0.325417 0.03125 0.040833
0 0.784687 0.336667 0.031875 0.036667
0 0.767188 0.361667 0.029375 0.033333
0 0.739062 0.357083 0.026875 0.040833
0 0.686562 0.395833 0.031875 0.04
0 0.914375 0.752917 0.03375 0.049167
0 0.794375 0.708333 0.025 0.036667
0 0.565937 0.7025 0.026875 0.033333
0 0.547188 0.095 0.030625 0.051667
0 0.514062 0.0925 0.038125 0.043333
0 0.485 0.070833 0.03875 0.061667
0 0.514687 0.135 0.033125 0.033333
0 0.515312 0.169167 0.033125 0.04
0 0.351562 0.2925 0.036875 0.051667
0 0.29625 0.227083 0.035 0.055833
0 0.17375 0.27625 0.04375 0.0625
0 0.344687 0.616667 0.036875 0.051667
0 0.144375 0.565417 0.03375 0.0425
0 0.137187 0.594583 0.028125 0.034167
0 0.113125 0.615417 0.04625 0.045833
0 0.159375 0.7625 0.03375 0.051667
0 0.454688 0.81 0.030625 0.041667
0 0.12625 0.942917 0.02375 0.030833
0 0.137813 0.8675 0.026875 0.033333
0 0.078437 0.035417 0.031875 0.0375
