0 0.332188 0.971667 0.030625 0.04
0 0.500313 0.947083 0.031875 0.040833
0 0.640625 0.89875 0.045 0.054167
0 0.528125 0.857917 0.02875 0.035833
0 0.59875 0.797083 0.03875 0.055833
0 0.524062 0.709167 0.030625 0.04
0 0.68375 0.719583 0.035 0.0475
0 0.3675 0.674167 0.03125 0.046667
0 0.3125 0.589583 0.035 0.0425
0 0.2825 0.543333 0.03125 0.041667
0 0.14 0.671667 0.0325 0.043333
0 0.105938 0.58875 0.038125 0.044167
0 0.20875 0.580417 0.03875 0.044167
0 0.452188 0.382917 0.029375 0.0375
0 0.754687 0.815 0.036875 0.043333
0 0.8475 0.74625 0.03625 0.049167
0 0.914375 0.486667 0.04 0.046667
0 0.728437 0.413333 0.026875 0.033333
0 0.723125 0.3575 0.0275 0.033333
0 0.632188 0.3275 0.036875 0.043333
0 0.89625 0.305417 0.0275 0.0325
0 0.783438 0.092917 0.035625 0.039167
0 0.73875 0.070417 0.0425 0.0525
0 0.405313 0.054167 0.039375 0.045
0 0.504375 0.317917 0.0325 0.0425
