0 0.003125 0.643333 0.005 0.058333
0 0.788438 0.223333 0.026875 0.038333
0 0.327188 0.989583 0.038125 0.020833
0 0.004063 0.293333 0.006875 0.051667
0 0.159375 0.038333 0.06 0.07
0 0.075938 0.544583 0.029375 0.0475
0 0.0175 0.378333 0.03375 0.04
0 0.00875 0.344583 0.01625 0.0375
0 0.509062 0.5575 0.048125 0.065
0 0.020313 0.42625 0.039375 0.055833
0 0.565312 0.55125 0.035625 0.045833
0 0.011562 0.554583 0.021875 0.0625
0 0.415 0.40125 0.04875 0.074167
0 0.118125 0.62875 0.04 0.050833
0 0.181562 0.548333 0.043125 0.06
0 0.235625 0.677917 0.0375 0.0525
0 0.969063 0.639583 0.025625 0.0525
0 0.923125 0.880417 0.03125 0.044167
0 0.0625 0.274583 0.04375 0.069167
0 0.559688 0.587083 0.035625 0.044167
0 0.075 0.673333 0.0375 0.053333
0 0.021875 0.919167 0.035 0.046667
0 0.097812 0.335 0.033125 0.046667
0 0.75875 0.903333 0.04 0.05
0 0.183438 0.862083 0.034375 0.049167
0 0.22 0.552917 0.03375 0.055833
0 0.401562 0.74625 0.035625 0.049167
0 0.362812 0.055833 0.041875 0.061667
0 0.35375 0.497083 0.03875 0.059167
0 0.652188 0.619583 0.040625 0.0575
0 0.296875 0.029583 0.05875 0.0575
0 0.399375 0.63 0.045 0.063333
0 0.9025 0.918333 0.035 0.046667
0 0.553125 0.466667 0.0375 0.051667
0 0.021875 0.16625 0.03375 0.044167
0 0.455937 0.370417 0.041875 0.064167
0 0.043125 0.20125 0.03375 0.044167
0 0.723125 0.4725 0.0475 0.073333
0 0.659375 0.163333 0.0375 0.051667
0 0.6375 0.347083 0.04125 0.065833
0 0.760312 0.09625 0.040625 0.054167
0 0.599688 0.146667 0.038125 0.05
0 0.946875 0.78625 0.04375 0.065833
0 0.94125 0.6375 0.03375 0.056667
0 0.861563 0.429583 0.036875 0.0525
0 0.504687 0.189583 0.040625 0.059167
0 0.984062 0.379167 0.031875 0.05
