0 0.960313 0.09 0.053125 0.085
0 0.65375 0.043333 0.0475 0.076667
0 0.442188 0.049167 0.046875 0.08
0 0.33625 0.114167 0.0575 0.075
0 0.516875 0.184167 0.0525 0.073333
0 0.156562 0.030417 0.053125 0.059167
0 0.04625 0.134167 0.0525 0.09
0 0.115312 0.142083 0.053125 0.0925
0 0.20875 0.23875 0.04125 0.049167
0 0.455625 0.3325 0.04875 0.058333
0 0.483438 0.55 0.043125 0.078333
0 0.566562 0.665417 0.064375 0.0875
0 0.746875 0.475833 0.05875 0.083333
0 0.635312 0.612083 0.059375 0.089167
0 0.89875 0.81375 0.045 0.075833
0 0.435312 0.8175 0.051875 0.078333
0 0.238125 0.695417 0.0425 0.075833
0 0.16125 0.84 0.04 0.073333
0 0.178437 0.94375 0.043125 0.074167
0 0.631875 0.705833 0.0575 0.088333
