0 0.935 0.15125 0.02875 0.0375
0 0.959688 0.24125 0.030625 0.0375
0 0.735 0.055417 0.025 0.034167
0 0.57 0.0375 0.02875 0.036667
0 0.600313 0.225417 0.030625 0.050833
0 0.677188 0.251667 0.021875 0.031667
0 0.664375 0.339583 0.02375 0.030833
0 0.646563 0.392083 0.024375 0.0325
0 0.707812 0.415833 0.023125 0.033333
0 0.78125 0.398333 0.02 0.025
0 0.985 0.5125 0.02125 0.03
0 0.980313 0.617083 0.021875 0.034167
0 0.85 0.657917 0.0225 0.0325
0 0.917188 0.673333 0.025625 0.036667
0 0.976562 0.781667 0.033125 0.043333
0 0.717187 0.92125 0.030625 0.0375
0 0.68125 0.9325 0.02875 0.043333
0 0.685312 0.75375 0.025625 0.0375
0 0.669687 0.986667 0.028125 0.026667
0 0.694063 0.672083 0.021875 0.034167
0 0.656563 0.54125 0.019375 0.020833
0 0.593125 0.536667 0.025 0.028333
0 0.49625 0.6025 0.0225 0.03
0 0.711875 0.102083 0.0175 0.0225
0 0.408125 0.027917 0.03 0.030833
0 0.402813 0.05125 0.023125 0.025833
0 0.448125 0.174583 0.02125 0.0275
0 0.442188 0.119583 0.019375 0.025833
0 0.385313 0.188333 0.020625 0.021667
0 0.33625 0.23125 0.02125 0.025833
0 0.496875 0.195417 0.0325 0.044167
0 0.521875 0.279167 0.02625 0.036667
0 0.403438 0.245833 0.025625 0.031667
0 0.173125 0.017917 0.02125 0.025833
0 0.185312 0.047917 0.025625 0.0325
0 0.183438 0.169167 0.029375 0.036667
0 0.210313 0.311667 0.024375 0.026667
0 0.2075 0.344583 0.02 0.024167
0 0.467187 0.368333 0.033125 0.041667
0 0.41125 0.385417 0.02625 0.035833
0 0.376875 0.410417 0.02875 0.035833
0 0.511875 0.4575 0.025 0.03
0 0.438125 0.550417 0.0225 0.0275
0 0.403125 0.620417 0.0325 0.040833
0 0.337187 0.650833 0.025625 0.033333
0 0.029375 0.14375 0.02375 0.0325
0 0.088125 0.2225 0.02 0.03
0 0.0325 0.462917 0.025 0.034167
0 0.038437 0.510833 0.020625 0.028333
0 0.157812 0.724583 0.025625 0.030833
0 0.188125 0.736667 0.02375 0.035
0 0.072813 0.870417 0.023125 0.030833
0 0.259375 0.829167 0.01875 0.025
0 0.231875 0.89375 0.02125 0.030833
0 0.337813 0.727917 0.029375 0.035833
0 0.523438 0.764583 0.028125 0.035833
0 0.453437 0.97375 0.025625 0.0325
0 0.409687 0.967083 0.028125 0.0325
0 0.365625 0.967917 0.025 0.030833
