0 0.900312 0.199583 0.039375 0.060833
0 0.799063 0.082083 0.055625 0.0725
0 0.661563 0.132083 0.044375 0.064167
0 0.701875 0.363333 0.04375 0.07
0 0.649375 0.426667 0.0475 0.071667
0 0.8175 0.437083 0.04875 0.069167
0 0.92625 0.350833 0.0375 0.068333
0 0.75875 0.524167 0.04625 0.07
0 0.873437 0.597083 0.036875 0.064167
0 0.795 0.69625 0.06125 0.084167
0 0.66625 0.67875 0.0475 0.069167
0 0.930937 0.741667 0.051875 0.07
0 0.863125 0.7675 0.04625 0.066667
0 0.894062 0.79875 0.041875 0.0625
0 0.970625 0.924583 0.05375 0.0825
0 0.815937 0.935833 0.053125 0.08
0 0.683438 0.9025 0.056875 0.091667
0 0.530625 0.913333 0.04625 0.061667
0 0.537188 0.9675 0.053125 0.061667
0 0.314688 0.960833 0.049375 0.07
0 0.25 0.920417 0.04375 0.075833
0 0.324062 0.817917 0.048125 0.065833
0 0.295312 0.785 0.046875 0.058333
0 0.46625 0.785417 0.0575 0.0725
0 0.465625 0.55125 0.0575 0.080833
0 0.47875 0.35125 0.06125 0.0925
0 0.46 0.025417 0.06375 0.049167
0 0.279687 0.165417 0.051875 0.0725
0 0.05875 0.0525 0.04875 0.065
0 0.205625 0.335833 0.05125 0.07
0 0.0675 0.4175 0.06 0.076667
0 0.172813 0.492917 0.049375 0.0925
0 0.228437 0.529167 0.051875 0.063333
0 0.08625 0.517917 0.05625 0.075833
0 0.138437 0.59 0.055625 0.091667
0 0.262188 0.57625 0.050625 0.079167
0 0.179375 0.65875 0.05125 0.0625
0 0.139375 0.719583 0.055 0.090833
0 0.054688 0.72625 0.050625 0.084167
0 0.100625 0.821667 0.0475 0.068333
0 0.234063 0.72375 0.028125 0.045833
