0 0.914062 0.083333 0.036875 0.061667
0 0.839375 0.04125 0.04 0.064167
0 0.789062 0.085 0.040625 0.053333
0 0.85875 0.11625 0.04 0.074167
0 0.685937 0.060417 0.041875 0.059167
0 0.693125 0.15 0.0375 0.056667
0 0.695625 0.245417 0.04125 0.069167
0 0.771563 0.330833 0.036875 0.058333
0 0.590313 0.10375 0.041875 0.049167
0 0.581875 0.05625 0.04 0.049167
0 0.527813 0.0625 0.039375 0.053333
0 0.443125 0.079167 0.05 0.075
0 0.379375 0.03875 0.04 0.055833
0 0.41625 0.017083 0.04125 0.0325
0 0.323437 0.094583 0.049375 0.0775
0 0.468125 0.245417 0.04 0.0575
0 0.584063 0.217917 0.051875 0.0825
0 0.288125 0.247083 0.0475 0.064167
0 0.212188 0.249583 0.039375 0.054167
0 0.214688 0.155 0.040625 0.085
0 0.17125 0.142083 0.045 0.055833
0 0.121563 0.137083 0.036875 0.0425
0 0.07 0.115417 0.05 0.065833
0 0.056875 0.1975 0.045 0.065
0 0.146875 0.253333 0.04625 0.058333
0 0.152812 0.19 0.035625 0.046667
0 0.128125 0.331667 0.03875 0.058333
0 0.161562 0.330417 0.036875 0.065833
0 0.022187 0.145 0.023125 0.04
0 0.010313 0.174167 0.019375 0.035
0 0.069062 0.0275 0.058125 0.053333
0 0.419687 0.325 0.049375 0.071667
0 0.426875 0.380833 0.0425 0.055
0 0.356563 0.354167 0.038125 0.048333
0 0.440312 0.462083 0.041875 0.065833
0 0.337187 0.502083 0.056875 0.0975
0 0.276562 0.445833 0.041875 0.065
0 0.07875 0.502917 0.04625 0.080833
0 0.14125 0.517917 0.0475 0.0825
0 0.860625 0.38625 0.03375 0.059167
0 0.813438 0.423333 0.038125 0.063333
0 0.741563 0.425833 0.050625 0.088333
0 0.946875 0.580417 0.05 0.0825
0 0.826875 0.594583 0.0375 0.0525
0 0.816875 0.542083 0.03625 0.054167
0 0.852812 0.504167 0.040625 0.065
0 0.875 0.647083 0.0475 0.079167
0 0.981563 0.789583 0.036875 0.0625
0 0.961875 0.862083 0.04625 0.0675
0 0.845 0.811667 0.045 0.058333
0 0.749375 0.778333 0.04 0.073333
0 0.717187 0.8 0.034375 0.05
0 0.69125 0.777083 0.03625 0.050833
0 0.673125 0.79375 0.05125 0.065833
0 0.685937 0.707083 0.051875 0.079167
0 0.625 0.697917 0.04625 0.059167
0 0.63625 0.734167 0.0325 0.038333
0 0.571562 0.72125 0.041875 0.0625
0 0.641875 0.6225 0.03625 0.056667
0 0.611875 0.579583 0.04625 0.0775
0 0.587187 0.47375 0.048125 0.065833
0 0.609062 0.5125 0.046875 0.051667
0 0.826875 0.9275 0.0475 0.076667
0 0.769687 0.899167 0.038125 0.066667
0 0.708125 0.895833 0.04875 0.101667
0 0.711562 0.973333 0.041875 0.053333
0 0.653438 0.88 0.055625 0.086667
0 0.819063 0.981667 0.046875 0.036667
0 0.925937 0.98375 0.038125 0.0325
0 0.473438 0.934583 0.040625 0.055833
0 0.426563 0.956667 0.051875 0.078333
0 0.457188 0.987917 0.040625 0.024167
0 0.341875 0.945417 0.04 0.060833
0 0.42625 0.862917 0.0475 0.0475
0 0.409375 0.832083 0.03125 0.035833
0 0.376563 0.854583 0.041875 0.0575
0 0.357812 0.795833 0.044375 0.076667
0 0.305 0.7775 0.05 0.071667
0 0.013125 0.942917 0.025 0.054167
0 0.039375 0.95 0.02625 0.07
0 0.028438 0.834167 0.039375 0.058333
0 0.091875 0.864167 0.03625 0.053333
0 0.103125 0.905417 0.0375 0.040833
0 0.145937 0.916667 0.039375 0.056667
0 0.190625 0.781667 0.0475 0.068333
0 0.220625 0.751667 0.04625 0.073333
0 0.252812 0.75125 0.033125 0.0675
0 0.494375 0.7975 0.05375 0.071667
0 0.46375 0.716667 0.05625 0.073333
0 0.40125 0.693333 0.05 0.066667
0 0.370312 0.62375 0.051875 0.084167
0 0.4275 0.63375 0.04125 0.059167
0 0.519062 0.594167 0.045625 0.066667
