0 0.430312 0.500417 0.033125 0.039167
0 0.428125 0.540417 0.03375 0.040833
0 0.66125 0.440417 0.03 0.035833
0 0.660625 0.409583 0.0325 0.0325
0 0.74375 0.52875 0.02625 0.035833
0 0.697812 0.202917 0.036875 0.049167
0 0.563438 0.143333 0.045625 0.065
0 0.432188 0.32125 0.035625 0.0425
0 0.385937 0.160417 0.030625 0.0425
0 0.349062 0.082083 0.030625 0.0425
0 0.379688 0.022083 0.029375 0.035833
0 0.238125 0.449583 0.0325 0.0475
0 0.360312 0.7725 0.041875 0.051667
0 0.245625 0.888333 0.03125 0.043333
0 0.18625 0.712917 0.04 0.0575
0 0.0475 0.645417 0.035 0.044167
