0 0.834063 0.90875 0.035625 0.045833
0 0.641875 0.70875 0.0425 0.0575
0 0.507812 0.8075 0.041875 0.053333
0 0.511563 0.656667 0.036875 0.048333
0 0.419063 0.60625 0.038125 0.055833
0 0.178125 0.61625 0.0375 0.050833
0 0.221875 0.59375 0.03375 0.049167
0 0.2925 0.771667 0.0375 0.056667
0 0.202187 0.626667 0.031875 0.045
0 0.08125 0.390417 0.04 0.054167
0 0.099687 0.299167 0.043125 0.061667
0 0.170625 0.026667 0.03875 0.051667
0 0.496875 0.016667 0.04 0.031667
0 0.5825 0.099583 0.0325 0.0525
0 0.608437 0.1775 0.045625 0.058333
0 0.7875 0.375 0.04 0.058333
0 0.884687 0.330833 0.038125 0.058333
0 0.755938 0.095 0.036875 0.048333
0 0.861875 0.059583 0.04 0.049167
0 0.709688 0.012083 0.039375 0.0225
