0 0.845 0.04 0.035 0.05
0 0.877812 0.037083 0.033125 0.0525
0 0.986875 0.310833 0.02625 0.053333
0 0.8725 0.4325 0.03625 0.048333
0 0.847187 0.3875 0.043125 0.056667
0 0.81375 0.2925 0.035 0.05
0 0.742812 0.29375 0.043125 0.055833
0 0.670625 0.175833 0.03125 0.04
0 0.572187 0.225417 0.036875 0.050833
0 0.975938 0.56625 0.041875 0.055833
0 0.92875 0.7425 0.03875 0.05
0 0.905 0.794583 0.03875 0.059167
0 0.872812 0.785417 0.041875 0.060833
0 0.797813 0.870417 0.045625 0.0675
0 0.75875 0.5625 0.045 0.065
0 0.719688 0.552917 0.043125 0.055833
0 0.631875 0.502083 0.0425 0.0525
0 0.637188 0.087083 0.033125 0.0475
0 0.610313 0.04875 0.045625 0.0625
0 0.572187 0.030833 0.025625 0.038333
0 0.405625 0.188333 0.0275 0.04
0 0.659062 0.68125 0.033125 0.044167
0 0.551562 0.883333 0.044375 0.06
0 0.490625 0.740417 0.0375 0.0475
0 0.007188 0.03875 0.013125 0.045833
0 0.111875 0.072083 0.03125 0.0475
0 0.28375 0.06125 0.0375 0.054167
0 0.225938 0.27875 0.040625 0.055833
0 0.114687 0.257917 0.038125 0.0575
0 0.23125 0.329167 0.045 0.053333
0 0.094062 0.357083 0.035625 0.059167
0 0.065625 0.42625 0.04 0.060833
0 0.154375 0.45625 0.0325 0.0475
0 0.3375 0.405833 0.0325 0.045
0 0.48875 0.493333 0.04 0.05
0 0.500938 0.52875 0.041875 0.0525
0 0.537813 0.5575 0.040625 0.06
0 0.47625 0.585 0.0375 0.061667
0 0.434688 0.598333 0.046875 0.068333
0 0.401562 0.769167 0.036875 0.056667
0 0.343438 0.7625 0.041875 0.058333
0 0.229063 0.711667 0.039375 0.06
0 0.269062 0.977917 0.039375 0.044167
0 0.089688 0.87625 0.043125 0.065833
0 0.151875 0.211667 0.0275 0.038333
