0 0.81125 0.079167 0.04125 0.066667
0 0.788125 0.427917 0.02625 0.039167
0 0.769062 0.405417 0.051875 0.090833
0 0.599063 0.476667 0.058125 0.08
0 0.855938 0.640417 0.051875 0.085833
0 0.733437 0.667917 0.084375 0.075833
0 0.629375 0.789583 0.0625 0.085833
0 0.601562 0.872917 0.054375 0.0725
0 0.902813 0.81625 0.044375 0.064167
0 0.885625 0.924167 0.05875 0.083333
0 0.5875 0.94125 0.04375 0.0525
0 0.382188 0.97125 0.038125 0.045833
0 0.1625 0.961667 0.05 0.068333
0 0.159062 0.76375 0.034375 0.050833
0 0.232813 0.64875 0.045625 0.0675
0 0.149375 0.657917 0.0525 0.070833
0 0.125625 0.745833 0.03875 0.046667
0 0.270313 0.585 0.045625 0.053333
0 0.25375 0.5375 0.05 0.063333
0 0.201875 0.536667 0.035 0.043333
0 0.086875 0.527917 0.045 0.065833
0 0.30875 0.457917 0.0425 0.070833
0 0.349687 0.495417 0.035625 0.050833
0 0.420312 0.231667 0.039375 0.056667
0 0.406875 0.052917 0.0325 0.0425
0 0.13375 0.132917 0.05 0.065833
0 0.100312 0.105 0.034375 0.05
