0 0.888437 0.954167 0.040625 0.056667
0 0.908438 0.764583 0.038125 0.0575
0 0.635938 0.829583 0.041875 0.059167
0 0.6025 0.8075 0.02875 0.053333
0 0.70625 0.639167 0.04375 0.053333
0 0.586875 0.622917 0.045 0.0575
0 0.570937 0.527083 0.041875 0.055833
0 0.761875 0.480417 0.0425 0.059167
0 0.94 0.475833 0.0375 0.051667
0 0.750625 0.3075 0.0425 0.06
0 0.569688 0.400417 0.039375 0.0575
0 0.459688 0.564583 0.038125 0.054167
0 0.498437 0.599583 0.040625 0.0525
0 0.399375 0.61375 0.04375 0.0625
0 0.34125 0.4 0.04375 0.058333
0 0.264688 0.015417 0.030625 0.029167
0 0.132188 0.40625 0.041875 0.0575
0 0.399375 0.901667 0.04 0.056667
0 0.320312 0.763333 0.044375 0.06
0 0.29875 0.95375 0.04 0.054167
0 0.194688 0.944583 0.035625 0.0625
0 0.094375 0.90125 0.04375 0.055833
0 0.11375 0.75875 0.04 0.055833
0 0.237187 0.052917 0.041875 0.0525
