0 0.976562 0.14875 0.038125 0.0725
0 0.77125 0.306667 0.06625 0.091667
0 0.795625 0.37 0.07 0.085
0 0.96 0.4675 0.0425 0.055
0 0.849375 0.517083 0.06 0.075833
0 0.847187 0.605417 0.063125 0.0725
0 0.83875 0.659583 0.04 0.0525
0 0.905312 0.674583 0.035625 0.0525
0 0.732187 0.624583 0.059375 0.0875
0 0.699063 0.654583 0.044375 0.069167
0 0.62 0.455833 0.04125 0.053333
0 0.6475 0.727083 0.05125 0.0625
0 0.652813 0.829583 0.030625 0.050833
0 0.6275 0.838333 0.035 0.05
0 0.724688 0.92 0.038125 0.055
0 0.513125 0.666667 0.035 0.043333
0 0.529375 0.615833 0.05 0.07
0 0.509062 0.469167 0.039375 0.056667
0 0.555312 0.46375 0.044375 0.065833
0 0.417812 0.944583 0.060625 0.084167
0 0.290625 0.71875 0.05 0.075833
0 0.13875 0.760417 0.05375 0.074167
0 0.167813 0.645833 0.041875 0.043333
0 0.173437 0.612083 0.036875 0.0375
0 0.149688 0.5875 0.034375 0.051667
0 0.058438 0.84625 0.046875 0.0625
0 0.048438 0.760833 0.035625 0.041667
0 0.010313 0.742917 0.019375 0.035833
0 0.148438 0.4925 0.064375 0.093333
0 0.247812 0.439167 0.035625 0.061667
0 0.307812 0.485833 0.055625 0.086667
0 0.465313 0.56 0.033125 0.036667
0 0.268125 0.234167 0.0625 0.086667
0 0.54125 0.122917 0.04375 0.050833
0 0.583438 0.048333 0.040625 0.051667
0 0.454375 0.04 0.045 0.058333
0 0.23875 0.02375 0.06125 0.045833
0 0.061562 0.160833 0.038125 0.058333
0 0.08625 0.136667 0.03625 0.05
0 0.097187 0.09 0.046875 0.055
