0 0.84125 0.04625 0.03875 0.069167
0 0.663438 0.022083 0.033125 0.0425
0 0.626563 0.020417 0.041875 0.039167
0 0.757188 0.182917 0.036875 0.060833
0 0.6725 0.241667 0.03625 0.058333
0 0.719688 0.289583 0.031875 0.0575
0 0.75625 0.347917 0.03625 0.0475
0 0.737812 0.369167 0.040625 0.06
0 0.848437 0.295417 0.046875 0.075833
0 0.59625 0.372917 0.035 0.064167
0 0.908125 0.442917 0.0425 0.0625
0 0.897813 0.552083 0.044375 0.080833
0 0.975625 0.541667 0.04875 0.08
0 0.961562 0.60125 0.049375 0.084167
0 0.900625 0.691667 0.03375 0.058333
0 0.7675 0.761667 0.04375 0.066667
0 0.984688 0.797917 0.030625 0.0575
0 0.981563 0.860417 0.036875 0.0725
0 0.694063 0.950417 0.040625 0.065833
0 0.584375 0.774167 0.0475 0.073333
0 0.526875 0.669583 0.04375 0.0625
0 0.567187 0.555833 0.043125 0.065
0 0.453125 0.673333 0.03625 0.055
0 0.434375 0.818333 0.03375 0.058333
0 0.4075 0.834167 0.0375 0.058333
0 0.499063 0.944167 0.041875 0.066667
0 0.31125 0.731667 0.05 0.083333
0 0.22125 0.967083 0.0525 0.065833
0 0.20375 0.802083 0.0375 0.0625
0 0.084687 0.92 0.043125 0.071667
0 0.151875 0.725833 0.04375 0.056667
0 0.09 0.76125 0.035 0.059167
0 0.113125 0.659583 0.04375 0.079167
0 0.217188 0.539583 0.054375 0.0925
0 0.048438 0.59875 0.050625 0.064167
0 0.040313 0.550417 0.045625 0.0675
0 0.013437 0.512083 0.025625 0.0575
0 0.11 0.412917 0.04625 0.0775
0 0.145937 0.427083 0.038125 0.0675
0 0.200313 0.429583 0.051875 0.0875
0 0.329062 0.368333 0.043125 0.061667
0 0.4025 0.42875 0.05 0.079167
0 0.298125 0.302083 0.0475 0.060833
0 0.369063 0.249583 0.049375 0.0725
0 0.023125 0.2575 0.03875 0.065
0 0.165937 0.17375 0.041875 0.0575
0 0.119688 0.11625 0.048125 0.0625
0 0.067812 0.114583 0.051875 0.080833
0 0.2825 0.13 0.0425 0.065
0 0.326562 0.132083 0.039375 0.0675
0 0.503125 0.0475 0.04375 0.063333
0 0.310312 0.024583 0.046875 0.0475
0 0.561562 0.02125 0.054375 0.040833
0 0.881563 0.919167 0.053125 0.073333
0 0.688125 0.475417 0.0275 0.040833
0 0.658438 0.4775 0.028125 0.041667
0 0.689063 0.544167 0.030625 0.04
