0 0.24875 0.012083 0.03375 0.0225
0 0.12 0.127917 0.035 0.0525
0 0.10875 0.404583 0.0425 0.0525
0 0.1825 0.69375 0.03875 0.054167
0 0.222188 0.712083 0.038125 0.060833
0 0.225938 0.855833 0.035625 0.058333
0 0.265625 0.87375 0.0375 0.0525
0 0.494375 0.71 0.0325 0.05
0 0.556875 0.82125 0.02375 0.039167
0 0.413438 0.808333 0.033125 0.046667
0 0.379375 0.420833 0.02625 0.035
0 0.421563 0.400417 0.045625 0.059167
0 0.403438 0.176667 0.039375 0.063333
0 0.64625 0.377083 0.0325 0.0525
0 0.703438 0.460833 0.043125 0.058333
0 0.682187 0.338333 0.031875 0.045
0 0.686875 0.150833 0.04125 0.063333
0 0.727812 0.210417 0.039375 0.059167
0 0.746563 0.13375 0.040625 0.054167
0 0.970625 0.596667 0.03125 0.045
