0 0.144063 0.980417 0.031875 0.039167
0 0.171875 0.96625 0.03875 0.040833
0 0.29375 0.835833 0.0475 0.063333
0 0.383125 0.941667 0.04375 0.061667
0 0.451562 0.865 0.041875 0.063333
0 0.520312 0.939167 0.044375 0.061667
0 0.642188 0.855833 0.033125 0.045
0 0.881875 0.66125 0.04375 0.065833
0 0.952187 0.775417 0.045625 0.0575
0 0.867812 0.860417 0.036875 0.0475
0 0.652188 0.582083 0.036875 0.0425
0 0.514062 0.591667 0.033125 0.048333
0 0.505313 0.519583 0.044375 0.054167
0 0.436563 0.49625 0.039375 0.059167
0 0.350625 0.47375 0.0475 0.070833
0 0.39625 0.352083 0.04375 0.0575
0 0.864062 0.497083 0.038125 0.054167
0 0.862812 0.439583 0.051875 0.059167
0 0.706875 0.40125 0.04625 0.0625
0 0.680937 0.454583 0.028125 0.039167
0 0.6175 0.4675 0.03625 0.053333
0 0.21125 0.580833 0.0425 0.053333
0 0.08125 0.49 0.03625 0.051667
0 0.119375 0.372917 0.0425 0.0625
0 0.179688 0.36 0.041875 0.063333
0 0.13375 0.312917 0.03875 0.049167
0 0.010313 0.249583 0.019375 0.049167
0 0.266875 0.018333 0.03875 0.035
0 0.6375 0.24375 0.04 0.045833
0 0.615625 0.0275 0.05125 0.053333
0 0.678438 0.161667 0.034375 0.055
0 0.858125 0.250417 0.04375 0.059167
0 0.88125 0.192917 0.035 0.039167
0 0.895312 0.093333 0.038125 0.045
0 0.72 0.049167 0.03625 0.045
0 0.732812 0.4925 0.026875 0.041667
0 0.373437 0.864167 0.030625 0.04
0 0.293438 0.971667 0.031875 0.033333
0 0.97875 0.900833 0.04 0.058333
