0 0.039062 0.935833 0.040625 0.068333
0 0.010313 0.887917 0.019375 0.0475
0 0.005313 0.932917 0.009375 0.045833
0 0.099062 0.718333 0.040625 0.058333
0 0.211875 0.782917 0.04 0.059167
0 0.353125 0.969167 0.03125 0.038333
0 0.52875 0.93625 0.05 0.0775
0 0.855625 0.9425 0.04375 0.056667
0 0.484063 0.519167 0.038125 0.061667
0 0.46 0.537917 0.03625 0.0475
0 0.34 0.429583 0.04125 0.0575
0 0.284687 0.377083 0.035625 0.0525
0 0.742812 0.399583 0.035625 0.050833
0 0.777813 0.657083 0.044375 0.064167
0 0.82125 0.379167 0.04375 0.068333
0 0.925312 0.184583 0.038125 0.054167
0 0.98125 0.17125 0.0375 0.0525
0 0.821562 0.082083 0.034375 0.044167
0 0.432188 0.763333 0.038125 0.056667
