0 0.05 0.13875 0.0375 0.050833
0 0.23 0.192083 0.0375 0.055833
0 0.29875 0.170417 0.04125 0.050833
0 0.475625 0.067083 0.03875 0.049167
0 0.945937 0.2 0.045625 0.06
0 0.81625 0.18625 0.04625 0.055833
0 0.64375 0.277917 0.04625 0.050833
0 0.590938 0.37125 0.039375 0.049167
0 0.63125 0.39625 0.02875 0.0375
0 0.56625 0.410833 0.03625 0.048333
0 0.04375 0.623333 0.04 0.05
0 0.083437 0.66 0.035625 0.043333
0 0.165313 0.658333 0.048125 0.063333
0 0.362187 0.575 0.040625 0.063333
0 0.465 0.59375 0.03375 0.064167
0 0.553125 0.634167 0.03375 0.046667
0 0.17625 0.88125 0.04125 0.0675
0 0.9875 0.439167 0.025 0.053333
0 0.836875 0.60125 0.03625 0.0525
0 0.929063 0.747917 0.040625 0.0475
0 0.61875 0.9375 0.03 0.038333
0 0.787813 0.965417 0.030625 0.049167
