0 0.920937 0.121667 0.041875 0.066667
0 0.72375 0.019583 0.035 0.0375
0 0.677188 0.118333 0.045625 0.063333
0 0.841875 0.33375 0.045 0.0625
0 0.782813 0.33875 0.033125 0.0525
0 0.756875 0.325833 0.0275 0.043333
0 0.7225 0.334583 0.04 0.0525
0 0.625313 0.347917 0.039375 0.055833
0 0.98125 0.285 0.0325 0.056667
0 0.887188 0.439583 0.049375 0.0725
0 0.709375 0.409167 0.04 0.061667
0 0.699063 0.533333 0.036875 0.053333
0 0.849063 0.560417 0.038125 0.060833
0 0.9675 0.902917 0.0475 0.060833
0 0.893437 0.8725 0.054375 0.108333
0 0.78 0.90375 0.04 0.044167
0 0.78125 0.800417 0.0375 0.0575
0 0.744687 0.76 0.039375 0.063333
0 0.61375 0.704167 0.045 0.073333
0 0.825313 0.950417 0.053125 0.099167
0 0.556875 0.915833 0.04375 0.058333
0 0.47625 0.979583 0.0325 0.040833
0 0.446562 0.61875 0.048125 0.0625
0 0.087188 0.77875 0.040625 0.055833
0 0.26 0.901667 0.05125 0.083333
0 0.27125 0.770417 0.03625 0.050833
0 0.318437 0.748333 0.040625 0.063333
0 0.147813 0.634167 0.040625 0.061667
0 0.175937 0.611667 0.041875 0.07
0 0.160312 0.534167 0.044375 0.056667
0 0.080625 0.50125 0.04375 0.064167
0 0.286875 0.343333 0.0575 0.066667
0 0.4975 0.175833 0.04625 0.068333
0 0.450313 0.12625 0.045625 0.055833
0 0.31125 0.226667 0.03875 0.068333
0 0.278438 0.22625 0.039375 0.0575
0 0.143125 0.195417 0.04 0.0525
0 0.162812 0.159167 0.051875 0.071667
0 0.020938 0.120417 0.040625 0.0775
0 0.239375 0.08625 0.0575 0.089167
