0 0.015312 0.9525 0.029375 0.071667
0 0.051875 0.91375 0.04375 0.0525
0 0.055938 0.857917 0.041875 0.054167
0 0.117813 0.878333 0.055625 0.088333
0 0.104688 0.965 0.050625 0.056667
0 0.215938 0.752083 0.035625 0.0625
0 0.25 0.76625 0.03875 0.0575
0 0.217188 0.682917 0.048125 0.059167
0 0.38 0.707917 0.03875 0.049167
0 0.694063 0.910417 0.036875 0.064167
0 0.721562 0.897917 0.026875 0.0375
0 0.72 0.9275 0.02125 0.031667
0 0.514375 0.893333 0.05125 0.07
0 0.541562 0.821667 0.036875 0.06
0 0.635625 0.760417 0.04375 0.0625
0 0.869375 0.874167 0.0525 0.066667
0 0.989688 0.7275 0.020625 0.041667
0 0.727187 0.541667 0.046875 0.048333
0 0.972812 0.321667 0.051875 0.075
0 0.763437 0.359583 0.036875 0.059167
0 0.745625 0.397083 0.03375 0.0475
0 0.705937 0.3325 0.051875 0.06
0 0.679375 0.040833 0.02875 0.041667
0 0.613125 0.0425 0.0625 0.083333
0 0.593437 0.206667 0.035625 0.058333
0 0.519687 0.215417 0.033125 0.0425
0 0.062812 0.42 0.048125 0.065
0 0.34 0.52125 0.05375 0.074167
0 0.314063 0.336667 0.038125 0.048333
0 0.399375 0.298333 0.0425 0.056667
0 0.08 0.214167 0.06 0.073333
0 0.021875 0.102917 0.0425 0.0725
0 0.17125 0.051667 0.04625 0.055
