0 0.093438 0.108333 0.038125 0.05
0 0.251875 0.15 0.03875 0.05
0 0.33875 0.3775 0.03875 0.051667
0 0.310312 0.544167 0.038125 0.05
0 0.38 0.492083 0.0425 0.055833
0 0.4875 0.38625 0.04125 0.054167
0 0.614375 0.097083 0.0425 0.0525
0 0.630938 0.064583 0.034375 0.035833
0 0.652813 0.0325 0.036875 0.051667
0 0.694375 0.057917 0.03875 0.049167
0 0.723437 0.120417 0.041875 0.054167
0 0.62875 0.172083 0.0375 0.0525
0 0.658125 0.23125 0.035 0.044167
0 0.595625 0.272917 0.0375 0.045833
0 0.673438 0.432917 0.033125 0.034167
0 0.5775 0.4925 0.03625 0.048333
0 0.457188 0.59625 0.039375 0.049167
0 0.475938 0.731667 0.044375 0.053333
0 0.437188 0.739583 0.033125 0.0425
0 0.182188 0.827083 0.039375 0.050833
0 0.206875 0.87375 0.045 0.054167
0 0.029375 0.788333 0.03375 0.05
0 0.504375 0.787917 0.0375 0.045833
0 0.512188 0.889583 0.038125 0.0425
0 0.620313 0.9475 0.038125 0.045
0 0.6325 0.770417 0.03875 0.045833
0 0.72125 0.9225 0.04125 0.043333
0 0.915937 0.74375 0.031875 0.044167
0 0.946562 0.6225 0.039375 0.048333
0 0.9475 0.711667 0.03375 0.043333
0 0.957187 0.828333 0.031875 0.041667
0 0.987187 0.51875 0.024375 0.040833
0 0.395937 0.033333 0.028125 0.036667
0 0.787188 0.010417 0.031875 0.019167
0 0.804375 0.1425 0.04 0.045
0 0.834688 0.23125 0.040625 0.045833
0 0.900937 0.21875 0.033125 0.0475
0 0.908438 0.03125 0.035625 0.0425
0 0.884375 0.01125 0.025 0.020833
0 0.671562 0.680833 0.021875 0.03
0 0.41875 0.872083 0.0275 0.039167
0 0.698438 0.37875 0.029375 0.039167
0 0.836875 0.610833 0.02875 0.031667
0 0.78375 0.947917 0.0325 0.0425
