0 0.857187 0.424583 0.040625 0.0575
0 0.923438 0.344167 0.044375 0.055
0 0.674687 0.325 0.043125 0.063333
0 0.74875 0.137083 0.04625 0.045833
0 0.8575 0.5275 0.03875 0.051667
0 0.920937 0.77875 0.036875 0.049167
0 0.508125 0.809583 0.045 0.065833
0 0.506875 0.945417 0.04375 0.055833
0 0.204687 0.905833 0.041875 0.058333
0 0.253125 0.711667 0.04625 0.058333
0 0.378125 0.59875 0.05125 0.064167
0 0.45375 0.238333 0.045 0.065
0 0.177813 0.316667 0.044375 0.053333
0 0.046562 0.167083 0.046875 0.070833
0 0.409687 0.025417 0.050625 0.049167
