0 0.133437 0.532917 0.036875 0.0475
0 0.559063 0.205833 0.035625 0.058333
0 0.732812 0.700833 0.026875 0.038333
0 0.729375 0.615 0.03125 0.036667
0 0.715313 0.73 0.039375 0.055
0 0.68375 0.018333 0.03625 0.035
0 0.749375 0.097917 0.04375 0.0525
0 0.243438 0.21375 0.035625 0.054167
0 0.411562 0.444583 0.031875 0.0425
0 0.079375 0.81625 0.02625 0.035833
0 0.095 0.832083 0.0275 0.034167
0 0.336875 0.37 0.0325 0.045
0 0.34875 0.047917 0.03 0.040833
0 0.193438 0.058333 0.033125 0.043333
0 0.904062 0.394167 0.030625 0.04
0 0.301563 0.590833 0.038125 0.061667
0 0.138125 0.737083 0.02875 0.039167
0 0.974375 0.835833 0.03 0.041667
0 0.355 0.480417 0.03625 0.0475
0 0.471875 0.033333 0.0325 0.041667
0 0.409375 0.521667 0.035 0.045
0 0.012188 0.861667 0.023125 0.04
0 0.662813 0.862083 0.030625 0.0425
0 0.177187 0.90375 0.030625 0.040833
0 0.114687 0.880833 0.031875 0.041667
0 0.985313 0.78375 0.029375 0.0425
0 0.671875 0.95125 0.0325 0.040833
0 0.265937 0.254167 0.030625 0.041667
0 0.45375 0.954583 0.035 0.044167
0 0.845625 0.2475 0.03 0.041667
0 0.225625 0.759583 0.035 0.045833
0 0.309375 0.734167 0.03625 0.051667
0 0.99 0.190833 0.02 0.04
0 0.540312 0.75875 0.034375 0.045833
0 0.40625 0.925 0.04 0.056667
0 0.118125 0.14125 0.0325 0.0375
0 0.237813 0.05625 0.038125 0.044167
0 0.52625 0.663333 0.03875 0.05
0 0.967187 0.244583 0.033125 0.049167
0 0.762188 0.032917 0.036875 0.054167
0 0.712187 0.94375 0.034375 0.045833
0 0.650937 0.242917 0.040625 0.0575
0 0.9675 0.329583 0.03375 0.045833
0 0.985 0.48375 0.03 0.055833
0 0.576875 0.020417 0.0375 0.039167
0 0.780312 0.36 0.039375 0.051667
0 0.404687 0.126667 0.039375 0.055
