0 0.8475 0.554167 0.0325 0.041667
0 0.813438 0.5625 0.031875 0.046667
0 0.695312 0.030833 0.034375 0.04
0 0.120938 0.0525 0.036875 0.045
0 0.03625 0.197917 0.03375 0.039167
0 0.230313 0.401667 0.034375 0.045
0 0.187188 0.361667 0.030625 0.04
0 0.661875 0.711667 0.03 0.041667
0 0.474375 0.638333 0.03375 0.04
0 0.449062 0.889167 0.028125 0.035
0 0.290938 0.89375 0.046875 0.059167
0 0.228437 0.725 0.033125 0.048333
0 0.306563 0.736667 0.046875 0.038333
0 0.127188 0.89625 0.031875 0.0425
0 0.0725 0.759583 0.02875 0.0425
