0 0.716875 0.704583 0.05 0.084167
0 0.595938 0.779583 0.049375 0.080833
0 0.470938 0.818333 0.043125 0.071667
0 0.517813 0.528333 0.046875 0.088333
0 0.546562 0.553333 0.039375 0.088333
0 0.653125 0.43875 0.04875 0.094167
0 0.946562 0.504583 0.045625 0.0925
0 0.827812 0.854167 0.045625 0.101667
0 0.883437 0.962083 0.056875 0.075833
0 0.820937 0.299583 0.046875 0.0875
0 0.622188 0.282083 0.044375 0.0825
0 0.495 0.294583 0.05125 0.074167
0 0.473438 0.241667 0.054375 0.093333
0 0.38875 0.286667 0.05 0.086667
0 0.984688 0.795417 0.030625 0.079167
0 0.885 0.029167 0.05875 0.056667
0 0.843437 0.0625 0.056875 0.07
0 0.71375 0.10875 0.045 0.065833
0 0.697187 0.06125 0.045625 0.0825
0 0.652813 0.08375 0.053125 0.0775
0 0.492812 0.127917 0.059375 0.099167
0 0.527188 0.08875 0.038125 0.095833
0 0.4025 0.151667 0.045 0.08
0 0.341562 0.389583 0.051875 0.0925
0 0.405313 0.5125 0.049375 0.086667
0 0.398438 0.6425 0.053125 0.096667
0 0.3625 0.978333 0.045 0.043333
0 0.365625 0.863333 0.04625 0.095
0 0.334062 0.859167 0.044375 0.055
0 0.315625 0.81625 0.04625 0.0625
0 0.316875 0.75 0.04625 0.075
0 0.247812 0.950417 0.045625 0.080833
0 0.0725 0.972083 0.065 0.055833
0 0.198125 0.799167 0.0425 0.071667
0 0.113125 0.739167 0.04625 0.075
0 0.15 0.728333 0.0325 0.058333
0 0.178437 0.725833 0.025625 0.041667
0 0.16875 0.675 0.04 0.055
0 0.277187 0.455833 0.041875 0.07
0 0.060312 0.48875 0.044375 0.0725
0 0.115312 0.345 0.046875 0.071667
0 0.040625 0.29125 0.045 0.049167
0 0.027187 0.245417 0.046875 0.0525
0 0.03125 0.176667 0.05125 0.065
0 0.259375 0.281667 0.04375 0.088333
0 0.650312 0.34 0.049375 0.071667
0 0.061875 0.85875 0.075 0.100833
