0 0.33625 0.910417 0.0525 0.065833
0 0.010937 0.974167 0.020625 0.051667
0 0.558125 0.688333 0.02625 0.036667
0 0.849063 0.275 0.036875 0.051667
0 0.77125 0.255 0.0275 0.041667
0 0.025625 0.940417 0.0425 0.050833
0 0.025313 0.986667 0.035625 0.026667
0 0.270937 0.78125 0.035625 0.0475
0 0.45125 0.718333 0.03625 0.053333
0 0.6875 0.4975 0.04125 0.063333
0 0.323437 0.372917 0.035625 0.050833
0 0.275938 0.104583 0.038125 0.050833
0 0.561875 0.2525 0.055 0.071667
0 0.504062 0.861667 0.038125 0.046667
0 0.3825 0.18 0.03625 0.051667
0 0.195625 0.579167 0.03875 0.056667
0 0.38625 0.829583 0.04625 0.0575
0 0.070938 0.08125 0.040625 0.050833
0 0.030625 0.859167 0.04 0.051667
0 0.52 0.281667 0.03625 0.048333
0 0.744687 0.02125 0.043125 0.040833
0 0.760938 0.067083 0.046875 0.060833
0 0.508437 0.602917 0.051875 0.074167
0 0.0625 0.802917 0.03875 0.050833
0 0.667813 0.075417 0.043125 0.054167
