0 0.89 0.100417 0.0475 0.065833
0 0.810312 0.164167 0.066875 0.091667
0 0.706875 0.202917 0.03125 0.045833
0 0.598437 0.21 0.058125 0.065
0 0.576875 0.374583 0.05125 0.075833
0 0.625 0.451667 0.0375 0.05
0 0.644062 0.4225 0.038125 0.056667
0 0.665 0.54375 0.04625 0.0675
0 0.951875 0.714167 0.04125 0.075
0 0.939063 0.585833 0.044375 0.066667
0 0.907188 0.72625 0.043125 0.075833
0 0.787188 0.89875 0.041875 0.0775
0 0.722187 0.967083 0.054375 0.0625
0 0.625313 0.907083 0.049375 0.0725
0 0.561875 0.889167 0.03875 0.043333
0 0.543125 0.715 0.05625 0.056667
0 0.544063 0.658333 0.051875 0.05
0 0.5275 0.668333 0.03 0.043333
0 0.500938 0.64625 0.063125 0.080833
0 0.631563 0.65 0.044375 0.063333
0 0.3675 0.967917 0.0475 0.064167
0 0.294687 0.891667 0.035625 0.051667
0 0.246875 0.722083 0.04625 0.0625
0 0.360938 0.520417 0.049375 0.045833
0 0.218438 0.516667 0.036875 0.051667
0 0.465625 0.405833 0.04125 0.053333
0 0.38 0.408333 0.0775 0.08
0 0.400938 0.34625 0.039375 0.040833
0 0.405 0.149583 0.045 0.0625
0 0.144063 0.35875 0.043125 0.0625
0 0.088438 0.34875 0.054375 0.0925
0 0.060625 0.1725 0.05 0.065
0 0.205 0.10375 0.06 0.065833
