0 0.57 0.664167 0.055 0.05
0 0.004687 0.93 0.008125 0.041667
0 0.253125 0.35375 0.05375 0.080833
0 0.350938 0.547083 0.046875 0.065833
0 0.5975 0.249167 0.02375 0.038333
0 0.010937 0.969583 0.020625 0.0525
0 0.818438 0.529583 0.040625 0.049167
0 0.392188 0.98375 0.035625 0.0325
0 0.902813 0.087917 0.034375 0.045833
0 0.465938 0.60875 0.026875 0.0375
0 0.284375 0.033333 0.035 0.046667
0 0.939063 0.279583 0.026875 0.0375
0 0.890312 0.43 0.035625 0.041667
0 0.845625 0.4425 0.02875 0.04
0 0.755 0.198333 0.03375 0.05
0 0.43875 0.177083 0.04 0.055833
0 0.897813 0.4675 0.034375 0.038333
0 0.593437 0.975833 0.034375 0.048333
0 0.644687 0.8775 0.039375 0.055
0 0.990313 0.52125 0.019375 0.0575
0 0.477187 0.980833 0.036875 0.038333
0 0.343125 0.380833 0.0425 0.055
0 0.137187 0.040417 0.063125 0.064167
0 0.669063 0.307083 0.033125 0.040833
0 0.125312 0.32625 0.044375 0.060833
0 0.519687 0.423333 0.038125 0.05
0 0.1425 0.625 0.0325 0.045
0 0.065 0.91875 0.0375 0.0475
