0 0.98625 0.211667 0.0275 0.046667
0 0.801562 0.17 0.025625 0.04
0 0.69875 0.035 0.0375 0.053333
0 0.699688 0.085 0.029375 0.043333
0 0.700937 0.129583 0.028125 0.0475
0 0.594688 0.09375 0.033125 0.040833
0 0.483438 0.097083 0.040625 0.054167
0 0.455 0.074167 0.0225 0.035
0 0.478125 0.220833 0.0325 0.036667
0 0.840313 0.337083 0.031875 0.045833
0 0.827187 0.363333 0.023125 0.033333
0 0.709688 0.293333 0.028125 0.04
0 0.645312 0.412083 0.030625 0.044167
0 0.75125 0.47625 0.0325 0.045833
0 0.800937 0.520417 0.023125 0.0375
0 0.880938 0.55625 0.023125 0.039167
0 0.87625 0.603333 0.03 0.043333
0 0.352187 0.095833 0.029375 0.038333
0 0.320312 0.148333 0.031875 0.048333
0 0.224375 0.182917 0.035 0.0425
0 0.437188 0.207083 0.033125 0.040833
0 0.388125 0.296667 0.03125 0.036667
0 0.157812 0.251667 0.029375 0.041667
0 0.579063 0.192917 0.028125 0.0375
0 0.896875 0.739167 0.03 0.041667
0 0.715625 0.64375 0.03375 0.035833
0 0.6275 0.6625 0.035 0.045
0 0.56 0.67 0.02875 0.046667
0 0.753125 0.730833 0.02625 0.031667
0 0.679063 0.809583 0.028125 0.040833
0 0.987187 0.90625 0.023125 0.035833
0 0.924063 0.986667 0.030625 0.026667
0 0.671875 0.97625 0.02875 0.044167
0 0.698125 0.983333 0.02375 0.033333
0 0.333125 0.722083 0.0225 0.029167
0 0.347813 0.705833 0.020625 0.028333
0 0.332188 0.68125 0.034375 0.035833
0 0.136563 0.667917 0.034375 0.050833
0 0.304375 0.444167 0.03 0.043333
0 0.333437 0.419583 0.021875 0.030833
0 0.36625 0.432917 0.02875 0.039167
0 0.0575 0.444167 0.02625 0.036667
0 0.02625 0.33375 0.03125 0.039167
0 0.022187 0.277083 0.026875 0.0325
0 0.015 0.22375 0.02875 0.0475
