0 0.810937 0.023333 0.024375 0.035
0 0.827812 0.122083 0.023125 0.030833
0 0.9275 0.17875 0.02 0.035833
0 0.908438 0.175417 0.023125 0.035833
0 0.898438 0.205417 0.026875 0.029167
0 0.891563 0.230833 0.026875 0.031667
0 0.895 0.32125 0.0275 0.0375
0 0.97125 0.331667 0.02625 0.033333
0 0.975313 0.251667 0.025625 0.04
0 0.570312 0.023333 0.035625 0.043333
0 0.678125 0.182083 0.0325 0.0475
0 0.675937 0.236667 0.030625 0.038333
0 0.557187 0.214583 0.025625 0.030833
0 0.703125 0.32875 0.02625 0.0325
0 0.874375 0.460833 0.0275 0.035
0 0.785625 0.4175 0.0275 0.043333
0 0.71875 0.423333 0.02625 0.035
0 0.662813 0.347083 0.026875 0.0425
0 0.561875 0.337917 0.0275 0.039167
0 0.866875 0.533333 0.02625 0.04
0 0.835938 0.5575 0.028125 0.043333
0 0.767813 0.506667 0.030625 0.041667
0 0.992812 0.699583 0.014375 0.029167
0 0.954375 0.732917 0.025 0.0325
0 0.844063 0.76 0.026875 0.035
0 0.734375 0.7225 0.0275 0.036667
0 0.685312 0.659583 0.030625 0.044167
0 0.685 0.617917 0.0275 0.040833
0 0.595625 0.612917 0.03 0.044167
0 0.892813 0.957083 0.025625 0.034167
0 0.846562 0.97625 0.025625 0.0325
0 0.774062 0.883333 0.034375 0.048333
0 0.734375 0.9725 0.03125 0.051667
0 0.551875 0.74625 0.03 0.035833
0 0.505625 0.92375 0.02625 0.0325
0 0.389062 0.97 0.029375 0.041667
0 0.423125 0.838333 0.03 0.031667
0 0.491875 0.7025 0.03 0.041667
0 0.528438 0.574583 0.028125 0.035833
0 0.522188 0.59625 0.025625 0.0325
0 0.62 0.43875 0.0325 0.0375
0 0.479375 0.465833 0.0275 0.033333
0 0.451875 0.499167 0.02875 0.038333
0 0.508437 0.279583 0.026875 0.035833
0 0.498125 0.323333 0.03125 0.038333
0 0.440937 0.341667 0.026875 0.035
0 0.421563 0.31125 0.026875 0.0375
0 0.400938 0.280417 0.033125 0.0475
0 0.415938 0.434583 0.030625 0.0475
0 0.374688 0.41 0.029375 0.04
0 0.413125 0.671667 0.02875 0.038333
0 0.357812 0.77875 0.030625 0.054167
0 0.18 0.985833 0.02875 0.028333
0 0.127812 0.947083 0.025625 0.0375
0 0.031875 0.939583 0.02875 0.035833
0 0.046562 0.904583 0.031875 0.054167
0 0.201563 0.817083 0.028125 0.040833
0 0.252188 0.769167 0.021875 0.025
0 0.183438 0.775417 0.025625 0.0325
0 0.014063 0.845417 0.026875 0.045833
0 0.073125 0.735 0.02625 0.031667
0 0.136875 0.786667 0.02625 0.035
0 0.310625 0.62125 0.03375 0.040833
0 0.256875 0.666667 0.0275 0.031667
0 0.2425 0.63625 0.02875 0.030833
0 0.246875 0.603333 0.03 0.036667
0 0.195 0.609167 0.03125 0.038333
0 0.174375 0.635833 0.025 0.033333
0 0.148125 0.6175 0.02625 0.041667
0 0.010937 0.546667 0.020625 0.041667
0 0.260313 0.54125 0.033125 0.040833
0 0.281562 0.479167 0.034375 0.051667
0 0.333125 0.4725 0.02625 0.038333
0 0.135 0.499583 0.0275 0.040833
0 0.01 0.487083 0.01875 0.029167
0 0.049063 0.467917 0.028125 0.0375
0 0.04 0.402917 0.025 0.0375
0 0.0625 0.39 0.0325 0.051667
0 0.090313 0.339167 0.034375 0.045
0 0.02875 0.309167 0.02625 0.033333
0 0.045625 0.264167 0.0275 0.041667
0 0.320937 0.311667 0.026875 0.028333
0 0.324688 0.291667 0.029375 0.028333
0 0.225938 0.25125 0.035625 0.044167
0 0.293438 0.193333 0.033125 0.045
0 0.215312 0.205833 0.029375 0.033333
0 0.187188 0.166667 0.028125 0.035
0 0.18875 0.109583 0.02875 0.040833
0 0.254063 0.0975 0.028125 0.041667
0 0.298125 0.065417 0.0275 0.035833
0 0.05 0.069167 0.02375 0.033333
0 0.19625 0.049167 0.0375 0.051667
0 0.702812 0.862083 0.031875 0.060833
