0 0.6325 0.553333 0.0375 0.061667
0 0.280625 0.013333 0.03375 0.025
0 0.736875 0.41125 0.04625 0.0825
0 0.396875 0.9775 0.03875 0.045
0 0.988437 0.736667 0.023125 0.053333
0 0.0225 0.459583 0.0325 0.049167
0 0.248125 0.481667 0.035 0.051667
0 0.064687 0.115417 0.038125 0.054167
0 0.115625 0.33125 0.03375 0.0525
0 0.076875 0.648333 0.03625 0.053333
0 0.892813 0.769583 0.035625 0.0525
0 0.325937 0.887917 0.035625 0.049167
0 0.0925 0.414583 0.04 0.054167
0 0.090938 0.555417 0.040625 0.059167
0 0.02 0.1475 0.03875 0.061667
0 0.357187 0.86375 0.034375 0.0525
0 0.839375 0.89125 0.04125 0.0575
0 0.495625 0.07875 0.03875 0.0525
0 0.388125 0.2175 0.03875 0.058333
0 0.249375 0.044167 0.03875 0.053333
