0 0.124688 0.654167 0.049375 0.058333
0 0.31125 0.432083 0.0425 0.0525
0 0.275313 0.225 0.046875 0.06
0 0.810312 0.300833 0.043125 0.046667
0 0.7925 0.454167 0.04625 0.058333
0 0.610313 0.476667 0.040625 0.043333
0 0.644375 0.949167 0.05 0.058333
0 0.775312 0.9575 0.043125 0.046667
0 0.899687 0.877083 0.044375 0.059167
0 0.85875 0.657917 0.0525 0.059167
0 0.656875 0.63 0.04375 0.046667
0 0.229687 0.55125 0.046875 0.0625
0 0.943438 0.13375 0.048125 0.0625
0 0.95625 0.703333 0.0325 0.038333
0 0.66625 0.821667 0.02875 0.031667
