0 0.8975 0.21625 0.03625 0.0625
0 0.76375 0.12125 0.035 0.0525
0 0.684063 0.22125 0.036875 0.0575
0 0.645938 0.201667 0.038125 0.065
0 0.35125 0.099583 0.0425 0.065833
0 0.210625 0.025417 0.04125 0.049167
0 0.095625 0.019167 0.04125 0.036667
0 0.151562 0.073333 0.036875 0.045
0 0.182812 0.085417 0.031875 0.050833
0 0.188438 0.197917 0.043125 0.055833
0 0.022187 0.27375 0.040625 0.059167
0 0.09375 0.437917 0.04125 0.055833
0 0.017188 0.491667 0.025625 0.038333
0 0.175937 0.569167 0.036875 0.04
0 0.44 0.517917 0.0425 0.050833
0 0.46125 0.56375 0.0375 0.0425
0 0.496875 0.560417 0.0375 0.0475
0 0.466875 0.615417 0.035 0.054167
0 0.426875 0.604167 0.04375 0.068333
0 0.370312 0.62375 0.036875 0.0475
0 0.384375 0.772083 0.04375 0.054167
0 0.440937 0.765833 0.035625 0.053333
0 0.4375 0.8275 0.0525 0.058333
0 0.485938 0.824167 0.041875 0.063333
0 0.042188 0.8275 0.038125 0.05
0 0.22 0.884167 0.0325 0.04
0 0.159375 0.9775 0.03875 0.045
0 0.866563 0.51375 0.040625 0.065833
0 0.9875 0.5825 0.025 0.066667
0 0.931562 0.660417 0.023125 0.0475
0 0.907813 0.663333 0.030625 0.046667
0 0.744687 0.680417 0.038125 0.050833
0 0.74375 0.831667 0.045 0.076667
0 0.832187 0.863333 0.031875 0.05
0 0.699063 0.945417 0.038125 0.059167
