0 0.504375 0.961667 0.04375 0.051667
0 0.906875 0.957917 0.03875 0.0525
0 0.977812 0.755417 0.040625 0.064167
0 0.865625 0.72125 0.045 0.065833
0 0.781563 0.61625 0.039375 0.0475
0 0.727187 0.535417 0.034375 0.054167
0 0.625625 0.5275 0.03375 0.04
0 0.6975 0.417083 0.04125 0.0525
0 0.61875 0.387083 0.0375 0.050833
0 0.367188 0.803333 0.035625 0.048333
0 0.290312 0.7225 0.033125 0.046667
0 0.320312 0.41125 0.030625 0.044167
0 0.284062 0.42 0.038125 0.053333
0 0.80375 0.218333 0.03625 0.048333
0 0.79 0.13125 0.03625 0.0375
0 0.955 0.194167 0.0325 0.053333
0 0.636563 0.01625 0.035625 0.030833
0 0.459688 0.155833 0.048125 0.068333
0 0.309688 0.186667 0.041875 0.065
0 0.25375 0.150833 0.04125 0.045
0 0.191562 0.26375 0.034375 0.040833
0 0.025937 0.385417 0.030625 0.040833
