0 0.927188 0.225417 0.048125 0.055833
0 0.865313 0.31875 0.043125 0.059167
0 0.845625 0.589583 0.03125 0.039167
0 0.816875 0.592917 0.03 0.0425
0 0.932187 0.80375 0.036875 0.050833
0 0.920937 0.945833 0.031875 0.045
0 0.689063 0.988333 0.034375 0.023333
0 0.430937 0.974167 0.039375 0.045
0 0.38625 0.92875 0.04125 0.060833
0 0.1975 0.877917 0.02625 0.044167
0 0.019375 0.956667 0.03125 0.036667
0 0.090938 0.810833 0.036875 0.048333
0 0.247812 0.607083 0.033125 0.0425
0 0.27125 0.647083 0.03625 0.050833
0 0.306563 0.630417 0.030625 0.0525
0 0.384375 0.612917 0.0475 0.0675
0 0.431875 0.5825 0.0425 0.051667
0 0.570937 0.663333 0.045625 0.061667
0 0.557813 0.589167 0.040625 0.051667
0 0.590313 0.45625 0.030625 0.049167
0 0.058438 0.522917 0.034375 0.0475
0 0.034063 0.464583 0.030625 0.040833
0 0.008438 0.442083 0.015625 0.0475
0 0.02125 0.305417 0.03375 0.044167
0 0.160312 0.219583 0.031875 0.045833
0 0.237187 0.223333 0.039375 0.053333
0 0.425312 0.254167 0.033125 0.045
0 0.230937 0.070833 0.021875 0.031667
0 0.333437 0.091667 0.036875 0.046667
0 0.554063 0.028333 0.029375 0.043333
0 0.331875 0.91875 0.04 0.045833
0 0.844063 0.53 0.029375 0.036667
