0 0.065312 0.629583 0.045625 0.055833
0 0.020625 0.370833 0.0375 0.048333
0 0.115312 0.213333 0.049375 0.068333
0 0.554063 0.09125 0.040625 0.049167
0 0.544063 0.03 0.034375 0.05
0 0.575937 0.017917 0.030625 0.034167
0 0.621563 0.024167 0.048125 0.046667
0 0.45125 0.416667 0.0475 0.065
0 0.516875 0.592917 0.045 0.0725
0 0.552813 0.762917 0.051875 0.059167
0 0.657813 0.679167 0.048125 0.06
0 0.776875 0.608333 0.04875 0.063333
0 0.789375 0.50875 0.0475 0.0575
0 0.924687 0.54625 0.048125 0.079167
0 0.964375 0.527083 0.03875 0.064167
0 0.935625 0.45 0.03875 0.045
0 0.97375 0.465833 0.0425 0.06
0 0.9925 0.5175 0.015 0.071667
0 0.91 0.65 0.03375 0.055
0 0.860313 0.831667 0.038125 0.045
0 0.86375 0.1475 0.0375 0.05
0 0.823125 0.097917 0.04 0.060833
0 0.244375 0.694167 0.04 0.05
