0 0.596562 0.065833 0.033125 0.051667
0 0.703438 0.060417 0.034375 0.049167
0 0.584063 0.381667 0.036875 0.056667
0 0.446875 0.37125 0.03875 0.0475
0 0.843437 0.207083 0.033125 0.044167
0 0.846875 0.325 0.0425 0.055
0 0.409062 0.427917 0.038125 0.0375
0 0.134375 0.180417 0.03125 0.040833
0 0.12375 0.401667 0.02625 0.038333
0 0.037187 0.280833 0.025625 0.03
0 0.073125 0.536667 0.02625 0.03
0 0.097812 0.971667 0.034375 0.038333
0 0.253125 0.79 0.035 0.051667
0 0.434063 0.6425 0.030625 0.033333
0 0.498437 0.7875 0.038125 0.05
0 0.710313 0.755417 0.024375 0.0375
0 0.81 0.66 0.03 0.04
0 0.87875 0.812917 0.03875 0.054167
0 0.641875 0.567917 0.035 0.034167
0 0.98875 0.850833 0.0225 0.051667
0 0.647813 0.88 0.043125 0.06
