0 0.935312 0.08375 0.033125 0.0425
0 0.9375 0.298333 0.035 0.043333
0 0.808438 0.375833 0.034375 0.043333
0 0.61375 0.48125 0.03875 0.0475
0 0.59375 0.514583 0.04375 0.055833
0 0.535625 0.328333 0.03625 0.043333
0 0.94 0.686667 0.03875 0.05
0 0.799063 0.635833 0.028125 0.046667
0 0.840625 0.715833 0.02875 0.055
0 0.849375 0.827083 0.0325 0.050833
0 0.79875 0.824583 0.04375 0.059167
0 0.698438 0.864167 0.041875 0.05
0 0.649687 0.706667 0.038125 0.05
0 0.52375 0.742083 0.02875 0.0425
0 0.0875 0.857917 0.03125 0.0475
0 0.23875 0.819583 0.0325 0.049167
0 0.350313 0.66875 0.035625 0.045833
0 0.25375 0.514167 0.0325 0.046667
0 0.178125 0.536667 0.04625 0.046667
0 0.053125 0.57625 0.035 0.044167
0 0.26875 0.966667 0.04 0.046667
0 0.29125 0.414167 0.035 0.05
0 0.803438 0.17 0.046875 0.058333
0 0.668438 0.104167 0.028125 0.035
0 0.397813 0.229167 0.035625 0.051667
0 0.267813 0.226667 0.039375 0.053333
0 0.380937 0.116667 0.039375 0.053333
0 0.217188 0.12875 0.041875 0.054167
0 0.095937 0.10125 0.036875 0.045833
0 0.105938 0.021667 0.045625 0.041667
