0 0.8 0.93 0.0275 0.041667
0 0.7825 0.97625 0.03 0.034167
0 0.810312 0.510417 0.046875 0.0625
0 0.97875 0.581667 0.035 0.043333
0 0.94375 0.41125 0.04125 0.060833
0 0.879687 0.332917 0.036875 0.045833
0 0.96625 0.206667 0.0225 0.031667
0 0.929688 0.11875 0.029375 0.0475
0 0.94625 0.1125 0.01625 0.023333
0 0.766875 0.07625 0.035 0.050833
0 0.606875 0.175 0.04375 0.056667
0 0.56 0.161667 0.03875 0.046667
0 0.438437 0.149583 0.029375 0.0475
0 0.537188 0.372917 0.038125 0.0575
0 0.460625 0.225417 0.025 0.040833
0 0.542813 0.51375 0.033125 0.054167
0 0.487187 0.605417 0.046875 0.059167
0 0.500313 0.939583 0.035625 0.0525
0 0.398438 0.95625 0.040625 0.0675
0 0.035 0.605 0.03875 0.048333
0 0.131562 0.621667 0.038125 0.055
0 0.165937 0.612917 0.041875 0.0575
0 0.2525 0.502083 0.035 0.049167
0 0.317188 0.26125 0.028125 0.040833
0 0.235625 0.2675 0.03875 0.048333
0 0.04875 0.269583 0.03125 0.055833
0 0.1625 0.2025 0.03375 0.038333
0 0.109063 0.049167 0.044375 0.061667
