0 0.17 0.047917 0.03625 0.055833
0 0.48375 0.058333 0.0475 0.071667
0 0.555 0.027917 0.045 0.054167
0 0.593437 0.107083 0.035625 0.064167
0 0.659375 0.178333 0.05 0.06
0 0.837187 0.075 0.043125 0.061667
0 0.970938 0.068333 0.043125 0.058333
0 0.860938 0.176667 0.053125 0.08
0 0.529062 0.326667 0.040625 0.068333
0 0.6125 0.41 0.04875 0.061667
0 0.279062 0.303333 0.036875 0.055
0 0.10625 0.277083 0.0375 0.055833
0 0.163125 0.42125 0.04 0.065833
0 0.450313 0.448333 0.043125 0.066667
0 0.476562 0.552083 0.058125 0.0825
0 0.534375 0.554167 0.05 0.073333
0 0.530625 0.608333 0.04125 0.053333
0 0.525312 0.815833 0.044375 0.051667
0 0.386875 0.87375 0.0475 0.074167
0 0.291563 0.622083 0.038125 0.069167
0 0.177813 0.735 0.044375 0.068333
0 0.020938 0.63875 0.040625 0.064167
0 0.044375 0.827917 0.03875 0.0625
0 0.015312 0.95625 0.029375 0.0625
0 0.3125 0.404167 0.04625 0.07
0 0.668438 0.249167 0.048125 0.076667
0 0.845313 0.612917 0.053125 0.074167
0 0.866563 0.9275 0.044375 0.061667
