0 0.917188 0.019583 0.038125 0.0375
0 0.967812 0.093333 0.036875 0.053333
0 0.857187 0.220833 0.040625 0.053333
0 0.700625 0.12 0.03125 0.041667
0 0.720938 0.107083 0.030625 0.039167
0 0.629687 0.35 0.033125 0.053333
0 0.589688 0.31625 0.029375 0.044167
0 0.77875 0.53625 0.02875 0.0425
0 0.740938 0.614167 0.033125 0.045
0 0.874687 0.749583 0.031875 0.044167
0 0.568125 0.69 0.035 0.041667
0 0.83625 0.867917 0.035 0.049167
0 0.83625 0.967083 0.02875 0.0425
0 0.669375 0.947083 0.03 0.059167
0 0.490938 0.903333 0.051875 0.058333
0 0.479687 0.79625 0.039375 0.044167
0 0.44125 0.770417 0.035 0.040833
0 0.434688 0.557083 0.031875 0.044167
0 0.299375 0.910833 0.0325 0.041667
0 0.225938 0.949583 0.033125 0.035833
0 0.16375 0.93 0.0325 0.046667
0 0.234375 0.764583 0.03625 0.0425
0 0.22625 0.585 0.03125 0.038333
0 0.178125 0.4725 0.02625 0.038333
0 0.45625 0.383333 0.02875 0.036667
0 0.387188 0.387083 0.031875 0.0425
0 0.306875 0.3975 0.0275 0.038333
0 0.247812 0.465 0.029375 0.036667
0 0.056563 0.348333 0.029375 0.04
0 0.14125 0.144583 0.03375 0.050833
0 0.270313 0.098333 0.020625 0.035
0 0.349062 0.07375 0.050625 0.085833
