0 0.766563 0.762083 0.036875 0.049167
0 0.643125 0.897917 0.0275 0.030833
0 0.64125 0.87 0.035 0.031667
0 0.561875 0.859167 0.03625 0.045
0 0.366875 0.86375 0.03625 0.039167
0 0.415312 0.72625 0.030625 0.049167
0 0.220625 0.767917 0.0325 0.0425
0 0.396875 0.57 0.03 0.043333
0 0.306875 0.65 0.03125 0.038333
0 0.24375 0.714583 0.03 0.0425
0 0.014687 0.619583 0.028125 0.044167
0 0.2225 0.430417 0.0325 0.0425
0 0.345313 0.333333 0.029375 0.041667
0 0.177187 0.254583 0.034375 0.0475
0 0.685312 0.305417 0.026875 0.035833
0 0.7425 0.301667 0.03125 0.045
0 0.705 0.169167 0.0325 0.035
0 0.6275 0.755 0.02625 0.038333
