0 0.855938 0.077083 0.031875 0.0425
0 0.785625 0.3825 0.03 0.041667
0 0.534687 0.240833 0.034375 0.05
0 0.509062 0.351667 0.028125 0.043333
0 0.910937 0.540417 0.033125 0.044167
0 0.963437 0.574583 0.033125 0.040833
0 0.901875 0.708333 0.03125 0.04
0 0.946562 0.764583 0.028125 0.040833
0 0.7675 0.645 0.0325 0.04
0 0.790312 0.565417 0.024375 0.0325
0 0.7975 0.527917 0.035 0.0475
0 0.782813 0.473333 0.035625 0.056667
0 0.331875 0.381667 0.03125 0.041667
0 0.361563 0.445417 0.031875 0.040833
0 0.374375 0.879583 0.0425 0.050833
0 0.12 0.985833 0.0275 0.028333
0 0.277813 0.97375 0.039375 0.0425
