0 0.005313 0.215417 0.009375 0.055833
0 0.243125 0.136667 0.04875 0.048333
0 0.93125 0.014583 0.0375 0.0275
0 0.765 0.462083 0.0325 0.0525
0 0.98875 0.899167 0.0225 0.06
0 0.82625 0.509167 0.0325 0.06
0 0.424063 0.383333 0.036875 0.051667
0 0.75 0.425417 0.0375 0.050833
0 0.169687 0.485833 0.038125 0.06
0 0.40375 0.961667 0.04 0.06
0 0.712812 0.28 0.036875 0.058333
0 0.45375 0.915417 0.0425 0.070833
0 0.360938 0.575833 0.040625 0.063333
0 0.680625 0.762083 0.03875 0.060833
0 0.466875 0.252083 0.0475 0.070833
0 0.3225 0.8275 0.04 0.06
0 0.627812 0.200833 0.036875 0.056667
0 0.32375 0.3725 0.045 0.075
0 0.494375 0.159583 0.0375 0.059167
0 0.258125 0.562917 0.045 0.069167
0 0.32375 0.162083 0.045 0.074167
