0 0.912813 0.824583 0.041875 0.0675
0 0.827187 0.884167 0.041875 0.075
0 0.584375 0.970833 0.04875 0.058333
0 0.633125 0.985417 0.0375 0.029167
0 0.555 0.802917 0.04125 0.0725
0 0.519687 0.82625 0.048125 0.059167
0 0.416875 0.884167 0.04 0.053333
0 0.375 0.85875 0.0525 0.064167
0 0.752188 0.7025 0.045625 0.076667
0 0.665312 0.650417 0.046875 0.0825
0 0.5475 0.671667 0.05125 0.076667
0 0.360312 0.68375 0.043125 0.0575
0 0.11875 0.985417 0.03875 0.029167
0 0.236563 0.914167 0.046875 0.065
0 0.042188 0.824583 0.041875 0.064167
0 0.024688 0.775833 0.048125 0.076667
0 0.056563 0.705833 0.039375 0.063333
0 0.105625 0.704167 0.045 0.066667
0 0.136563 0.68 0.055625 0.068333
0 0.1625 0.739583 0.06 0.080833
0 0.281875 0.602917 0.03875 0.0575
0 0.330937 0.559167 0.050625 0.085
0 0.283438 0.53875 0.041875 0.0675
0 0.208125 0.398333 0.04875 0.073333
0 0.560312 0.46875 0.033125 0.0525
0 0.320937 0.384167 0.041875 0.07
0 0.714375 0.457083 0.04625 0.0725
0 0.743125 0.42875 0.04625 0.069167
0 0.880938 0.358333 0.039375 0.073333
0 0.689375 0.359167 0.05125 0.08
0 0.6225 0.316667 0.04 0.051667
0 0.586875 0.265417 0.0425 0.0675
0 0.755938 0.229167 0.040625 0.066667
0 0.680312 0.139167 0.041875 0.07
0 0.936875 0.11625 0.0475 0.0675
0 0.944063 0.03375 0.035625 0.0575
0 0.79625 0.016667 0.0575 0.031667
0 0.500313 0.1525 0.044375 0.07
0 0.47 0.179583 0.04625 0.069167
0 0.394688 0.140417 0.043125 0.074167
0 0.334062 0.205417 0.049375 0.065833
0 0.341875 0.271667 0.04375 0.07
0 0.059062 0.34375 0.058125 0.099167
0 0.06125 0.1075 0.03875 0.065
0 0.280938 0.05375 0.050625 0.080833
0 0.238437 0.037083 0.046875 0.060833
0 0.1575 0.016667 0.0475 0.031667
0 0.554375 0.19875 0.0525 0.079167
