0 0.789687 0.295 0.036875 0.06
0 0.992188 0.62375 0.015625 0.044167
0 0.924687 0.62375 0.039375 0.0575
0 0.90625 0.87625 0.035 0.050833
0 0.782813 0.794167 0.043125 0.051667
0 0.7425 0.853333 0.02875 0.045
0 0.582812 0.667917 0.041875 0.044167
0 0.6475 0.528333 0.0375 0.053333
0 0.638437 0.795 0.039375 0.051667
0 0.703438 0.98375 0.040625 0.0325
0 0.595938 0.957083 0.033125 0.0525
0 0.375 0.849167 0.0375 0.05
0 0.472813 0.623333 0.041875 0.053333
0 0.433125 0.59 0.035 0.048333
0 0.41375 0.457083 0.04 0.044167
0 0.64 0.580417 0.025 0.030833
0 0.33375 0.153333 0.04125 0.053333
0 0.233437 0.295833 0.036875 0.043333
0 0.157188 0.277917 0.049375 0.060833
0 0.091875 0.38375 0.03875 0.044167
0 0.220312 0.393333 0.040625 0.051667
0 0.234687 0.455833 0.040625 0.051667
0 0.23 0.526667 0.035 0.038333
0 0.041875 0.695417 0.02875 0.039167
0 0.217812 0.905833 0.038125 0.041667
0 0.2575 0.839583 0.03125 0.040833
0 0.898438 0.683333 0.051875 0.071667
