0 0.064062 0.823333 0.035625 0.046667
0 0.027813 0.790417 0.036875 0.0525
0 0.203125 0.61375 0.025 0.034167
0 0.119063 0.493333 0.041875 0.056667
0 0.08875 0.439167 0.02375 0.035
0 0.094687 0.263333 0.039375 0.055
0 0.307812 0.225417 0.038125 0.050833
0 0.254688 0.087917 0.029375 0.049167
0 0.374375 0.0425 0.03125 0.043333
0 0.588437 0.129583 0.043125 0.0575
0 0.570625 0.390833 0.03375 0.045
0 0.246875 0.520417 0.0225 0.034167
0 0.390313 0.625 0.039375 0.053333
0 0.444688 0.625417 0.031875 0.0475
0 0.394375 0.905 0.0375 0.04
0 0.51625 0.851667 0.0275 0.043333
0 0.99125 0.814167 0.0175 0.038333
0 0.839063 0.745 0.029375 0.038333
0 0.945 0.66 0.03125 0.051667
0 0.967187 0.612917 0.038125 0.060833
0 0.78875 0.512083 0.03875 0.049167
0 0.89875 0.34375 0.03375 0.0475
0 0.888437 0.317083 0.034375 0.0425
0 0.961562 0.274167 0.034375 0.045
0 0.988125 0.2575 0.02375 0.043333
0 0.834375 0.249583 0.0425 0.0575
