0 0.8575 0.096667 0.04875 0.076667
0 0.750938 0.095833 0.039375 0.066667
0 0.760938 0.199167 0.038125 0.063333
0 0.555 0.093333 0.04625 0.066667
0 0.58 0.352083 0.04125 0.064167
0 0.544375 0.306667 0.04375 0.068333
0 0.517188 0.280833 0.041875 0.068333
0 0.659687 0.453333 0.040625 0.061667
0 0.4825 0.03125 0.04375 0.0575
0 0.464062 0.055417 0.041875 0.054167
0 0.3225 0.13125 0.0525 0.0725
0 0.27875 0.045833 0.0425 0.061667
0 0.448125 0.346667 0.04375 0.06
0 0.140313 0.332917 0.061875 0.074167
0 0.117188 0.259583 0.053125 0.060833
0 0.127188 0.204583 0.048125 0.0575
0 0.02625 0.47125 0.05125 0.0775
0 0.080937 0.6275 0.053125 0.08
0 0.123438 0.65375 0.045625 0.064167
0 0.26375 0.692917 0.05875 0.070833
0 0.31875 0.735 0.03875 0.061667
0 0.454062 0.607083 0.043125 0.070833
0 0.634062 0.573333 0.044375 0.066667
0 0.547188 0.679167 0.051875 0.076667
0 0.8675 0.85375 0.0375 0.055833
0 0.755625 0.904167 0.035 0.056667
0 0.984375 0.632917 0.03125 0.060833
0 0.38125 0.84125 0.045 0.059167
0 0.405 0.897917 0.045 0.064167
0 0.470938 0.9475 0.036875 0.058333
0 0.35375 0.89625 0.03875 0.054167
0 0.299375 0.87 0.05125 0.086667
0 0.290625 0.945 0.04625 0.066667
0 0.156875 0.936667 0.04 0.055
0 0.119688 0.905417 0.036875 0.0575
0 0.163438 0.879167 0.036875 0.05
0 0.250625 0.822083 0.04625 0.069167
0 0.60375 0.88 0.04125 0.061667
