0 0.063437 0.730417 0.031875 0.0425
0 0.157812 0.742083 0.034375 0.0525
0 0.17625 0.66625 0.02875 0.0425
0 0.17375 0.629167 0.035 0.041667
0 0.299687 0.559167 0.030625 0.04
0 0.389375 0.530417 0.04 0.050833
0 0.391875 0.330833 0.02875 0.036667
0 0.311875 0.162083 0.035 0.049167
0 0.835313 0.232083 0.030625 0.045833
0 0.585625 0.543333 0.035 0.045
0 0.715313 0.690417 0.038125 0.0475
0 0.948125 0.824583 0.04 0.0575
0 0.832187 0.571667 0.040625 0.058333
0 0.853125 0.292083 0.03 0.0475
0 0.783125 0.299167 0.0275 0.038333
0 0.955 0.029167 0.0325 0.041667
0 0.605 0.843333 0.03375 0.048333
0 0.861875 0.424583 0.03125 0.039167
0 0.474687 0.020833 0.033125 0.04
