0 0.0075 0.649583 0.01375 0.040833
0 0.216875 0.884167 0.0275 0.048333
0 0.00875 0.555417 0.01625 0.040833
0 0.192812 0.883333 0.023125 0.045
0 0.829375 0.170833 0.04125 0.063333
0 0.835 0.96375 0.04125 0.0675
0 0.12375 0.035 0.0375 0.045
0 0.35 0.732083 0.04 0.0575
0 0.19 0.934167 0.03625 0.046667
0 0.15375 0.170417 0.03375 0.050833
0 0.14 0.46875 0.03625 0.054167
0 0.164687 0.884583 0.031875 0.049167
0 0.63375 0.037083 0.0525 0.0725
0 0.75375 0.53 0.03625 0.051667
0 0.123438 0.519167 0.035625 0.048333
0 0.220625 0.269583 0.0375 0.049167
0 0.3375 0.946667 0.04375 0.056667
0 0.047813 0.220417 0.039375 0.054167
0 0.436875 0.62 0.035 0.053333
0 0.435625 0.80375 0.0425 0.059167
0 0.180625 0.07875 0.04625 0.044167
0 0.341562 0.850417 0.036875 0.045833
0 0.40375 0.099167 0.03375 0.056667
0 0.350625 0.898333 0.03625 0.043333
0 0.630938 0.530833 0.039375 0.053333
0 0.6675 0.343333 0.0375 0.048333
0 0.5825 0.193333 0.0375 0.055
0 0.4975 0.065 0.0425 0.06
0 0.895 0.66625 0.04125 0.054167
0 0.865625 0.900833 0.03875 0.053333
0 0.191562 0.808333 0.034375 0.051667
0 0.372812 0.095 0.031875 0.043333
0 0.63375 0.887917 0.03875 0.0475
0 0.488438 0.625 0.048125 0.056667
0 0.155 0.220833 0.0375 0.048333
0 0.497188 0.897083 0.044375 0.055833
0 0.835 0.10875 0.0325 0.0475
0 0.974688 0.645 0.049375 0.081667
0 0.789062 0.164167 0.039375 0.06
