0 0.919375 0.012917 0.0375 0.024167
0 0.774062 0.048333 0.039375 0.06
0 0.728125 0.034583 0.035 0.0475
0 0.800625 0.119167 0.03125 0.055
0 0.980313 0.1675 0.039375 0.061667
0 0.954375 0.217917 0.03 0.035833
0 0.957187 0.277917 0.035625 0.059167
0 0.873437 0.286667 0.026875 0.043333
0 0.820312 0.27125 0.035625 0.044167
0 0.630313 0.210833 0.040625 0.053333
0 0.349375 0.120833 0.04125 0.065
0 0.260937 0.0925 0.046875 0.055
0 0.238437 0.016667 0.041875 0.031667
0 0.08625 0.065417 0.03875 0.050833
0 0.066875 0.100833 0.03875 0.051667
0 0.459062 0.145417 0.028125 0.0375
0 0.42375 0.290833 0.04125 0.061667
0 0.500313 0.351667 0.036875 0.055
0 0.343125 0.357083 0.04375 0.059167
0 0.354687 0.430417 0.034375 0.045833
0 0.659375 0.4325 0.0325 0.04
0 0.710313 0.48875 0.029375 0.039167
0 0.55 0.501667 0.03625 0.056667
0 0.098125 0.47125 0.03375 0.0475
0 0.297812 0.603333 0.034375 0.046667
0 0.765 0.415 0.035 0.05
0 0.867188 0.44375 0.031875 0.0475
0 0.87875 0.506667 0.03625 0.051667
0 0.934063 0.474583 0.035625 0.044167
0 0.950937 0.565833 0.036875 0.055
0 0.84125 0.62375 0.0375 0.0525
0 0.817813 0.656667 0.033125 0.043333
0 0.76625 0.627083 0.03375 0.0525
0 0.750938 0.7225 0.050625 0.071667
0 0.526875 0.574583 0.04125 0.060833
0 0.6025 0.5875 0.03875 0.046667
0 0.429375 0.576667 0.04 0.053333
0 0.276562 0.677917 0.035625 0.045833
0 0.445625 0.752917 0.04125 0.059167
0 0.943125 0.82875 0.0375 0.055833
0 0.926562 0.885417 0.035625 0.045833
0 0.8075 0.865833 0.03875 0.058333
0 0.742812 0.8125 0.035625 0.045
0 0.731563 0.94125 0.034375 0.045833
0 0.619687 0.905 0.039375 0.05
0 0.541875 0.955417 0.03375 0.055833
0 0.624062 0.986667 0.046875 0.026667
0 0.85 0.985833 0.04 0.028333
0 0.414687 0.88625 0.033125 0.034167
0 0.400938 0.862083 0.038125 0.054167
0 0.39375 0.932917 0.04625 0.064167
0 0.371563 0.97625 0.035625 0.039167
0 0.250937 0.97625 0.055625 0.0475
0 0.613125 0.794167 0.035 0.048333
0 0.240625 0.844583 0.03875 0.055833
0 0.20625 0.89125 0.02875 0.045833
0 0.175625 0.904167 0.0375 0.05
0 0.112812 0.88375 0.031875 0.050833
0 0.06625 0.8675 0.03625 0.045
0 0.03625 0.823333 0.0325 0.048333
0 0.063125 0.9875 0.035 0.025
