0 0.790625 0.06875 0.03125 0.0475
0 0.792188 0.111667 0.028125 0.035
0 0.939063 0.335833 0.031875 0.038333
0 0.974375 0.402083 0.04625 0.070833
0 0.946875 0.4875 0.02875 0.046667
0 0.89125 0.560417 0.035 0.0425
0 0.899062 0.604167 0.041875 0.05
0 0.705937 0.54 0.036875 0.041667
0 0.669375 0.574583 0.02875 0.034167
0 0.613125 0.427917 0.03875 0.044167
0 0.958125 0.83125 0.03875 0.050833
0 0.765938 0.707083 0.049375 0.069167
0 0.65 0.855 0.0675 0.095
0 0.589688 0.957917 0.028125 0.035833
0 0.468125 0.898333 0.05375 0.075
0 0.030937 0.977083 0.040625 0.045833
0 0.125625 0.970417 0.05625 0.059167
0 0.095625 0.78125 0.04 0.045833
0 0.106875 0.745 0.04125 0.05
0 0.250625 0.52375 0.0375 0.049167
0 0.104375 0.475833 0.035 0.048333
0 0.245 0.352917 0.06375 0.0875
0 0.155625 0.287083 0.0575 0.090833
0 0.316875 0.249583 0.0425 0.064167
0 0.408125 0.165417 0.03875 0.049167
0 0.060312 0.256667 0.040625 0.05
0 0.028125 0.206667 0.04125 0.058333
