0 0.895625 0.015417 0.03125 0.029167
0 0.525 0.02625 0.0425 0.050833
0 0.493125 0.194583 0.0325 0.045833
0 0.982812 0.095 0.030625 0.035
0 0.76625 0.094583 0.045 0.059167
0 0.802813 0.19625 0.034375 0.044167
0 0.725313 0.273333 0.028125 0.043333
0 0.690312 0.314167 0.029375 0.038333
0 0.850938 0.420833 0.021875 0.03
0 0.765312 0.543333 0.030625 0.033333
0 0.880625 0.824583 0.03375 0.0375
0 0.631875 0.817917 0.035 0.0425
0 0.77625 0.94875 0.03 0.044167
0 0.413125 0.725833 0.03125 0.036667
0 0.345938 0.783333 0.038125 0.051667
0 0.29875 0.722917 0.035 0.049167
0 0.28625 0.57 0.0425 0.051667
0 0.25625 0.164583 0.02875 0.039167
0 0.210938 0.2425 0.025625 0.036667
0 0.214062 0.321667 0.039375 0.048333
0 0.152188 0.25375 0.029375 0.039167
0 0.119688 0.464583 0.029375 0.0425
0 0.035312 0.78375 0.033125 0.045833
0 0.136563 0.858333 0.028125 0.043333
