0 0.023438 0.125417 0.043125 0.055833
0 0.014375 0.23125 0.0275 0.060833
0 0.012812 0.356667 0.024375 0.061667
0 0.1075 0.440833 0.03875 0.058333
0 0.140313 0.44 0.028125 0.056667
0 0.115937 0.402917 0.038125 0.040833
0 0.230313 0.444167 0.050625 0.071667
0 0.26375 0.4025 0.045 0.08
0 0.335938 0.377917 0.039375 0.045833
0 0.329375 0.34 0.03875 0.046667
0 0.60375 0.2725 0.04 0.053333
0 0.610313 0.32 0.030625 0.048333
0 0.6525 0.3125 0.04 0.07
0 0.759062 0.128333 0.046875 0.06
0 0.91375 0.375 0.045 0.056667
0 0.654375 0.594583 0.0475 0.0725
0 0.553125 0.662917 0.05 0.0675
0 0.351875 0.650833 0.04875 0.071667
0 0.333437 0.684583 0.050625 0.075833
0 0.29875 0.62125 0.035 0.064167
0 0.123125 0.63 0.03875 0.07
0 0.168437 0.733333 0.039375 0.063333
0 0.154688 0.897083 0.039375 0.059167
0 0.408125 0.929167 0.055 0.066667
0 0.58875 0.832083 0.04625 0.0775
0 0.839375 0.818333 0.0475 0.078333
0 0.565937 0.070833 0.036875 0.053333
0 0.963125 0.2075 0.05625 0.078333
