0 0.864375 0.058333 0.04875 0.061667
0 0.9375 0.414583 0.03125 0.0525
0 0.759687 0.375833 0.038125 0.048333
0 0.731875 0.251667 0.03875 0.055
0 0.653125 0.128333 0.04875 0.07
0 0.712187 0.065833 0.044375 0.05
0 0.582187 0.31375 0.038125 0.0525
0 0.757812 0.62375 0.033125 0.049167
0 0.623437 0.699583 0.058125 0.0775
0 0.753125 0.771667 0.0575 0.076667
0 0.450625 0.89875 0.05125 0.099167
0 0.497812 0.900833 0.039375 0.06
0 0.611875 0.912083 0.05125 0.075833
0 0.348438 0.958333 0.059375 0.071667
0 0.308437 0.72875 0.040625 0.044167
0 0.331875 0.675 0.04375 0.055
0 0.217812 0.45125 0.033125 0.060833
0 0.15375 0.643333 0.05375 0.07
0 0.102188 0.71875 0.041875 0.044167
0 0.085312 0.757917 0.038125 0.0575
0 0.017188 0.476667 0.033125 0.078333
0 0.1325 0.36125 0.05875 0.074167
0 0.15125 0.22125 0.0525 0.0675
0 0.37 0.202917 0.0425 0.054167
0 0.30875 0.112917 0.03875 0.0575
0 0.421875 0.025417 0.035 0.045833
0 0.452813 0.019583 0.030625 0.0375
0 0.474062 0.04625 0.043125 0.0575
