0 0.959063 0.79 0.030625 0.051667
0 0.794375 0.8425 0.0375 0.055
0 0.893437 0.350833 0.030625 0.048333
0 0.839375 0.294167 0.03 0.048333
0 0.8975 0.218333 0.03625 0.043333
0 0.690312 0.117917 0.031875 0.045833
0 0.359375 0.099167 0.0325 0.041667
0 0.537188 0.23125 0.023125 0.030833
0 0.414062 0.314167 0.026875 0.041667
0 0.527813 0.4 0.033125 0.046667
0 0.555312 0.44 0.028125 0.045
0 0.3425 0.54 0.03125 0.038333
0 0.46875 0.6075 0.03125 0.038333
0 0.414062 0.747917 0.031875 0.0425
0 0.191562 0.98875 0.030625 0.0225
0 0.232187 0.699583 0.033125 0.044167
0 0.220312 0.7275 0.030625 0.04
0 0.184688 0.700417 0.030625 0.0425
0 0.115 0.804583 0.03 0.044167
0 0.021875 0.804583 0.0375 0.0525
0 0.037187 0.3 0.035625 0.048333
0 0.083437 0.404583 0.029375 0.0425
0 0.108125 0.275 0.03 0.04
0 0.15375 0.015833 0.0275 0.03
