0 0.689688 0.959167 0.036875 0.04
0 0.115625 0.897083 0.03125 0.040833
0 0.212188 0.622083 0.038125 0.054167
0 0.33375 0.612917 0.03 0.045833
0 0.097187 0.59125 0.028125 0.035833
0 0.283125 0.405417 0.035 0.050833
0 0.19 0.319167 0.03 0.05
0 0.104063 0.174583 0.039375 0.049167
0 0.158438 0.074583 0.028125 0.0425
0 0.177813 0.091667 0.030625 0.041667
0 0.179688 0.1225 0.026875 0.033333
0 0.277813 0.169167 0.041875 0.063333
0 0.290938 0.275417 0.034375 0.055833
0 0.339687 0.33125 0.035625 0.054167
0 0.255 0.521667 0.0275 0.038333
0 0.343125 0.434167 0.035 0.04
0 0.4875 0.642083 0.0325 0.050833
0 0.532188 0.5225 0.031875 0.046667
0 0.504687 0.422917 0.030625 0.045833
0 0.4875 0.330833 0.03875 0.056667
0 0.487187 0.270417 0.033125 0.035833
0 0.469062 0.244583 0.034375 0.045833
0 0.474375 0.18375 0.0325 0.0425
0 0.575937 0.262917 0.038125 0.045833
0 0.66 0.273333 0.03875 0.055
0 0.479375 0.107083 0.03125 0.039167
0 0.4375 0.548333 0.035 0.045
0 0.597187 0.0825 0.031875 0.043333
0 0.85125 0.162917 0.04125 0.054167
0 0.819688 0.22375 0.029375 0.0425
0 0.7725 0.1975 0.03 0.041667
0 0.730938 0.5025 0.029375 0.05
0 0.955313 0.921667 0.038125 0.05
0 0.745313 0.6225 0.030625 0.046667
0 0.952187 0.557917 0.035625 0.045833
0 0.989062 0.567917 0.021875 0.040833
0 0.939375 0.35625 0.03625 0.049167
0 0.943438 0.240417 0.035625 0.044167
0 0.98875 0.318333 0.0225 0.038333
0 0.975 0.204167 0.02375 0.033333
0 0.929375 0.16625 0.02375 0.030833
0 0.570625 0.307917 0.02875 0.0375
