0 0.706875 0.9875 0.0425 0.025
0 0.899062 0.987917 0.030625 0.024167
0 0.3825 0.9675 0.04 0.048333
0 0.30875 0.905 0.045 0.071667
0 0.033438 0.06375 0.040625 0.055833
0 0.162188 0.362917 0.044375 0.065833
0 0.854688 0.057917 0.040625 0.0575
0 0.094062 0.91 0.041875 0.061667
0 0.989688 0.48625 0.020625 0.0575
0 0.4975 0.845417 0.03375 0.050833
0 0.259375 0.9625 0.03875 0.06
0 0.32375 0.835417 0.03625 0.054167
0 0.168437 0.145417 0.050625 0.075833
0 0.207813 0.47625 0.038125 0.0625
0 0.462813 0.372917 0.040625 0.064167
0 0.958125 0.924583 0.04625 0.075833
0 0.694375 0.77125 0.05 0.074167
0 0.228125 0.582917 0.04 0.060833
0 0.634375 0.2425 0.0375 0.06
