0 0.755625 0.09125 0.02375 0.034167
0 0.73125 0.04 0.0325 0.036667
0 0.683125 0.0675 0.03375 0.046667
0 0.95125 0.107083 0.03375 0.0425
0 0.87375 0.22 0.03125 0.04
0 0.967187 0.197917 0.025625 0.0325
0 0.992812 0.254583 0.014375 0.034167
0 0.889062 0.323333 0.031875 0.041667
0 0.861563 0.340417 0.030625 0.044167
0 0.84125 0.491667 0.02625 0.046667
0 0.915312 0.653333 0.035625 0.048333
0 0.90375 0.723333 0.0375 0.04
0 0.851562 0.729583 0.029375 0.044167
0 0.9725 0.780417 0.0275 0.045833
0 0.849688 0.895833 0.029375 0.05
0 0.876563 0.944583 0.045625 0.055833
0 0.82 0.939167 0.0325 0.04
0 0.714375 0.56125 0.0275 0.0325
0 0.6525 0.697917 0.02875 0.039167
0 0.60625 0.712083 0.02375 0.0375
0 0.555937 0.647917 0.028125 0.035833
0 0.589063 0.664167 0.029375 0.043333
0 0.595938 0.568333 0.028125 0.035
0 0.58 0.734583 0.02875 0.044167
0 0.474062 0.869583 0.021875 0.024167
0 0.46125 0.85125 0.02625 0.034167
0 0.414687 0.641667 0.026875 0.036667
0 0.387813 0.72125 0.036875 0.034167
0 0.107813 0.937917 0.031875 0.040833
0 0.199063 0.910833 0.029375 0.036667
0 0.173437 0.968333 0.031875 0.04
0 0.563125 0.0925 0.0275 0.031667
0 0.47375 0.057917 0.02625 0.034167
0 0.466562 0.27 0.026875 0.038333
0 0.5525 0.296667 0.025 0.035
0 0.421875 0.19375 0.02375 0.0325
0 0.387188 0.20375 0.030625 0.0425
0 0.546875 0.384167 0.02125 0.028333
0 0.429063 0.45375 0.030625 0.0325
0 0.421875 0.421667 0.03125 0.04
0 0.49 0.545833 0.02625 0.03
0 0.454688 0.57 0.030625 0.04
0 0.316875 0.676667 0.02375 0.033333
0 0.363125 0.585417 0.03125 0.035833
0 0.367812 0.4675 0.030625 0.033333
0 0.35375 0.420417 0.02625 0.029167
0 0.32625 0.4 0.01875 0.026667
0 0.2725 0.45625 0.0175 0.029167
0 0.350938 0.0225 0.031875 0.041667
0 0.325625 0.09625 0.02875 0.034167
0 0.135313 0.09875 0.019375 0.025833
0 0.199375 0.150833 0.02375 0.025
0 0.33875 0.25375 0.025 0.029167
0 0.273438 0.314167 0.016875 0.021667
0 0.163438 0.335833 0.023125 0.031667
0 0.475938 0.474583 0.034375 0.039167
0 0.054375 0.393333 0.0225 0.028333
0 0.188125 0.555 0.02125 0.028333
0 0.030625 0.614583 0.035 0.0375
0 0.105 0.680417 0.02875 0.040833
0 0.203437 0.660833 0.023125 0.023333
0 0.047188 0.7525 0.030625 0.041667
