0 0.825313 0.034167 0.043125 0.065
0 0.76375 0.0625 0.04375 0.081667
0 0.613125 0.307917 0.04375 0.0725
0 0.207813 0.142917 0.044375 0.060833
0 0.131875 0.030833 0.04125 0.06
0 0.384375 0.453333 0.03875 0.051667
0 0.34 0.4575 0.04 0.051667
0 0.3975 0.5325 0.04375 0.061667
0 0.466562 0.582083 0.045625 0.064167
0 0.548125 0.577917 0.03625 0.070833
0 0.567187 0.553333 0.041875 0.061667
0 0.034688 0.350833 0.045625 0.053333
0 0.033438 0.3 0.049375 0.046667
0 0.136563 0.627917 0.040625 0.0625
0 0.395937 0.900417 0.048125 0.0575
0 0.6125 0.8525 0.04125 0.056667
0 0.771563 0.701667 0.041875 0.068333
