0 0.015 0.042083 0.025 0.029167
0 0.141875 0.042917 0.0375 0.0475
0 0.033125 0.31 0.035 0.048333
0 0.055 0.33125 0.02875 0.035833
0 0.064062 0.301667 0.031875 0.04
0 0.104063 0.3125 0.034375 0.043333
0 0.240313 0.375 0.033125 0.043333
0 0.36625 0.291667 0.02875 0.035
0 0.38125 0.2025 0.03375 0.046667
0 0.496875 0.363333 0.035 0.046667
0 0.475313 0.210833 0.039375 0.046667
0 0.504375 0.14125 0.03375 0.0475
0 0.358125 0.0725 0.03 0.04
0 0.38375 0.019583 0.03 0.0375
0 0.56875 0.01875 0.03375 0.035833
0 0.68625 0.1675 0.02875 0.038333
0 0.708438 0.095833 0.030625 0.045
0 0.7975 0.0925 0.03375 0.046667
0 0.869375 0.193333 0.035 0.046667
0 0.922813 0.255417 0.029375 0.039167
0 0.918438 0.46875 0.034375 0.045833
0 0.90875 0.505833 0.03625 0.048333
0 0.591562 0.415833 0.029375 0.04
0 0.604375 0.439583 0.0325 0.0375
0 0.539375 0.475833 0.03 0.041667
0 0.796562 0.53375 0.033125 0.0475
0 0.839063 0.547083 0.029375 0.0425
0 0.9425 0.627917 0.02625 0.0375
0 0.935312 0.71375 0.040625 0.054167
0 0.812187 0.642917 0.033125 0.045833
0 0.545312 0.555417 0.033125 0.040833
0 0.599375 0.665417 0.03375 0.0475
0 0.50875 0.704583 0.02875 0.0425
0 0.36 0.68875 0.03125 0.0375
0 0.092188 0.550417 0.039375 0.0525
0 0.3025 0.649583 0.0275 0.039167
0 0.255625 0.684583 0.03125 0.040833
0 0.115312 0.709167 0.035625 0.041667
0 0.011562 0.734167 0.021875 0.041667
0 0.243125 0.764167 0.03375 0.038333
0 0.29375 0.834167 0.0375 0.048333
0 0.233437 0.840417 0.025625 0.0375
0 0.2125 0.9175 0.03 0.04
0 0.30875 0.934583 0.03375 0.045833
0 0.381875 0.882083 0.03125 0.0425
0 0.547813 0.932083 0.034375 0.045833
0 0.61875 0.89375 0.03625 0.0475
0 0.590625 0.95375 0.03 0.0425
0 0.9925 0.716667 0.015 0.035
0 0.560937 0.831667 0.039375 0.056667
0 0.875938 0.228333 0.024375 0.025
