0 0.768125 0.029167 0.0275 0.041667
0 0.80375 0.149167 0.04 0.053333
0 0.975 0.08375 0.03875 0.0525
0 0.232813 0.03625 0.036875 0.049167
0 0.0375 0.037917 0.03875 0.055833
0 0.017188 0.127917 0.033125 0.0525
0 0.3525 0.009583 0.03375 0.0175
0 0.179688 0.2225 0.041875 0.06
0 0.116875 0.222083 0.04 0.055833
0 0.075938 0.240833 0.034375 0.043333
0 0.288438 0.385833 0.035625 0.06
0 0.226562 0.584583 0.033125 0.0575
0 0.26375 0.54625 0.03375 0.049167
0 0.352187 0.54875 0.050625 0.065833
0 0.333125 0.671667 0.0375 0.061667
0 0.077813 0.71 0.038125 0.05
0 0.044687 0.947083 0.044375 0.055833
0 0.115312 0.80125 0.035625 0.0525
0 0.376875 0.9275 0.035 0.045
0 0.411562 0.972083 0.034375 0.0475
0 0.541875 0.863333 0.03875 0.05
0 0.600625 0.8425 0.035 0.055
0 0.532813 0.72625 0.038125 0.040833
0 0.520938 0.680833 0.039375 0.056667
0 0.531563 0.599167 0.039375 0.055
0 0.59375 0.4725 0.03125 0.048333
0 0.670625 0.44625 0.03625 0.049167
0 0.839375 0.924167 0.03375 0.045
0 0.772813 0.9325 0.036875 0.05
0 0.799375 0.7525 0.04 0.05
0 0.146563 0.474167 0.071875 0.083333
0 0.23375 0.395417 0.085 0.085833
