0 0.59125 0.975833 0.045 0.048333
0 0.41625 0.752917 0.03625 0.0475
0 0.432188 0.64 0.035625 0.046667
0 0.374688 0.441667 0.028125 0.04
0 0.331875 0.944583 0.02875 0.035833
0 0.195937 0.52125 0.034375 0.044167
0 0.050313 0.460833 0.036875 0.046667
0 0.113125 0.415 0.035 0.045
0 0.16375 0.281667 0.04625 0.071667
0 0.500938 0.037083 0.044375 0.064167
0 0.629375 0.019583 0.03125 0.0375
0 0.625313 0.305 0.034375 0.048333
0 0.7575 0.265 0.03 0.038333
0 0.849063 0.242917 0.038125 0.0475
0 0.877812 0.27125 0.029375 0.039167
0 0.900312 0.068333 0.029375 0.036667
0 0.862812 0.9875 0.031875 0.025
0 0.914062 0.503333 0.029375 0.046667
0 0.985 0.518333 0.03 0.05
0 0.7625 0.516667 0.0275 0.036667
0 0.964688 0.647917 0.033125 0.035833
0 0.442812 0.529167 0.031875 0.035
0 0.0275 0.013333 0.0375 0.025
