0 0.819063 0.987083 0.043125 0.025833
0 0.816562 0.014167 0.039375 0.026667
0 0.690312 0.184583 0.046875 0.074167
0 0.845 0.056667 0.0525 0.065
0 0.883125 0.761667 0.04625 0.071667
0 0.749687 0.816667 0.043125 0.063333
0 0.134687 0.204583 0.043125 0.060833
0 0.060312 0.325 0.041875 0.063333
0 0.548438 0.767917 0.055625 0.074167
0 0.189062 0.56 0.040625 0.06
0 0.073438 0.6275 0.040625 0.056667
0 0.428125 0.122917 0.04625 0.0625
0 0.790937 0.139167 0.059375 0.083333
0 0.22375 0.085833 0.06 0.083333
0 0.943438 0.612083 0.059375 0.0725
0 0.900312 0.3675 0.041875 0.07
0 0.915937 0.277083 0.055625 0.075833
0 0.639062 0.050417 0.050625 0.069167
0 0.21 0.23875 0.05125 0.075833
0 0.595625 0.843333 0.05875 0.075
0 0.519375 0.193333 0.0475 0.08
0 0.110937 0.8475 0.061875 0.083333
0 0.180938 0.804583 0.058125 0.084167
0 0.189688 0.129583 0.051875 0.0725
0 0.646563 0.1975 0.055625 0.075
0 0.98 0.715417 0.04 0.065833
