0 0.985 0.0975 0.03 0.035
0 0.796562 0.087083 0.049375 0.065833
0 0.764375 0.023333 0.03875 0.045
0 0.989688 0.4025 0.020625 0.048333
0 0.9525 0.536667 0.03 0.046667
0 0.799375 0.498333 0.04 0.065
0 0.515 0.504583 0.05125 0.054167
0 0.616563 0.62125 0.053125 0.0675
0 0.795312 0.669583 0.035625 0.049167
0 0.689688 0.965 0.036875 0.05
0 0.53875 0.9125 0.045 0.053333
0 0.54125 0.86 0.04125 0.056667
0 0.5125 0.785 0.0375 0.048333
0 0.44 0.67375 0.04375 0.059167
0 0.301563 0.381667 0.044375 0.071667
0 0.048438 0.677917 0.036875 0.049167
0 0.024375 0.462917 0.045 0.0625
0 0.05125 0.204167 0.05125 0.065
0 0.264375 0.167083 0.0425 0.0475
0 0.328125 0.14 0.03625 0.065
0 0.394375 0.115833 0.04625 0.061667
