0 0.021875 0.889583 0.03625 0.0475
0 0.168437 0.916667 0.036875 0.045
0 0.279687 0.857917 0.038125 0.0525
0 0.260937 0.980417 0.030625 0.039167
0 0.297187 0.985 0.038125 0.03
0 0.4025 0.796667 0.03125 0.046667
0 0.312812 0.146667 0.039375 0.051667
0 0.352187 0.13 0.041875 0.051667
0 0.374063 0.175833 0.034375 0.043333
0 0.470313 0.2325 0.043125 0.06
0 0.4125 0.225833 0.03375 0.05
0 0.593125 0.187083 0.0375 0.0475
0 0.811875 0.148333 0.04 0.055
0 0.15 0.62875 0.03875 0.050833
0 0.549687 0.976667 0.035625 0.046667
0 0.89 0.835417 0.035 0.049167
0 0.841562 0.630417 0.035625 0.0525
0 0.865313 0.4475 0.038125 0.046667
