0 0.199063 0.779583 0.035625 0.050833
0 0.284062 0.028333 0.033125 0.05
0 0.369063 0.08125 0.035625 0.044167
0 0.469062 0.1725 0.038125 0.048333
0 0.9525 0.0475 0.0525 0.055
0 0.2175 0.617083 0.0325 0.044167
0 0.203437 0.70375 0.046875 0.059167
0 0.317812 0.95875 0.043125 0.0475
0 0.405625 0.780833 0.04125 0.055
0 0.450625 0.75125 0.045 0.074167
0 0.674063 0.775417 0.038125 0.055833
0 0.949688 0.865417 0.046875 0.069167
0 0.335938 0.47 0.035625 0.048333
0 0.46125 0.509583 0.0425 0.059167
0 0.56375 0.588333 0.03875 0.058333
0 0.74625 0.599167 0.04625 0.071667
0 0.624062 0.38 0.043125 0.063333
0 0.749375 0.315 0.04 0.053333
0 0.95 0.614167 0.03375 0.048333
0 0.758125 0.809167 0.03 0.05
0 0.397813 0.440833 0.041875 0.053333
