0 0.909375 0.04 0.03625 0.041667
0 0.9625 0.08125 0.03125 0.039167
0 0.915625 0.19375 0.03375 0.0425
0 0.890625 0.181667 0.02375 0.028333
0 0.679063 0.11 0.026875 0.038333
0 0.720313 0.06875 0.029375 0.040833
0 0.394062 0.025 0.031875 0.04
0 0.491875 0.1875 0.02875 0.038333
0 0.541562 0.205417 0.024375 0.040833
0 0.599063 0.2575 0.030625 0.041667
0 0.604062 0.321667 0.023125 0.041667
0 0.548438 0.374167 0.030625 0.043333
0 0.602187 0.43 0.021875 0.03
0 0.411562 0.3125 0.026875 0.036667
0 0.416563 0.35875 0.026875 0.030833
0 0.360625 0.412083 0.0275 0.039167
0 0.39875 0.399167 0.03125 0.03
0 0.391875 0.432917 0.03125 0.035833
0 0.769687 0.345417 0.033125 0.039167
0 0.809375 0.556667 0.02625 0.036667
0 0.894062 0.734583 0.026875 0.0475
0 0.892813 0.93 0.031875 0.038333
0 0.94375 0.775417 0.02625 0.044167
0 0.776563 0.659167 0.026875 0.041667
0 0.673438 0.718333 0.018125 0.028333
0 0.704688 0.956667 0.025625 0.041667
0 0.734062 0.984167 0.030625 0.031667
0 0.525312 0.958333 0.029375 0.04
0 0.520625 0.84375 0.0225 0.0275
0 0.5175 0.80375 0.0325 0.0425
0 0.588125 0.719167 0.03375 0.051667
0 0.521563 0.685833 0.029375 0.038333
0 0.465938 0.85875 0.031875 0.0375
0 0.424687 0.574583 0.035625 0.0375
0 0.3875 0.539583 0.0325 0.0375
0 0.35125 0.53375 0.03125 0.0425
0 0.349687 0.655417 0.029375 0.0325
0 0.290625 0.677917 0.0275 0.030833
0 0.283438 0.6375 0.031875 0.03
0 0.25875 0.702083 0.02 0.0325
0 0.045312 0.894583 0.029375 0.035833
0 0.016563 0.925833 0.030625 0.03
0 0.16125 0.5825 0.03125 0.045
0 0.147187 0.544167 0.024375 0.031667
0 0.283125 0.530417 0.035 0.0475
0 0.125625 0.192083 0.03625 0.0475
0 0.177813 0.17 0.029375 0.036667
0 0.211875 0.19875 0.03125 0.040833
