0 0.68625 0.035417 0.03625 0.0475
0 0.809688 0.125833 0.033125 0.051667
0 0.69 0.149583 0.035 0.044167
0 0.607812 0.116667 0.044375 0.061667
0 0.567813 0.184167 0.034375 0.048333
0 0.666875 0.348333 0.04 0.055
0 0.589063 0.415833 0.034375 0.04
0 0.428125 0.391667 0.0425 0.05
0 0.330625 0.378333 0.03375 0.035
0 0.66125 0.521667 0.04125 0.058333
0 0.734375 0.440417 0.0375 0.054167
0 0.769062 0.47875 0.033125 0.0425
0 0.793438 0.72 0.034375 0.048333
0 0.674375 0.74125 0.04 0.049167
0 0.67875 0.779167 0.0275 0.036667
0 0.76 0.801667 0.04125 0.061667
0 0.935937 0.017917 0.028125 0.034167
0 0.945 0.170833 0.03625 0.046667
0 0.973437 0.252917 0.040625 0.059167
0 0.918438 0.3975 0.036875 0.051667
0 0.9625 0.619167 0.0325 0.05
0 0.701562 0.96625 0.033125 0.040833
0 0.371563 0.860417 0.039375 0.045833
0 0.268125 0.83875 0.0375 0.049167
0 0.175 0.920417 0.03 0.034167
0 0.012188 0.894167 0.023125 0.06
0 0.228125 0.640417 0.0325 0.039167
0 0.250625 0.594167 0.03375 0.045
0 0.182812 0.55375 0.040625 0.0475
0 0.034063 0.544167 0.033125 0.048333
0 0.091563 0.485 0.029375 0.038333
0 0.153438 0.442083 0.049375 0.039167
0 0.423438 0.013333 0.038125 0.025
0 0.47 0.263333 0.035 0.051667
