0 0.025937 0.0475 0.039375 0.053333
0 0.284687 0.127083 0.039375 0.054167
0 0.267813 0.265 0.046875 0.068333
0 0.28 0.343333 0.0375 0.046667
0 0.300625 0.396667 0.0425 0.06
0 0.069687 0.935833 0.038125 0.05
0 0.099062 0.7675 0.043125 0.053333
0 0.24375 0.7575 0.0525 0.076667
0 0.2375 0.6425 0.0425 0.056667
0 0.492188 0.6075 0.036875 0.05
0 0.4175 0.539167 0.0375 0.043333
0 0.56375 0.634167 0.035 0.053333
0 0.521875 0.70375 0.04 0.064167
0 0.560625 0.735417 0.03625 0.0525
0 0.604688 0.810833 0.038125 0.055
0 0.67625 0.88125 0.0525 0.0675
0 0.666875 0.949583 0.04 0.0575
0 0.776875 0.856667 0.035 0.05
0 0.878437 0.759167 0.038125 0.048333
0 0.938438 0.700417 0.041875 0.054167
0 0.771563 0.71 0.033125 0.046667
0 0.700625 0.674583 0.04125 0.055833
0 0.654375 0.522083 0.0425 0.055833
0 0.778438 0.566667 0.040625 0.053333
0 0.83125 0.434167 0.0375 0.063333
0 0.934688 0.4775 0.046875 0.058333
0 0.725 0.280417 0.04125 0.055833
0 0.660625 0.234583 0.04125 0.055833
0 0.627188 0.267917 0.039375 0.0575
0 0.530312 0.19125 0.043125 0.055833
0 0.439688 0.204583 0.035625 0.045833
0 0.493125 0.109583 0.03625 0.059167
0 0.030312 0.459167 0.039375 0.043333
0 0.124375 0.385833 0.0325 0.031667
0 0.13125 0.352917 0.03875 0.040833
0 0.185 0.382917 0.035 0.039167
0 0.540625 0.034583 0.035 0.044167
