0 0.89125 0.345417 0.04 0.045833
0 0.854688 0.769583 0.034375 0.0525
0 0.80875 0.772917 0.04 0.050833
0 0.913125 0.569167 0.03125 0.038333
0 0.711875 0.517083 0.03375 0.049167
0 0.939375 0.136667 0.0275 0.033333
0 0.671562 0.05375 0.041875 0.059167
0 0.76125 0.074583 0.02875 0.035833
0 0.578438 0.447083 0.031875 0.039167
0 0.35875 0.729583 0.04625 0.049167
0 0.089688 0.756667 0.038125 0.048333
0 0.340938 0.58125 0.043125 0.045833
0 0.17625 0.679167 0.03125 0.035
0 0.178437 0.51875 0.025625 0.029167
0 0.239063 0.337083 0.045625 0.050833
0 0.12375 0.049167 0.03375 0.043333
