0 0.940937 0.551667 0.043125 0.07
0 0.754062 0.609167 0.043125 0.068333
0 0.764687 0.48125 0.043125 0.064167
0 0.79 0.4275 0.0375 0.053333
0 0.705313 0.340833 0.039375 0.051667
0 0.82125 0.287917 0.0425 0.055833
0 0.715313 0.177917 0.038125 0.0525
0 0.696875 0.117917 0.03875 0.0525
0 0.531875 0.039583 0.04375 0.065833
0 0.4775 0.397083 0.04375 0.0725
0 0.444375 0.900833 0.03625 0.046667
0 0.541562 0.985417 0.045625 0.029167
0 0.011875 0.8325 0.0225 0.048333
0 0.07375 0.594167 0.03875 0.055
0 0.173437 0.50625 0.035625 0.054167
0 0.208437 0.332917 0.036875 0.055833
0 0.227187 0.060417 0.039375 0.0475
0 0.165 0.015833 0.03875 0.03
0 0.28625 0.41125 0.045 0.055833
