0 0.005625 0.199583 0.01 0.044167
0 0.005625 0.309583 0.01 0.040833
0 0.529687 0.182083 0.044375 0.060833
0 0.68875 0.502083 0.04125 0.0475
0 0.979688 0.315833 0.040625 0.081667
0 0.697187 0.475 0.063125 0.101667
0 0.694375 0.357917 0.05 0.0775
0 0.659687 0.766667 0.053125 0.073333
0 0.64375 0.355833 0.05 0.078333
0 0.616563 0.415417 0.054375 0.0675
0 0.73875 0.6975 0.0375 0.051667
0 0.861875 0.978333 0.04375 0.043333
0 0.0625 0.21125 0.04625 0.0625
0 0.706562 0.623333 0.044375 0.065
0 0.790312 0.375833 0.045625 0.07
0 0.1325 0.092083 0.0425 0.060833
0 0.045 0.058333 0.03875 0.056667
0 0.49625 0.315 0.05875 0.078333
0 0.84625 0.238333 0.055 0.085
0 0.097187 0.115833 0.048125 0.065
0 0.473438 0.199167 0.050625 0.065
0 0.707187 0.257083 0.063125 0.095833
0 0.229375 0.935 0.07375 0.095
