0 0.449688 0.655417 0.041875 0.040833
0 0.125 0.99375 0.0475 0.0125
0 0.852187 0.84375 0.029375 0.044167
0 0.695937 0.9875 0.036875 0.025
0 0.445625 0.617083 0.04375 0.044167
0 0.431563 0.3525 0.040625 0.058333
0 0.623437 0.590417 0.039375 0.0475
0 0.379688 0.4425 0.035625 0.048333
0 0.06375 0.563333 0.04 0.061667
0 0.493437 0.648333 0.035625 0.045
0 0.415625 0.7075 0.0325 0.038333
0 0.75625 0.221667 0.02625 0.035
0 0.926875 0.984583 0.03 0.030833
0 0.655312 0.182083 0.041875 0.060833
0 0.74125 0.204167 0.0275 0.038333
0 0.46875 0.685417 0.03875 0.049167
0 0.67125 0.20875 0.03 0.0375
0 0.399062 0.13125 0.031875 0.0425
0 0.21875 0.65375 0.0375 0.054167
0 0.4075 0.191667 0.03875 0.051667
0 0.66 0.765 0.03125 0.036667
0 0.078125 0.50875 0.03625 0.049167
0 0.836875 0.867917 0.0325 0.0425
0 0.485 0.292083 0.04 0.055833
0 0.788125 0.7225 0.035 0.046667
0 0.597812 0.418333 0.031875 0.046667
0 0.197813 0.58875 0.035625 0.045833
0 0.648125 0.86125 0.0375 0.049167
0 0.03875 0.585417 0.04 0.055833
0 0.6875 0.2575 0.0425 0.058333
0 0.595313 0.867083 0.029375 0.0425
0 0.533438 0.165 0.033125 0.046667
0 0.086875 0.684583 0.0375 0.050833
0 0.448437 0.38625 0.036875 0.044167
0 0.985 0.3525 0.03 0.045
0 0.9225 0.44125 0.03625 0.0525
0 0.653125 0.725833 0.04 0.046667
0 0.614375 0.47375 0.04 0.050833
0 0.931875 0.16125 0.03875 0.049167
0 0.324062 0.23375 0.038125 0.049167
0 0.36125 0.527083 0.03875 0.0525
