0 0.8125 0.810833 0.04125 0.051667
0 0.720938 0.8425 0.036875 0.046667
0 0.642813 0.919583 0.038125 0.034167
0 0.9825 0.983333 0.035 0.033333
0 0.904687 0.560833 0.038125 0.056667
0 0.93875 0.490833 0.04 0.051667
0 0.986875 0.63375 0.02625 0.0575
0 0.731875 0.705833 0.03375 0.046667
0 0.782188 0.618333 0.033125 0.038333
0 0.758125 0.570417 0.03625 0.054167
0 0.771563 0.449167 0.044375 0.07
0 0.677813 0.460417 0.040625 0.0525
0 0.515938 0.656667 0.040625 0.051667
0 0.504375 0.7 0.04375 0.05
0 0.438125 0.779167 0.04375 0.045
0 0.257812 0.749167 0.036875 0.038333
0 0.252188 0.717917 0.034375 0.029167
0 0.29 0.533333 0.03625 0.048333
0 0.329375 0.545 0.0325 0.041667
0 0.310625 0.467083 0.03375 0.039167
0 0.462813 0.947083 0.033125 0.0375
0 0.018437 0.622917 0.030625 0.039167
0 0.138437 0.385833 0.031875 0.04
0 0.15625 0.37625 0.03375 0.044167
0 0.040313 0.24375 0.035625 0.0375
0 0.4975 0.199583 0.03375 0.044167
0 0.601562 0.328333 0.035625 0.05
0 0.841562 0.3075 0.040625 0.055
0 0.9625 0.227917 0.03375 0.0475
0 0.847812 0.171667 0.034375 0.046667
0 0.785937 0.19625 0.035625 0.050833
0 0.61 0.12375 0.04 0.0425
0 0.590625 0.1025 0.03375 0.043333
0 0.577187 0.081667 0.030625 0.036667
