0 0.6675 0.618333 0.03 0.045
0 0.004063 0.7925 0.006875 0.046667
0 0.380625 0.01375 0.035 0.025833
0 0.540937 0.504167 0.041875 0.065
0 0.127812 0.98125 0.035625 0.0375
0 0.583125 0.981667 0.03625 0.036667
0 0.034375 0.054583 0.03875 0.050833
0 0.9825 0.8025 0.035 0.046667
0 0.806875 0.913333 0.03625 0.051667
0 0.160938 0.252083 0.036875 0.044167
0 0.176875 0.288333 0.0375 0.046667
0 0.200313 0.45125 0.040625 0.054167
0 0.485938 0.5775 0.053125 0.053333
0 0.70625 0.028333 0.03625 0.05
0 0.815625 0.42875 0.03625 0.0475
0 0.893437 0.898333 0.033125 0.046667
0 0.439375 0.15875 0.035 0.0475
0 0.916562 0.475833 0.033125 0.05
0 0.481563 0.105417 0.038125 0.059167
0 0.261875 0.348333 0.03375 0.043333
0 0.189688 0.1625 0.039375 0.053333
0 0.281875 0.42 0.0375 0.055
0 0.410313 0.865 0.035625 0.05
0 0.26875 0.794583 0.035 0.044167
0 0.03875 0.131667 0.03625 0.045
0 0.015938 0.82625 0.030625 0.044167
0 0.316563 0.257083 0.038125 0.049167
0 0.481875 0.937083 0.045 0.0675
0 0.017188 0.442917 0.033125 0.0625
0 0.63875 0.638333 0.04625 0.06
0 0.72875 0.534167 0.03375 0.043333
0 0.705625 0.7775 0.0375 0.051667
0 0.877188 0.457917 0.033125 0.044167
0 0.8075 0.018333 0.03125 0.035
