0 0.857812 0.0175 0.040625 0.033333
0 0.8175 0.07875 0.0425 0.050833
0 0.765312 0.12875 0.031875 0.039167
0 0.726562 0.14 0.036875 0.038333
0 0.725625 0.096667 0.0475 0.05
0 0.690312 0.142083 0.034375 0.0475
0 0.706875 0.24375 0.0375 0.0475
0 0.742812 0.285417 0.043125 0.050833
0 0.899687 0.2825 0.040625 0.048333
0 0.503437 0.194583 0.043125 0.050833
0 0.3825 0.16 0.0375 0.05
0 0.384688 0.21375 0.040625 0.0575
0 0.420938 0.235417 0.036875 0.054167
0 0.306875 0.219167 0.04625 0.065
0 0.214688 0.235417 0.039375 0.055833
0 0.250312 0.397083 0.041875 0.0525
0 0.5775 0.274583 0.03 0.035833
0 0.579063 0.3225 0.033125 0.04
0 0.460938 0.449583 0.031875 0.039167
0 0.685 0.426667 0.0325 0.041667
0 0.746563 0.508333 0.041875 0.053333
0 0.941562 0.81125 0.034375 0.039167
0 0.900312 0.754167 0.039375 0.05
0 0.822812 0.71375 0.033125 0.0425
0 0.744687 0.823333 0.044375 0.051667
0 0.888437 0.888333 0.039375 0.051667
0 0.558125 0.69125 0.03375 0.044167
0 0.515312 0.64 0.031875 0.046667
0 0.484687 0.609583 0.044375 0.0575
0 0.401562 0.705 0.046875 0.055
0 0.221562 0.606667 0.038125 0.043333
0 0.29125 0.688333 0.03125 0.036667
0 0.190625 0.893333 0.04375 0.056667
0 0.114375 0.918333 0.04 0.046667
0 0.070312 0.715833 0.036875 0.05
0 0.46125 0.989583 0.035 0.020833
