0 0.85375 0.024583 0.045 0.0475
0 0.819688 0.15375 0.053125 0.064167
0 0.896563 0.19125 0.049375 0.0575
0 0.853437 0.307083 0.060625 0.0775
0 0.762188 0.402917 0.050625 0.079167
0 0.595938 0.322083 0.055625 0.084167
0 0.169375 0.1725 0.04625 0.058333
0 0.205625 0.252917 0.05 0.0725
0 0.198125 0.400833 0.0475 0.061667
0 0.409375 0.439167 0.04625 0.063333
0 0.373437 0.50375 0.048125 0.064167
0 0.202813 0.589583 0.051875 0.074167
0 0.32875 0.592917 0.05 0.0675
0 0.296563 0.673333 0.044375 0.063333
0 0.349375 0.667083 0.055 0.075833
0 0.394062 0.6275 0.054375 0.075
0 0.455625 0.63875 0.05125 0.074167
0 0.550625 0.711667 0.04 0.051667
0 0.716562 0.846667 0.041875 0.056667
0 0.778438 0.76 0.046875 0.056667
0 0.178437 0.964167 0.050625 0.063333
0 0.493125 0.574583 0.0625 0.0875
