0 0.8475 0.050417 0.0275 0.040833
0 0.81875 0.0875 0.02625 0.033333
0 0.901875 0.225 0.0275 0.035
0 0.985313 0.320417 0.029375 0.044167
0 0.748437 0.453333 0.024375 0.043333
0 0.658125 0.940417 0.03125 0.040833
0 0.614688 0.92875 0.034375 0.045833
0 0.60375 0.987917 0.03125 0.0225
0 0.611875 0.548333 0.03625 0.041667
0 0.5125 0.58875 0.04 0.040833
0 0.464375 0.611667 0.0325 0.041667
0 0.6175 0.051667 0.03125 0.038333
0 0.516875 0.141667 0.02625 0.035
0 0.425938 0.073333 0.038125 0.04
0 0.12875 0.107083 0.0325 0.039167
0 0.009687 0.465 0.018125 0.038333
0 0.091563 0.490833 0.035625 0.043333
0 0.30375 0.579583 0.02875 0.039167
0 0.320937 0.9725 0.030625 0.045
0 0.154375 0.846667 0.035 0.036667
0 0.156562 0.985833 0.029375 0.028333
0 0.472813 0.859167 0.031875 0.041667
