0 0.79125 0.144583 0.03625 0.059167
0 0.880313 0.141667 0.029375 0.055
0 0.443125 0.052917 0.0325 0.050833
0 0.525625 0.02375 0.04125 0.045833
0 0.872812 0.355417 0.038125 0.050833
0 0.718125 0.511667 0.03875 0.06
0 0.6175 0.48125 0.04375 0.059167
0 0.603437 0.377083 0.036875 0.049167
0 0.434375 0.34 0.0375 0.053333
0 0.633125 0.582917 0.04 0.065833
0 0.449375 0.640833 0.04 0.058333
0 0.881875 0.80125 0.035 0.054167
0 0.925312 0.8625 0.030625 0.045
0 0.8275 0.975833 0.03875 0.048333
0 0.689688 0.94875 0.044375 0.0625
0 0.478438 0.775 0.045625 0.06
0 0.51375 0.776667 0.03875 0.048333
0 0.182812 0.765417 0.039375 0.054167
0 0.325937 0.600833 0.043125 0.068333
0 0.050937 0.4675 0.056875 0.08
0 0.28125 0.397083 0.04 0.0525
0 0.075625 0.21125 0.04 0.0475
0 0.073125 0.029167 0.05375 0.056667
0 0.80625 0.495417 0.0375 0.080833
