0 0.861563 0.020417 0.033125 0.039167
0 0.67375 0.143333 0.0575 0.066667
0 0.62125 0.02375 0.04625 0.045833
0 0.905937 0.919167 0.043125 0.065
0 0.92375 0.7725 0.05375 0.081667
0 0.889375 0.659583 0.06 0.0875
0 0.706562 0.65125 0.039375 0.055833
0 0.5975 0.646667 0.04125 0.068333
0 0.608437 0.53375 0.053125 0.060833
0 0.613437 0.445 0.050625 0.068333
0 0.318125 0.8725 0.05 0.065
0 0.372188 0.725417 0.035625 0.054167
0 0.206875 0.976667 0.0475 0.046667
0 0.092813 0.984583 0.053125 0.030833
0 0.014687 0.945417 0.028125 0.059167
0 0.01125 0.795417 0.02125 0.045833
0 0.297187 0.451667 0.045625 0.053333
0 0.085625 0.42375 0.035 0.055833
0 0.507188 0.425833 0.076875 0.098333
0 0.015938 0.417917 0.030625 0.069167
0 0.01375 0.25 0.02625 0.046667
0 0.157188 0.152917 0.046875 0.064167
0 0.369063 0.076667 0.046875 0.058333
0 0.384062 0.176667 0.061875 0.085
0 0.727187 0.437917 0.068125 0.070833
