0 0.02 0.195 0.03875 0.095
0 0.516563 0.892083 0.060625 0.070833
0 0.498125 0.534583 0.0425 0.060833
0 0.86125 0.704583 0.04375 0.069167
0 0.6925 0.52 0.0475 0.07
0 0.529062 0.851667 0.059375 0.068333
0 0.534687 0.53625 0.039375 0.075833
0 0.017188 0.080417 0.033125 0.070833
0 0.064375 0.96375 0.055 0.0725
0 0.642188 0.422083 0.060625 0.079167
0 0.723125 0.704167 0.05375 0.075
0 0.985 0.76125 0.03 0.079167
0 0.51125 0.22375 0.05125 0.079167
0 0.469687 0.411667 0.054375 0.076667
0 0.309688 0.175 0.049375 0.07
0 0.451562 0.233333 0.055625 0.083333
0 0.028125 0.657083 0.05 0.0725
0 0.445625 0.876667 0.05125 0.078333
0 0.969375 0.932917 0.06 0.100833
0 0.496563 0.655833 0.046875 0.07
0 0.655312 0.487083 0.049375 0.065833
0 0.7925 0.684167 0.0575 0.098333
0 0.200625 0.636667 0.0575 0.083333
0 0.461562 0.500833 0.055625 0.086667
0 0.079062 0.57375 0.068125 0.0925
0 0.859688 0.155 0.055625 0.088333
0 0.888437 0.704583 0.028125 0.0625
