0 0.711562 0.017917 0.044375 0.034167
0 0.790625 0.102083 0.03875 0.064167
0 0.547813 0.160833 0.043125 0.068333
0 0.791875 0.2775 0.03625 0.056667
0 0.800625 0.429167 0.04 0.063333
0 0.754687 0.42625 0.043125 0.0525
0 0.980313 0.299583 0.039375 0.0725
0 0.915937 0.19375 0.043125 0.0625
0 0.934063 0.1525 0.040625 0.051667
0 0.983437 0.487083 0.033125 0.0775
0 0.794375 0.482083 0.02875 0.064167
0 0.763437 0.482083 0.034375 0.069167
0 0.725 0.4725 0.0375 0.051667
0 0.712812 0.623333 0.053125 0.083333
0 0.819688 0.7175 0.036875 0.061667
0 0.915312 0.706667 0.046875 0.08
0 0.771875 0.773333 0.03125 0.055
0 0.743125 0.76125 0.0375 0.0675
0 0.445625 0.68 0.0525 0.071667
0 0.449688 0.742083 0.044375 0.060833
0 0.414375 0.795833 0.045 0.085
0 0.658438 0.92625 0.036875 0.0525
0 0.27 0.960833 0.05 0.076667
0 0.219688 0.910833 0.044375 0.07
0 0.171875 0.82125 0.03625 0.065833
0 0.165 0.951667 0.05625 0.093333
0 0.345313 0.803333 0.043125 0.071667
0 0.310312 0.622917 0.048125 0.0675
0 0.079062 0.64 0.043125 0.056667
0 0.109375 0.615417 0.04 0.0625
0 0.381563 0.434167 0.043125 0.071667
0 0.343438 0.344583 0.048125 0.065833
0 0.326875 0.262083 0.04375 0.074167
0 0.27125 0.274583 0.0375 0.064167
0 0.256875 0.436667 0.04 0.063333
0 0.173125 0.44875 0.0375 0.0575
0 0.095937 0.445833 0.041875 0.07
0 0.197813 0.360417 0.059375 0.104167
0 0.014375 0.264167 0.0275 0.065
0 0.08375 0.181667 0.0475 0.068333
0 0.199375 0.086667 0.05125 0.088333
0 0.65 0.254583 0.0475 0.0675
0 0.7675 0.649167 0.04 0.055
0 0.744375 0.364167 0.05375 0.073333
