0 0.024688 0.03625 0.048125 0.059167
0 0.122188 0.030833 0.059375 0.06
0 0.294375 0.04875 0.05375 0.065833
0 0.124375 0.182917 0.06125 0.0675
0 0.073125 0.290833 0.0575 0.075
0 0.281875 0.32125 0.0525 0.074167
0 0.44875 0.263333 0.0575 0.071667
0 0.327188 0.44625 0.064375 0.0775
0 0.285938 0.585833 0.053125 0.07
0 0.433437 0.59375 0.041875 0.0575
0 0.15 0.85875 0.0575 0.089167
0 0.128438 0.772083 0.054375 0.0725
0 0.60125 0.8575 0.04625 0.063333
0 0.675 0.460833 0.04625 0.07
0 0.652188 0.981667 0.046875 0.036667
0 0.754687 0.619583 0.049375 0.065833
0 0.755938 0.504167 0.056875 0.078333
0 0.805 0.288333 0.0475 0.066667
0 0.926875 0.219583 0.0525 0.0775
0 0.91125 0.0675 0.04 0.063333
0 0.687813 0.059167 0.050625 0.07
0 0.556562 0.674167 0.051875 0.065
