0 0.480312 0.239167 0.054375 0.041667
0 0.388125 0.227917 0.03875 0.050833
0 0.335938 0.27 0.038125 0.05
0 0.144375 0.2475 0.03875 0.046667
0 0.421563 0.142917 0.026875 0.039167
0 0.368437 0.114167 0.033125 0.043333
0 0.333437 0.124167 0.031875 0.038333
0 0.294687 0.095 0.029375 0.035
0 0.2525 0.082083 0.03 0.0375
0 0.185 0.0175 0.03625 0.033333
0 0.386875 0.01625 0.02625 0.030833
0 0.437812 0.045833 0.034375 0.048333
0 0.605938 0.053333 0.026875 0.038333
0 0.781875 0.039583 0.0325 0.0425
0 0.857187 0.090833 0.024375 0.035
0 0.872188 0.125 0.030625 0.038333
0 0.8425 0.16375 0.0375 0.049167
0 0.77875 0.183333 0.03 0.04
0 0.965 0.184583 0.03875 0.050833
0 0.862812 0.20875 0.031875 0.0375
0 0.842187 0.269583 0.025625 0.040833
0 0.86375 0.28375 0.02875 0.044167
0 0.990938 0.23625 0.018125 0.030833
0 0.863437 0.375833 0.033125 0.045
0 0.945 0.389583 0.03 0.044167
0 0.938438 0.463333 0.026875 0.035
0 0.900937 0.481667 0.035625 0.051667
0 0.544375 0.334167 0.035 0.05
0 0.574063 0.314167 0.028125 0.041667
0 0.670625 0.409167 0.03125 0.041667
0 0.636563 0.3625 0.020625 0.035
0 0.968125 0.597917 0.03625 0.054167
0 0.844688 0.579167 0.031875 0.036667
0 0.878437 0.634583 0.031875 0.0375
0 0.939063 0.70375 0.025625 0.035833
0 0.83375 0.669167 0.03125 0.04
0 0.959063 0.952917 0.030625 0.045833
0 0.8925 0.817083 0.03125 0.035833
0 0.9725 0.982917 0.02875 0.034167
0 0.800312 0.936667 0.030625 0.043333
0 0.611563 0.9425 0.029375 0.038333
0 0.613125 0.98125 0.03625 0.0375
0 0.764062 0.727917 0.029375 0.035833
0 0.752188 0.64625 0.024375 0.039167
0 0.7425 0.590833 0.03125 0.04
0 0.584375 0.668333 0.0375 0.046667
0 0.524375 0.703333 0.035 0.048333
0 0.567187 0.5225 0.031875 0.038333
0 0.520625 0.549583 0.035 0.045833
0 0.468125 0.4375 0.02375 0.033333
0 0.44125 0.42 0.01875 0.021667
0 0.426563 0.3425 0.029375 0.038333
0 0.455313 0.4775 0.035625 0.04
0 0.402813 0.517917 0.030625 0.039167
0 0.340313 0.42875 0.026875 0.0325
0 0.314688 0.429583 0.026875 0.039167
0 0.459375 0.56875 0.02875 0.039167
0 0.416875 0.550833 0.02875 0.036667
0 0.430937 0.625 0.031875 0.046667
0 0.374063 0.639167 0.029375 0.035
0 0.322188 0.619583 0.033125 0.045833
0 0.295312 0.5 0.028125 0.04
0 0.276875 0.63125 0.02875 0.0375
0 0.29875 0.659167 0.035 0.041667
0 0.3625 0.729167 0.0375 0.046667
0 0.36625 0.78625 0.0275 0.0375
0 0.398125 0.816667 0.0275 0.031667
0 0.272188 0.870833 0.033125 0.045
0 0.267188 0.748333 0.024375 0.033333
0 0.431563 0.97375 0.026875 0.035833
0 0.085625 0.970417 0.0325 0.040833
0 0.0225 0.87 0.03375 0.05
0 0.164062 0.944583 0.029375 0.040833
0 0.22625 0.8875 0.03 0.04
0 0.054062 0.81625 0.034375 0.040833
0 0.167187 0.75 0.026875 0.036667
0 0.126562 0.611667 0.038125 0.051667
0 0.014375 0.634167 0.0275 0.035
0 0.095312 0.564583 0.029375 0.0375
0 0.161875 0.439583 0.03375 0.045833
0 0.114375 0.395 0.03 0.041667
