0 0.944375 0.272083 0.03375 0.050833
0 0.855938 0.294583 0.025625 0.044167
0 0.777188 0.229583 0.034375 0.0475
0 0.83 0.352917 0.04625 0.074167
0 0.713437 0.32875 0.031875 0.044167
0 0.65625 0.26875 0.03875 0.045833
0 0.610625 0.327083 0.0425 0.0525
0 0.656563 0.350833 0.041875 0.056667
0 0.809688 0.43875 0.035625 0.0375
0 0.806875 0.466667 0.035 0.036667
0 0.77 0.4275 0.03375 0.06
0 0.736563 0.5425 0.034375 0.043333
0 0.776563 0.612083 0.033125 0.0475
0 0.9375 0.61125 0.03625 0.0475
0 0.844375 0.796667 0.03125 0.043333
0 0.814688 0.731667 0.043125 0.051667
0 0.6975 0.78125 0.03625 0.050833
0 0.676562 0.847083 0.038125 0.0625
0 0.706562 0.87875 0.035625 0.0475
0 0.656875 0.935417 0.03625 0.055833
0 0.561875 0.900417 0.0425 0.0675
0 0.599688 0.910833 0.033125 0.053333
0 0.281875 0.865417 0.04125 0.054167
0 0.351562 0.791667 0.034375 0.048333
0 0.22875 0.56625 0.0475 0.055833
0 0.076563 0.674167 0.034375 0.046667
0 0.095312 0.657083 0.040625 0.035833
0 0.076563 0.606667 0.031875 0.05
0 0.04875 0.61875 0.04 0.045833
0 0.04375 0.6575 0.04125 0.063333
0 0.010625 0.629167 0.02 0.051667
0 0.306563 0.675833 0.025625 0.031667
0 0.515938 0.482917 0.038125 0.040833
0 0.530937 0.305417 0.046875 0.060833
0 0.452188 0.264583 0.026875 0.044167
0 0.225312 0.460417 0.039375 0.050833
0 0.175313 0.333333 0.033125 0.048333
0 0.164687 0.128333 0.044375 0.061667
0 0.122813 0.05 0.038125 0.04
0 0.065625 0.081667 0.02625 0.041667
0 0.458125 0.11375 0.04 0.060833
0 0.277187 0.055 0.035625 0.046667
0 0.072813 0.2525 0.030625 0.03
