0 0.054062 0.97375 0.046875 0.0525
0 0.261562 0.82375 0.053125 0.084167
0 0.235937 0.92 0.046875 0.066667
0 0.450313 0.885833 0.043125 0.066667
0 0.590625 0.915 0.04625 0.068333
0 0.49125 0.695417 0.05125 0.074167
0 0.389062 0.622083 0.044375 0.065833
0 0.122188 0.51625 0.045625 0.069167
0 0.20375 0.508333 0.04375 0.07
0 0.200313 0.407917 0.036875 0.059167
0 0.240313 0.195833 0.049375 0.065
0 0.334688 0.073333 0.036875 0.053333
0 0.510312 0.144583 0.041875 0.0675
0 0.9775 0.027917 0.045 0.054167
0 0.376563 0.957917 0.026875 0.040833
0 0.9325 0.927083 0.04875 0.0725
0 0.790937 0.81625 0.049375 0.075833
0 0.764375 0.74875 0.0475 0.055833
0 0.770312 0.69625 0.054375 0.055833
0 0.667813 0.4925 0.048125 0.07
0 0.669687 0.402917 0.041875 0.0575
0 0.766563 0.354167 0.043125 0.055
0 0.967812 0.371667 0.050625 0.07
0 0.853125 0.185833 0.04875 0.06
0 0.695937 0.15875 0.036875 0.044167
0 0.748437 0.45375 0.040625 0.045833
0 0.546875 0.799583 0.0375 0.049167
