0 0.74875 0.311667 0.03875 0.071667
0 0.893437 0.549167 0.030625 0.05
0 0.013125 0.839583 0.025 0.0575
0 0.215938 0.38125 0.041875 0.069167
0 0.208125 0.122917 0.04875 0.055833
0 0.233125 0.054167 0.03375 0.043333
0 0.81125 0.2925 0.05 0.068333
0 0.11875 0.452083 0.04 0.0575
0 0.297812 0.71375 0.041875 0.059167
0 0.987187 0.958333 0.025625 0.055
0 0.750938 0.0175 0.044375 0.033333
0 0.220312 0.089583 0.043125 0.050833
0 0.505 0.93 0.055 0.078333
0 0.612187 0.298333 0.050625 0.073333
0 0.801562 0.887083 0.038125 0.055833
0 0.479063 0.175833 0.045625 0.06
0 0.1325 0.708333 0.03875 0.058333
0 0.968125 0.614167 0.04125 0.048333
0 0.644375 0.542917 0.0425 0.065833
0 0.965313 0.56625 0.040625 0.055833
0 0.101875 0.538333 0.04875 0.07
0 0.83625 0.614583 0.04375 0.059167
0 0.434375 0.92125 0.04375 0.054167
0 0.83625 0.942917 0.0475 0.0675
0 0.069687 0.83875 0.049375 0.065833
0 0.481563 0.386667 0.033125 0.05
0 0.902188 0.720833 0.034375 0.046667
0 0.555312 0.205417 0.036875 0.050833
0 0.039062 0.62 0.044375 0.055
0 0.72 0.054583 0.03875 0.054167
0 0.498437 0.12625 0.039375 0.055833
0 0.509375 0.4 0.0375 0.05
0 0.111562 0.932917 0.048125 0.065833
0 0.883125 0.664167 0.055 0.081667
