0 0.144375 0.9925 0.0325 0.015
0 0.124063 0.5775 0.045625 0.068333
0 0.100312 0.280417 0.025625 0.039167
0 0.886875 0.425 0.045 0.066667
0 0.587187 0.914167 0.029375 0.038333
0 0.741563 0.791667 0.033125 0.048333
0 0.605938 0.65375 0.038125 0.055833
0 0.887188 0.051667 0.028125 0.041667
0 0.798438 0.956667 0.030625 0.041667
0 0.87125 0.225417 0.0325 0.0475
0 0.606875 0.459583 0.035 0.049167
0 0.224375 0.398333 0.035 0.048333
0 0.245938 0.7975 0.028125 0.038333
0 0.864688 0.03625 0.029375 0.0475
0 0.53875 0.337917 0.04125 0.054167
0 0.319063 0.608333 0.038125 0.063333
0 0.604062 0.54875 0.038125 0.0525
0 0.363438 0.256667 0.040625 0.058333
0 0.893125 0.7325 0.0375 0.051667
0 0.754687 0.470417 0.034375 0.040833
0 0.046875 0.845 0.03125 0.04
0 0.7825 0.585833 0.035 0.051667
0 0.302187 0.670833 0.035625 0.05
0 0.989688 0.189583 0.020625 0.040833
0 0.802188 0.217917 0.031875 0.0425
0 0.075625 0.270833 0.03125 0.041667
0 0.46375 0.557083 0.0425 0.0575
