0 0.895312 0.022917 0.046875 0.044167
0 0.965 0.039583 0.04125 0.050833
0 0.900937 0.29 0.060625 0.078333
0 0.8525 0.345417 0.04375 0.0575
0 0.760938 0.31125 0.033125 0.054167
0 0.694063 0.324583 0.036875 0.064167
0 0.69625 0.124167 0.04125 0.053333
0 0.723437 0.097917 0.045625 0.0525
0 0.640625 0.027083 0.0375 0.045833
0 0.868437 0.45625 0.069375 0.085833
0 0.82 0.567917 0.04875 0.059167
0 0.786563 0.61125 0.043125 0.059167
0 0.727812 0.588333 0.040625 0.055
0 0.708125 0.690833 0.04625 0.078333
0 0.53 0.598333 0.04375 0.06
0 0.925312 0.924167 0.059375 0.09
0 0.576875 0.861667 0.04 0.055
0 0.534375 0.970417 0.06125 0.059167
0 0.421875 0.9725 0.06 0.055
0 0.22625 0.975833 0.035 0.046667
0 0.174687 0.979167 0.036875 0.041667
0 0.234687 0.835417 0.031875 0.0325
0 0.23 0.800417 0.03875 0.049167
0 0.216875 0.709583 0.0475 0.060833
0 0.259688 0.624583 0.036875 0.049167
0 0.239375 0.589167 0.04375 0.056667
0 0.411875 0.612083 0.04125 0.0525
0 0.10625 0.505 0.03875 0.045
0 0.145937 0.4575 0.029375 0.04
0 0.185938 0.435 0.043125 0.056667
0 0.1875 0.333333 0.04 0.051667
0 0.102188 0.267083 0.033125 0.044167
0 0.485938 0.319167 0.046875 0.055
0 0.511875 0.0925 0.045 0.041667
0 0.370312 0.1425 0.046875 0.086667
0 0.34875 0.019583 0.04625 0.0375
0 0.035625 0.085 0.0475 0.051667
0 0.0275 0.027083 0.05 0.0525
