0 0.250625 0.163333 0.0275 0.038333
0 0.1925 0.0825 0.0325 0.038333
0 0.335625 0.0225 0.03375 0.04
0 0.393437 0.120833 0.035625 0.046667
0 0.228125 0.181667 0.04 0.055
0 0.07875 0.340417 0.045 0.059167
0 0.217188 0.3575 0.033125 0.038333
0 0.005625 0.569167 0.01 0.031667
0 0.044687 0.5775 0.030625 0.045
0 0.235313 0.485 0.023125 0.033333
0 0.2625 0.49375 0.0275 0.039167
0 0.310312 0.484167 0.033125 0.04
0 0.278125 0.649167 0.03125 0.046667
0 0.252188 0.947917 0.026875 0.0375
0 0.401875 0.814167 0.0325 0.038333
0 0.565625 0.575417 0.03375 0.034167
0 0.475 0.46375 0.0375 0.0425
0 0.604688 0.191667 0.039375 0.053333
0 0.667188 0.254167 0.033125 0.043333
0 0.943438 0.015 0.036875 0.028333
0 0.787813 0.064583 0.031875 0.0425
0 0.920312 0.517917 0.030625 0.045833
0 0.812813 0.765 0.036875 0.051667
0 0.794687 0.855833 0.040625 0.06
0 0.895625 0.834167 0.04125 0.056667
0 0.525937 0.335833 0.025625 0.036667
0 0.310312 0.622917 0.036875 0.059167
0 0.948125 0.13875 0.0475 0.065833
0 0.473438 0.9 0.038125 0.043333
