0 0.129062 0.029583 0.033125 0.044167
0 0.502188 0.0725 0.035625 0.041667
0 0.4175 0.227917 0.0475 0.060833
0 0.542188 0.324583 0.035625 0.044167
0 0.766563 0.035 0.035625 0.053333
0 0.747812 0.084583 0.033125 0.045833
0 0.886563 0.180417 0.034375 0.050833
0 0.789062 0.223333 0.031875 0.043333
0 0.776563 0.249167 0.034375 0.04
0 0.696562 0.242917 0.031875 0.044167
0 0.7875 0.342083 0.035 0.0475
0 0.843437 0.455417 0.039375 0.049167
0 0.909687 0.57625 0.033125 0.045833
0 0.579063 0.715 0.033125 0.036667
0 0.619062 0.72 0.033125 0.041667
0 0.625 0.929167 0.0375 0.048333
0 0.395313 0.91125 0.046875 0.054167
0 0.408125 0.980417 0.04125 0.039167
0 0.430312 0.447083 0.036875 0.0375
0 0.264062 0.50125 0.051875 0.0675
0 0.139375 0.529167 0.035 0.041667
0 0.163438 0.57375 0.035625 0.040833
0 0.21125 0.394583 0.02625 0.030833
0 0.119375 0.3475 0.0325 0.04
