0 0.08875 0.925 0.03 0.045
0 0.155 0.887917 0.035 0.0525
0 0.183125 0.954583 0.03125 0.040833
0 0.289375 0.967083 0.0325 0.0475
0 0.271562 0.916667 0.039375 0.053333
0 0.284062 0.871667 0.035625 0.051667
0 0.025 0.762083 0.04125 0.0525
0 0.0225 0.85375 0.0325 0.044167
0 0.333437 0.649167 0.036875 0.04
0 0.348125 0.552083 0.035 0.0425
0 0.41375 0.480833 0.035 0.046667
0 0.240625 0.420833 0.0375 0.045
0 0.096562 0.382917 0.030625 0.040833
0 0.422187 0.376667 0.043125 0.063333
0 0.325313 0.3575 0.035625 0.053333
0 0.353438 0.310833 0.041875 0.051667
0 0.34 0.249167 0.04125 0.046667
0 0.049688 0.184583 0.044375 0.050833
0 0.3 0.16375 0.0325 0.0475
0 0.413125 0.192083 0.03375 0.049167
0 0.358125 0.09125 0.03375 0.045833
0 0.394062 0.021667 0.030625 0.04
0 0.524062 0.014583 0.034375 0.0275
0 0.744062 0.027917 0.025625 0.034167
0 0.57875 0.230833 0.03375 0.051667
0 0.625938 0.225 0.029375 0.041667
0 0.644375 0.399167 0.03125 0.026667
0 0.615625 0.420417 0.02875 0.034167
0 0.648125 0.422083 0.0325 0.029167
0 0.705937 0.471667 0.026875 0.036667
0 0.64375 0.540833 0.03 0.038333
0 0.629062 0.614167 0.036875 0.056667
0 0.702187 0.905 0.031875 0.051667
0 0.739688 0.970833 0.039375 0.051667
0 0.737187 0.6075 0.036875 0.055
0 0.821562 0.660417 0.031875 0.040833
0 0.725 0.29125 0.02625 0.044167
0 0.77125 0.320417 0.0325 0.0475
0 0.745 0.368333 0.03125 0.048333
0 0.832812 0.295 0.031875 0.048333
0 0.925625 0.07125 0.03375 0.044167
0 0.936562 0.1275 0.035625 0.046667
0 0.939063 0.229583 0.035625 0.050833
0 0.988437 0.313333 0.023125 0.058333
0 0.921875 0.521667 0.03625 0.046667
0 0.9125 0.565833 0.03 0.036667
0 0.900625 0.717917 0.03375 0.044167
0 0.935625 0.7725 0.03 0.045
0 0.984062 0.76375 0.029375 0.039167
0 0.9775 0.965 0.03125 0.046667
0 0.914375 0.942917 0.0375 0.050833
0 0.946875 0.864167 0.02375 0.033333
