0 0.854375 0.112083 0.02875 0.0375
0 0.819063 0.222083 0.031875 0.045833
0 0.799375 0.35 0.03375 0.048333
0 0.728437 0.300417 0.030625 0.040833
0 0.852812 0.396667 0.028125 0.046667
0 0.938125 0.429167 0.02625 0.031667
0 0.929375 0.472917 0.02875 0.040833
0 0.9275 0.532083 0.03125 0.039167
0 0.772813 0.585 0.029375 0.045
0 0.77875 0.659167 0.0275 0.038333
0 0.81125 0.810417 0.0275 0.039167
0 0.787813 0.86375 0.028125 0.0425
0 0.920312 0.936667 0.039375 0.038333
0 0.710313 0.967917 0.028125 0.040833
0 0.56 0.96 0.035 0.05
0 0.504375 0.899167 0.03375 0.04
0 0.489375 0.868333 0.03375 0.043333
0 0.352812 0.814583 0.031875 0.0425
0 0.389062 0.87 0.031875 0.036667
0 0.0675 0.98125 0.0325 0.0325
0 0.344687 0.709167 0.035625 0.06
0 0.084687 0.645 0.031875 0.04
0 0.515625 0.702917 0.03625 0.0475
0 0.54125 0.635 0.03375 0.04
0 0.365625 0.5775 0.0275 0.033333
0 0.299687 0.587917 0.031875 0.044167
0 0.420312 0.442917 0.033125 0.0425
0 0.654375 0.387083 0.0375 0.054167
0 0.582187 0.382917 0.034375 0.050833
0 0.492188 0.359583 0.034375 0.059167
0 0.453437 0.3125 0.026875 0.04
0 0.159062 0.329167 0.029375 0.036667
0 0.175937 0.235833 0.031875 0.043333
0 0.324062 0.0775 0.035625 0.041667
0 0.381875 0.249167 0.0325 0.04
0 0.561875 0.272083 0.02625 0.040833
0 0.598437 0.157083 0.026875 0.039167
0 0.463125 0.068333 0.03125 0.04
