0 0.04125 0.97625 0.04375 0.0475
0 0.079687 0.82875 0.039375 0.049167
0 0.239375 0.976667 0.03375 0.045
0 0.202187 0.81875 0.036875 0.0525
0 0.29625 0.790417 0.03125 0.0375
0 0.01625 0.633333 0.03125 0.056667
0 0.021875 0.51625 0.03625 0.049167
0 0.279062 0.320833 0.040625 0.051667
0 0.206563 0.192083 0.041875 0.055833
0 0.374375 0.329583 0.04375 0.064167
0 0.467187 0.425833 0.039375 0.053333
0 0.360312 0.66375 0.034375 0.050833
0 0.240937 0.019583 0.034375 0.0375
0 0.325313 0.035417 0.043125 0.0625
0 0.461562 0.195417 0.051875 0.069167
0 0.5575 0.15375 0.04 0.050833
0 0.70625 0.035 0.04 0.053333
0 0.760625 0.189167 0.0375 0.048333
0 0.47875 0.984167 0.0375 0.031667
0 0.523125 0.894583 0.04 0.049167
0 0.66625 0.93375 0.045 0.055833
0 0.750625 0.861667 0.03375 0.051667
0 0.874687 0.233333 0.041875 0.053333
0 0.85125 0.969167 0.03875 0.04
0 0.9625 0.845833 0.03875 0.056667
0 0.975313 0.90375 0.033125 0.044167
