0 0.234063 0.131667 0.038125 0.048333
0 0.04625 0.02125 0.04 0.040833
0 0.236563 0.535833 0.034375 0.043333
0 0.009375 0.375417 0.0175 0.049167
0 0.271875 0.56125 0.02875 0.0375
0 0.46125 0.535 0.0275 0.041667
0 0.428438 0.453333 0.026875 0.045
0 0.53625 0.362917 0.0375 0.0475
0 0.487812 0.534167 0.033125 0.056667
0 0.429375 0.191667 0.03125 0.04
0 0.502188 0.055417 0.028125 0.0325
0 0.629062 0.04875 0.034375 0.0375
0 0.69875 0.882083 0.04 0.050833
0 0.94125 0.815417 0.02875 0.034167
0 0.949063 0.53125 0.035625 0.040833
0 0.962187 0.134583 0.031875 0.0375
0 0.087188 0.251667 0.026875 0.045
0 0.814063 0.542083 0.054375 0.054167
0 0.865938 0.392917 0.035625 0.0425
