0 0.9575 0.089167 0.05375 0.06
0 0.985625 0.154167 0.02875 0.053333
0 0.541562 0.4125 0.050625 0.068333
0 0.605625 0.542083 0.065 0.0725
0 0.683125 0.510833 0.0425 0.053333
0 0.265 0.541667 0.04625 0.065
0 0.199375 0.581667 0.05 0.063333
0 0.20375 0.859167 0.04375 0.053333
0 0.255625 0.247917 0.04 0.0475
0 0.65625 0.971667 0.04375 0.05
0 0.576875 0.92125 0.03625 0.044167
0 0.855313 0.977917 0.050625 0.044167
0 0.838125 0.72875 0.05375 0.070833
0 0.985625 0.515833 0.02875 0.051667
0 0.987187 0.249583 0.025625 0.0475
0 0.253125 0.982083 0.0425 0.035833
