0 0.025625 0.022083 0.0475 0.0425
0 0.063125 0.09125 0.0425 0.069167
0 0.275 0.059583 0.04 0.060833
0 0.379375 0.062917 0.045 0.070833
0 0.429688 0.241667 0.051875 0.045
0 0.447813 0.306667 0.050625 0.085
0 0.489687 0.301667 0.045625 0.078333
0 0.604062 0.01875 0.040625 0.035833
0 0.657813 0.125833 0.040625 0.058333
0 0.720938 0.012917 0.046875 0.024167
0 0.71875 0.0725 0.06125 0.076667
0 0.827187 0.066667 0.034375 0.051667
0 0.875625 0.084583 0.03375 0.039167
0 0.929375 0.0925 0.03625 0.06
0 0.985938 0.110417 0.028125 0.065833
0 0.90875 0.23125 0.03125 0.049167
0 0.554688 0.287083 0.060625 0.080833
0 0.61 0.3 0.04125 0.053333
0 0.58125 0.334167 0.05875 0.061667
0 0.583125 0.412083 0.04625 0.065833
0 0.679688 0.394583 0.038125 0.045833
0 0.715313 0.341667 0.049375 0.068333
0 0.836562 0.37 0.036875 0.046667
0 0.927188 0.373333 0.040625 0.078333
0 0.880625 0.491667 0.0375 0.05
0 0.882812 0.56875 0.040625 0.059167
0 0.925312 0.66875 0.038125 0.044167
0 0.945937 0.689167 0.041875 0.043333
0 0.929375 0.765417 0.04 0.0675
0 0.927813 0.824167 0.036875 0.051667
0 0.958438 0.850833 0.041875 0.048333
0 0.828125 0.81375 0.0375 0.0525
0 0.85875 0.695417 0.03375 0.0475
0 0.745313 0.72125 0.051875 0.075833
0 0.73875 0.79 0.0425 0.061667
0 0.643125 0.635417 0.05625 0.0775
0 0.519687 0.608333 0.045625 0.068333
0 0.47125 0.655833 0.0425 0.053333
0 0.450937 0.594583 0.036875 0.0525
0 0.270937 0.4225 0.033125 0.043333
0 0.255312 0.450417 0.030625 0.044167
0 0.230313 0.4175 0.040625 0.045
0 0.195625 0.471667 0.04 0.045
0 0.368437 0.548333 0.049375 0.066667
0 0.1125 0.527917 0.04 0.0525
0 0.090313 0.568333 0.038125 0.053333
0 0.064687 0.663333 0.034375 0.04
0 0.053437 0.640833 0.033125 0.04
0 0.19125 0.663333 0.0425 0.056667
0 0.895 0.966667 0.0425 0.065
0 0.744062 0.973333 0.036875 0.053333
0 0.582812 0.79625 0.045625 0.060833
0 0.560625 0.872083 0.0375 0.055833
0 0.505313 0.854167 0.039375 0.061667
0 0.405625 0.7575 0.0425 0.058333
0 0.395625 0.839167 0.04 0.055
0 0.324062 0.982083 0.044375 0.035833
0 0.271562 0.964583 0.039375 0.059167
0 0.208125 0.940417 0.04375 0.0575
0 0.141563 0.97625 0.045625 0.0475
0 0.135937 0.82125 0.038125 0.0575
0 0.203125 0.758333 0.055 0.078333
0 0.087188 0.705417 0.033125 0.039167
0 0.015312 0.925417 0.029375 0.0475
0 0.04125 0.842917 0.05 0.074167
0 0.06125 0.778333 0.045 0.055
0 0.018125 0.735833 0.035 0.066667
