0 0.764062 0.115833 0.040625 0.06
0 0.782188 0.2175 0.031875 0.048333
0 0.914687 0.318333 0.034375 0.046667
0 0.933125 0.344583 0.03125 0.0325
0 0.64875 0.325833 0.04 0.05
0 0.513125 0.199583 0.03625 0.049167
0 0.905312 0.54875 0.028125 0.040833
0 0.725938 0.664167 0.039375 0.048333
0 0.902813 0.90625 0.031875 0.039167
0 0.720938 0.931667 0.039375 0.053333
0 0.614375 0.975833 0.03625 0.045
0 0.499688 0.813333 0.051875 0.066667
0 0.559688 0.704583 0.036875 0.049167
0 0.414375 0.315 0.0425 0.066667
0 0.32125 0.470833 0.04625 0.06
0 0.365625 0.54125 0.04125 0.0575
0 0.2075 0.45375 0.04125 0.055833
0 0.174687 0.596667 0.061875 0.083333
0 0.115312 0.552083 0.034375 0.045833
0 0.035937 0.635 0.040625 0.046667
0 0.033438 0.790833 0.030625 0.045
0 0.30625 0.88 0.04125 0.051667
0 0.11 0.964167 0.04125 0.053333
0 0.32125 0.981667 0.0425 0.036667
