0 0.959063 0.024583 0.044375 0.0475
0 0.871563 0.043333 0.041875 0.061667
0 0.591562 0.042917 0.034375 0.050833
0 0.682813 0.35875 0.034375 0.055833
0 0.810625 0.412083 0.02875 0.034167
0 0.810625 0.443333 0.035 0.03
0 0.884375 0.406667 0.04875 0.058333
0 0.698438 0.61125 0.036875 0.0475
0 0.685 0.642917 0.0475 0.060833
0 0.564063 0.78375 0.043125 0.0625
0 0.497812 0.705833 0.034375 0.05
0 0.466562 0.846667 0.029375 0.046667
0 0.441875 0.917083 0.05125 0.069167
0 0.302187 0.730417 0.034375 0.050833
0 0.095 0.715 0.045 0.065
0 0.124063 0.6625 0.034375 0.048333
0 0.029375 0.502917 0.05375 0.064167
0 0.109687 0.50625 0.045625 0.0675
0 0.127812 0.423333 0.036875 0.063333
0 0.307188 0.378333 0.049375 0.061667
0 0.367812 0.414167 0.053125 0.06
0 0.39875 0.17 0.03625 0.058333
0 0.356875 0.195 0.04875 0.065
0 0.28 0.132083 0.05375 0.054167
0 0.61875 0.868333 0.055 0.073333
