0 0.748125 0.035 0.035 0.048333
0 0.9525 0.1125 0.0325 0.041667
0 0.9525 0.162083 0.03875 0.055833
0 0.820312 0.1825 0.044375 0.061667
0 0.847187 0.222083 0.033125 0.045833
0 0.756563 0.185833 0.038125 0.053333
0 0.704063 0.219167 0.036875 0.048333
0 0.685625 0.094583 0.03375 0.0575
0 0.8325 0.016667 0.0475 0.031667
0 0.867812 0.408333 0.033125 0.048333
0 0.897813 0.472917 0.038125 0.059167
0 0.804688 0.505 0.040625 0.05
0 0.813125 0.63 0.0375 0.058333
0 0.7025 0.584583 0.03875 0.059167
0 0.560312 0.502083 0.038125 0.060833
0 0.532188 0.435 0.039375 0.051667
0 0.475 0.355833 0.03625 0.068333
0 0.465625 0.274167 0.04 0.048333
0 0.482812 0.169167 0.038125 0.053333
0 0.395625 0.117083 0.03875 0.0425
0 0.37625 0.0725 0.035 0.04
0 0.46875 0.02125 0.03125 0.040833
0 0.513125 0.014583 0.04 0.0275
0 0.986875 0.954583 0.02625 0.050833
0 0.854375 0.81625 0.03 0.0475
0 0.701562 0.68625 0.041875 0.065833
0 0.757812 0.939583 0.040625 0.0575
0 0.670625 0.985417 0.03875 0.029167
0 0.6375 0.861667 0.04 0.055
0 0.669063 0.812083 0.038125 0.054167
0 0.594063 0.804167 0.036875 0.048333
0 0.565937 0.956667 0.041875 0.056667
0 0.475625 0.955833 0.04 0.051667
0 0.520938 0.827083 0.034375 0.049167
0 0.529375 0.722083 0.035 0.050833
0 0.406875 0.942917 0.04375 0.055833
0 0.37375 0.970833 0.04125 0.051667
0 0.311563 0.99 0.033125 0.02
0 0.437812 0.987917 0.035625 0.024167
0 0.431563 0.851667 0.036875 0.045
0 0.400625 0.785833 0.03375 0.045
0 0.400313 0.6875 0.038125 0.051667
0 0.3975 0.616667 0.04375 0.06
0 0.035312 0.988333 0.031875 0.023333
0 0.095 0.868333 0.03375 0.05
0 0.240625 0.825833 0.035 0.045
0 0.269688 0.695833 0.044375 0.065
0 0.067187 0.735417 0.039375 0.0475
0 0.018437 0.7675 0.034375 0.053333
0 0.300312 0.582083 0.040625 0.050833
0 0.34375 0.406667 0.03625 0.051667
0 0.1875 0.481667 0.04 0.058333
0 0.170937 0.399167 0.040625 0.055
0 0.234687 0.356667 0.043125 0.061667
0 0.1425 0.468333 0.0325 0.038333
0 0.232813 0.285833 0.045625 0.053333
0 0.18875 0.192917 0.04 0.054167
0 0.254688 0.197917 0.039375 0.054167
0 0.286875 0.185 0.0325 0.046667
0 0.235937 0.1175 0.045625 0.053333
0 0.219062 0.04125 0.036875 0.0425
0 0.134687 0.061667 0.036875 0.046667
0 0.438125 0.125417 0.03875 0.0575
0 0.05875 0.58625 0.03375 0.050833
0 0.017188 0.460833 0.030625 0.055
0 0.04125 0.17875 0.035 0.0475
