0 0.448125 0.8875 0.03625 0.056667
0 0.009375 0.644167 0.0175 0.068333
0 0.082187 0.485417 0.029375 0.039167
0 0.444688 0.988333 0.040625 0.023333
0 0.121563 0.934583 0.038125 0.050833
0 0.05375 0.452917 0.04875 0.059167
0 0.420938 0.88375 0.029375 0.044167
0 0.029375 0.28625 0.0375 0.050833
0 0.391875 0.91375 0.03875 0.0475
0 0.057813 0.506667 0.045625 0.055
0 0.751563 0.450833 0.041875 0.061667
0 0.03375 0.8125 0.0425 0.056667
0 0.411562 0.705 0.038125 0.05
0 0.819375 0.830417 0.035 0.049167
0 0.693125 0.764167 0.0375 0.051667
0 0.075313 0.688333 0.033125 0.043333
0 0.50125 0.875417 0.05 0.0725
0 0.862812 0.265 0.035625 0.048333
0 0.894687 0.577083 0.045625 0.069167
0 0.28 0.4825 0.05375 0.076667
0 0.173125 0.10125 0.04 0.049167
0 0.082812 0.897917 0.040625 0.055833
0 0.2925 0.203333 0.03875 0.051667
0 0.28125 0.05625 0.04 0.050833
0 0.565312 0.594583 0.041875 0.085833
0 0.429375 0.492083 0.04375 0.059167
0 0.526875 0.052083 0.04 0.0525
0 0.220312 0.25 0.055625 0.068333
0 0.563125 0.1375 0.04125 0.063333
0 0.184375 0.923333 0.0425 0.066667
0 0.971562 0.520417 0.050625 0.069167
