0 0.348125 0.97 0.0525 0.06
0 0.197813 0.89625 0.055625 0.0625
0 0.02625 0.445833 0.04 0.051667
0 0.171563 0.326667 0.046875 0.061667
0 0.2525 0.3 0.03875 0.048333
0 0.255937 0.184583 0.041875 0.0525
0 0.521563 0.214583 0.035625 0.0525
0 0.5075 0.57 0.03375 0.048333
0 0.69625 0.4575 0.05 0.045
0 0.69875 0.495833 0.045 0.043333
0 0.808125 0.314583 0.045 0.060833
0 0.7625 0.030417 0.04375 0.0525
0 0.651875 0.0225 0.04375 0.043333
0 0.967812 0.254167 0.040625 0.053333
0 0.860938 0.784167 0.051875 0.06
0 0.922813 0.862917 0.033125 0.0475
0 0.425 0.229583 0.03625 0.040833
0 0.350625 0.84375 0.04375 0.060833
0 0.744062 0.11625 0.041875 0.0425
