0 0.018125 0.86125 0.035 0.065833
0 0.240625 0.754583 0.04375 0.0525
0 0.200625 0.665833 0.0425 0.053333
0 0.245312 0.628333 0.039375 0.051667
0 0.363125 0.734167 0.0275 0.036667
0 0.165937 0.434583 0.033125 0.0425
0 0.325625 0.206667 0.0375 0.051667
0 0.358125 0.150833 0.025 0.043333
0 0.461875 0.104167 0.0425 0.056667
0 0.671562 0.735833 0.043125 0.051667
0 0.6725 0.605833 0.04375 0.048333
0 0.685625 0.563333 0.04625 0.06
0 0.920312 0.8625 0.034375 0.045
0 0.936875 0.985417 0.0375 0.029167
0 0.974375 0.713333 0.0275 0.04
0 0.934063 0.5 0.033125 0.045
0 0.8975 0.43125 0.04125 0.050833
0 0.13375 0.92 0.03625 0.05
0 0.760938 0.125 0.033125 0.045
