0 0.87625 0.02875 0.025 0.040833
0 0.98375 0.20875 0.02875 0.065833
0 0.84 0.391667 0.0325 0.051667
0 0.6375 0.100417 0.03875 0.0575
0 0.619375 0.025417 0.03125 0.0425
0 0.53125 0.014167 0.03125 0.026667
0 0.480312 0.1575 0.031875 0.045
0 0.57125 0.227083 0.02875 0.040833
0 0.5625 0.262083 0.02875 0.0375
0 0.565312 0.324583 0.036875 0.0425
0 0.467813 0.417083 0.031875 0.045833
0 0.974063 0.668333 0.026875 0.04
0 0.76375 0.68125 0.0325 0.039167
0 0.700625 0.7075 0.03 0.053333
0 0.620938 0.577083 0.034375 0.0425
0 0.562187 0.763333 0.038125 0.046667
0 0.456562 0.7825 0.036875 0.043333
0 0.754687 0.959167 0.034375 0.056667
0 0.726562 0.96625 0.029375 0.0425
0 0.616875 0.890417 0.03125 0.0475
0 0.587812 0.9075 0.029375 0.035
0 0.536875 0.905833 0.035 0.041667
0 0.294063 0.75375 0.039375 0.050833
0 0.025313 0.443333 0.029375 0.04
0 0.01875 0.248333 0.03 0.04
0 0.017188 0.202917 0.033125 0.050833
0 0.1925 0.3175 0.03625 0.051667
0 0.097812 0.31375 0.036875 0.0425
0 0.189375 0.25125 0.03 0.0375
0 0.247188 0.214167 0.038125 0.058333
0 0.275938 0.224583 0.028125 0.054167
0 0.424063 0.177917 0.033125 0.0425
0 0.205 0.1525 0.03125 0.045
0 0.21875 0.04875 0.0325 0.049167
0 0.16 0.0225 0.03125 0.043333
0 0.131875 0.077083 0.0325 0.044167
0 0.049063 0.031667 0.035625 0.045
