0 0.9675 0.201667 0.0375 0.048333
0 0.745938 0.064583 0.034375 0.045833
0 0.951875 0.245417 0.03 0.039167
0 0.786875 0.404583 0.03125 0.0475
0 0.57625 0.31375 0.03125 0.044167
0 0.864062 0.975 0.029375 0.04
0 0.8925 0.95375 0.03625 0.045833
0 0.935937 0.899583 0.033125 0.040833
0 0.927813 0.751667 0.029375 0.045
0 0.68375 0.75375 0.03 0.040833
0 0.570312 0.839167 0.038125 0.053333
0 0.654062 0.716667 0.028125 0.035
0 0.245625 0.259167 0.03375 0.045
0 0.357187 0.285833 0.031875 0.046667
0 0.377188 0.267083 0.031875 0.044167
0 0.369063 0.375 0.033125 0.055
0 0.36625 0.587083 0.035 0.044167
0 0.275938 0.54 0.030625 0.038333
0 0.232813 0.50625 0.030625 0.0375
0 0.168437 0.543333 0.030625 0.045
0 0.034063 0.565 0.029375 0.043333
0 0.134687 0.552083 0.031875 0.049167
0 0.140313 0.70125 0.034375 0.044167
0 0.224062 0.6725 0.041875 0.053333
0 0.147813 0.756667 0.029375 0.038333
0 0.22375 0.785 0.03375 0.041667
0 0.3125 0.756667 0.03125 0.043333
0 0.137187 0.971667 0.033125 0.04
0 0.110937 0.98875 0.031875 0.0225
