0 0.883437 0.427083 0.025625 0.0425
0 0.3125 0.974583 0.04375 0.050833
0 0.685625 0.399583 0.04375 0.079167
0 0.102813 0.8725 0.028125 0.046667
0 0.99 0.6825 0.02 0.066667
0 0.576875 0.317083 0.03875 0.050833
0 0.651875 0.754167 0.03375 0.041667
0 0.0125 0.795833 0.02375 0.048333
0 0.841875 0.716667 0.03625 0.051667
0 0.128125 0.599583 0.04 0.0525
0 0.925937 0.746667 0.044375 0.066667
0 0.66375 0.78125 0.03125 0.0375
0 0.428438 0.971667 0.031875 0.045
0 0.035312 0.14 0.046875 0.065
0 0.465313 0.605833 0.045625 0.066667
0 0.199687 0.872083 0.036875 0.059167
0 0.5375 0.111667 0.04125 0.058333
0 0.6325 0.2475 0.0375 0.051667
0 0.49 0.13875 0.03875 0.0525
0 0.0775 0.883333 0.0325 0.045
0 0.089375 0.365833 0.04 0.051667
0 0.242812 0.16625 0.051875 0.0675
0 0.431875 0.16375 0.04875 0.070833
0 0.44875 0.096667 0.04 0.051667
0 0.299687 0.79625 0.061875 0.079167
0 0.337187 0.262917 0.041875 0.060833
