0 0.907813 0.93125 0.038125 0.049167
0 0.9175 0.960417 0.03125 0.035833
0 0.927188 0.973333 0.034375 0.031667
0 0.935312 0.989167 0.038125 0.021667
0 0.906563 0.8325 0.049375 0.065
0 0.952812 0.74625 0.020625 0.040833
0 0.932813 0.742083 0.024375 0.0425
0 0.95875 0.705417 0.03375 0.049167
0 0.989062 0.69625 0.021875 0.045833
0 0.970625 0.660417 0.03125 0.049167
0 0.716562 0.774167 0.035625 0.051667
0 0.723437 0.985833 0.028125 0.028333
0 0.642188 0.677917 0.051875 0.075833
0 0.591562 0.680417 0.044375 0.055833
0 0.58625 0.635833 0.0425 0.045
0 0.575 0.600833 0.04 0.051667
0 0.62375 0.5975 0.04875 0.073333
0 0.655312 0.5375 0.046875 0.056667
0 0.804688 0.484167 0.025625 0.06
0 0.832187 0.485833 0.033125 0.056667
0 0.87625 0.485417 0.04125 0.0575
0 0.70125 0.361667 0.05 0.058333
0 0.459062 0.985 0.041875 0.03
0 0.219062 0.95875 0.050625 0.069167
0 0.190625 0.755417 0.045 0.054167
0 0.335313 0.69125 0.035625 0.054167
0 0.424063 0.580417 0.036875 0.054167
0 0.5075 0.1325 0.0475 0.07
0 0.377812 0.011667 0.033125 0.021667
0 0.314063 0.027917 0.048125 0.054167
0 0.3125 0.080833 0.04875 0.06
0 0.371563 0.132917 0.038125 0.054167
0 0.397813 0.11 0.038125 0.048333
0 0.3325 0.3125 0.0375 0.048333
0 0.070938 0.375833 0.045625 0.065
0 0.185 0.334167 0.0375 0.055
0 0.010937 0.138333 0.020625 0.048333
0 0.13375 0.038333 0.03625 0.046667
