0 0.300625 0.095833 0.03875 0.058333
0 0.290312 0.14875 0.044375 0.0475
0 0.135937 0.179167 0.039375 0.051667
0 0.705625 0.121667 0.03875 0.048333
0 0.706562 0.161667 0.034375 0.04
0 0.98125 0.309167 0.03625 0.046667
0 0.785937 0.567083 0.034375 0.0425
0 0.855625 0.92 0.03375 0.051667
0 0.817813 0.92625 0.034375 0.0475
0 0.819063 0.720833 0.040625 0.05
0 0.669063 0.7225 0.046875 0.065
0 0.74 0.77875 0.03 0.0425
0 0.986875 0.72 0.02625 0.045
0 0.340313 0.964583 0.048125 0.069167
0 0.328125 0.872083 0.03625 0.050833
0 0.324062 0.835 0.021875 0.03
0 0.309375 0.825417 0.03125 0.0475
0 0.299063 0.757083 0.034375 0.055833
0 0.35 0.775417 0.03625 0.040833
0 0.366563 0.7025 0.041875 0.043333
0 0.036875 0.922083 0.03875 0.0525
0 0.0725 0.690417 0.04125 0.059167
0 0.018125 0.584583 0.035 0.045833
0 0.117813 0.589583 0.030625 0.039167
0 0.181562 0.59375 0.034375 0.045833
0 0.25125 0.00875 0.02875 0.015833
0 0.225938 0.407083 0.029375 0.0425
0 0.23 0.775 0.03 0.033333
