0 0.896875 0.086667 0.03875 0.055
0 0.725938 0.0625 0.038125 0.048333
0 0.831562 0.211667 0.028125 0.04
0 0.842812 0.260833 0.035625 0.045
0 0.972187 0.426667 0.055625 0.07
0 0.964063 0.613333 0.054375 0.073333
0 0.844063 0.652917 0.049375 0.070833
0 0.914687 0.725417 0.039375 0.069167
0 0.961875 0.788333 0.03875 0.05
0 0.859375 0.95875 0.04125 0.0525
0 0.717187 0.965 0.049375 0.063333
0 0.63875 0.90375 0.0475 0.060833
0 0.570937 0.737917 0.034375 0.0425
0 0.590625 0.18625 0.0425 0.040833
0 0.586875 0.3225 0.0425 0.051667
0 0.425 0.287083 0.04 0.0475
0 0.253125 0.91625 0.05375 0.074167
0 0.104375 0.79625 0.0325 0.055833
0 0.2575 0.59125 0.0425 0.0475
0 0.029375 0.569583 0.03375 0.0475
0 0.42125 0.395 0.04125 0.06
0 0.267188 0.461667 0.039375 0.06
0 0.33625 0.37 0.04125 0.058333
0 0.341562 0.290833 0.053125 0.076667
0 0.114375 0.46875 0.03375 0.045833
0 0.091563 0.418333 0.040625 0.058333
0 0.035625 0.433333 0.065 0.078333
0 0.053125 0.25375 0.03625 0.0475
0 0.206875 0.267083 0.0325 0.045833
0 0.279687 0.107917 0.053125 0.075833
0 0.09375 0.085833 0.05 0.06
