0 0.834688 0.01625 0.054375 0.030833
0 0.788438 0.0175 0.044375 0.033333
0 0.778125 0.0575 0.045 0.058333
0 0.82125 0.0525 0.04625 0.058333
0 0.972812 0.028333 0.054375 0.055
0 0.953438 0.370833 0.053125 0.065
0 0.889062 0.426667 0.054375 0.066667
0 0.83875 0.44875 0.04375 0.0575
0 0.73875 0.388333 0.0575 0.07
0 0.744375 0.455 0.0425 0.061667
0 0.69375 0.48 0.05875 0.066667
0 0.629687 0.377917 0.045625 0.0625
0 0.53375 0.359167 0.04625 0.061667
0 0.579688 0.217083 0.054375 0.0625
0 0.62375 0.198333 0.03875 0.053333
0 0.645625 0.23875 0.04 0.045833
0 0.400313 0.26625 0.048125 0.064167
0 0.386875 0.395833 0.035 0.043333
0 0.33125 0.396667 0.03625 0.048333
0 0.126875 0.295417 0.05125 0.064167
0 0.109687 0.467917 0.053125 0.075833
0 0.178125 0.532917 0.05125 0.065833
0 0.0325 0.494167 0.045 0.06
0 0.0225 0.54625 0.04375 0.0625
0 0.230313 0.805417 0.050625 0.0575
0 0.151562 0.870417 0.038125 0.055833
0 0.262188 0.85125 0.035625 0.044167
0 0.236875 0.887917 0.04625 0.069167
0 0.019688 0.85 0.038125 0.06
0 0.144687 0.962083 0.038125 0.050833
0 0.19875 0.97875 0.05 0.0425
0 0.334062 0.98875 0.039375 0.0225
0 0.358125 0.7275 0.04125 0.056667
0 0.888125 0.96 0.0525 0.07
0 0.795 0.821667 0.03875 0.05
0 0.603437 0.7675 0.043125 0.06
0 0.569688 0.7325 0.046875 0.063333
0 0.815312 0.729167 0.045625 0.058333
0 0.775625 0.659583 0.0475 0.049167
0 0.823125 0.505 0.04875 0.063333
0 0.984062 0.489583 0.031875 0.050833
0 0.903438 0.606667 0.051875 0.065
0 0.96375 0.6525 0.04875 0.053333
0 0.5725 0.586667 0.05875 0.071667
0 0.549375 0.54 0.045 0.068333
0 0.49125 0.527083 0.045 0.070833
