0 0.404687 0.89375 0.046875 0.0575
0 0.40625 0.83 0.04375 0.05
0 0.20875 0.724167 0.03875 0.048333
0 0.217812 0.405417 0.036875 0.050833
0 0.153125 0.474583 0.0375 0.0475
0 0.213438 0.358333 0.038125 0.045
0 0.8 0.4775 0.04375 0.06
0 0.616875 0.199583 0.03375 0.050833
0 0.895 0.217917 0.0625 0.070833
0 0.43375 0.315833 0.0375 0.051667
0 0.524687 0.785833 0.041875 0.063333
0 0.590625 0.869583 0.04125 0.055833
0 0.364063 0.5925 0.035625 0.048333
0 0.85625 0.569167 0.0375 0.048333
0 0.6425 0.67875 0.03625 0.0525
0 0.678438 0.1875 0.044375 0.046667
0 0.039688 0.705833 0.039375 0.041667
0 0.096875 0.974583 0.03 0.039167
