0 0.924063 0.840833 0.033125 0.05
0 0.969375 0.862917 0.0425 0.064167
0 0.829063 0.76 0.045625 0.068333
0 0.735 0.727083 0.03625 0.055833
0 0.699063 0.742083 0.034375 0.049167
0 0.646875 0.723333 0.03375 0.046667
0 0.790625 0.6225 0.03125 0.046667
0 0.741563 0.5375 0.036875 0.048333
0 0.853437 0.4925 0.035625 0.05
0 0.809063 0.447083 0.043125 0.0625
0 0.750625 0.425833 0.0425 0.058333
0 0.719375 0.36375 0.04 0.054167
0 0.895938 0.169167 0.035625 0.046667
0 0.796562 0.142917 0.038125 0.049167
0 0.81375 0.062917 0.04125 0.054167
0 0.683438 0.074167 0.041875 0.055
0 0.630938 0.05875 0.041875 0.0525
0 0.58375 0.135833 0.03375 0.05
0 0.6675 0.124167 0.03875 0.051667
0 0.6 0.297083 0.03875 0.054167
0 0.688438 0.302083 0.039375 0.0525
0 0.639375 0.359583 0.04125 0.055833
0 0.600938 0.41375 0.049375 0.0675
0 0.546875 0.37375 0.04 0.0575
0 0.507188 0.352917 0.035625 0.049167
0 0.469062 0.17125 0.046875 0.065833
0 0.399062 0.164583 0.034375 0.0425
0 0.412813 0.423333 0.046875 0.066667
0 0.515312 0.52375 0.036875 0.055833
0 0.509062 0.5975 0.031875 0.043333
0 0.565312 0.725 0.036875 0.053333
0 0.52875 0.717083 0.03875 0.050833
0 0.3975 0.621667 0.03875 0.051667
0 0.84625 0.22625 0.0375 0.045833
0 0.603125 0.921667 0.04 0.048333
0 0.4425 0.88375 0.0375 0.049167
0 0.374688 0.740417 0.038125 0.050833
0 0.305937 0.711667 0.039375 0.05
0 0.20625 0.98125 0.03875 0.0375
0 0.233125 0.89 0.03375 0.051667
0 0.135937 0.735833 0.035625 0.048333
0 0.051562 0.7075 0.036875 0.043333
0 0.098437 0.642083 0.039375 0.050833
0 0.150938 0.64125 0.045625 0.055833
0 0.208125 0.568333 0.045 0.04
0 0.2025 0.531667 0.03625 0.04
0 0.111562 0.472917 0.035625 0.050833
0 0.079375 0.449583 0.05 0.069167
0 0.300625 0.45 0.035 0.053333
0 0.25875 0.403333 0.035 0.043333
0 0.052187 0.3075 0.038125 0.051667
0 0.325625 0.282083 0.0575 0.069167
0 0.23625 0.266667 0.04125 0.056667
0 0.161562 0.240417 0.035625 0.0425
0 0.077188 0.091667 0.039375 0.048333
0 0.295 0.02375 0.045 0.045833
