0 0.920312 0.222083 0.034375 0.0525
0 0.891563 0.44875 0.039375 0.045833
0 0.641563 0.28125 0.035625 0.045833
0 0.805937 0.135417 0.041875 0.050833
0 0.716875 0.15625 0.04625 0.059167
0 0.549063 0.056667 0.040625 0.053333
0 0.409062 0.144167 0.039375 0.053333
0 0.26 0.042917 0.0375 0.050833
0 0.154375 0.11625 0.0375 0.049167
0 0.149688 0.286667 0.035625 0.055
0 0.013125 0.2175 0.025 0.051667
0 0.404687 0.285833 0.038125 0.05
0 0.462187 0.399583 0.035625 0.050833
0 0.523438 0.415833 0.034375 0.048333
0 0.4475 0.543333 0.0375 0.046667
0 0.524062 0.490417 0.029375 0.0375
0 0.5075 0.615 0.035 0.045
0 0.249688 0.467917 0.035625 0.0525
0 0.035937 0.453333 0.038125 0.055
0 0.02125 0.524583 0.03625 0.050833
0 0.136563 0.6175 0.035625 0.048333
0 0.343125 0.637917 0.0275 0.034167
0 0.02625 0.746667 0.03 0.038333
0 0.12 0.839583 0.0375 0.049167
0 0.244688 0.884167 0.031875 0.043333
0 0.247188 0.988333 0.035625 0.023333
0 0.280625 0.975833 0.03875 0.048333
0 0.339062 0.960833 0.041875 0.055
0 0.50375 0.737083 0.03375 0.039167
0 0.630313 0.716667 0.036875 0.045
0 0.728437 0.724167 0.043125 0.05
0 0.596875 0.941667 0.035 0.043333
0 0.695937 0.9825 0.035625 0.035
0 0.764687 0.91 0.033125 0.04
