0 0.775 0.02875 0.025 0.0375
0 0.726562 0.080833 0.024375 0.035
0 0.79125 0.215417 0.03 0.0375
0 0.60125 0.0775 0.025 0.036667
0 0.584063 0.129583 0.024375 0.034167
0 0.585313 0.22625 0.023125 0.034167
0 0.850938 0.033333 0.026875 0.031667
0 0.952187 0.24 0.029375 0.038333
0 0.985 0.24125 0.03 0.039167
0 0.93375 0.358333 0.02875 0.041667
0 0.988125 0.391667 0.02375 0.033333
0 0.911875 0.455417 0.02875 0.040833
0 0.805625 0.345 0.03125 0.041667
0 0.780312 0.275 0.029375 0.046667
0 0.737187 0.270417 0.031875 0.059167
0 0.622812 0.3025 0.026875 0.035
0 0.923125 0.504583 0.02625 0.039167
0 0.833125 0.515 0.03125 0.033333
0 0.772813 0.59125 0.023125 0.0325
0 0.761563 0.6075 0.025625 0.033333
0 0.727187 0.595417 0.034375 0.0475
0 0.692813 0.425 0.031875 0.053333
0 0.640938 0.4325 0.025625 0.031667
0 0.637813 0.50875 0.021875 0.035833
0 0.622812 0.514167 0.014375 0.035
0 0.604375 0.515833 0.02875 0.038333
0 0.605313 0.54625 0.028125 0.029167
0 0.573438 0.582083 0.025625 0.0325
0 0.6225 0.61375 0.0325 0.039167
0 0.636563 0.735417 0.028125 0.0375
0 0.665625 0.725 0.02125 0.028333
0 0.787813 0.675417 0.025625 0.030833
0 0.659687 0.755833 0.025625 0.025
0 0.69875 0.80625 0.02125 0.0325
0 0.715625 0.803333 0.01625 0.033333
0 0.719375 0.833333 0.03 0.04
0 0.940937 0.94 0.030625 0.043333
0 0.905 0.981667 0.03 0.036667
0 0.771563 0.976667 0.030625 0.038333
0 0.898125 0.84375 0.03 0.0375
0 0.46875 0.126667 0.025 0.031667
0 0.48875 0.16875 0.02625 0.034167
0 0.518437 0.21125 0.025625 0.035833
0 0.535937 0.25625 0.028125 0.0425
0 0.470625 0.299583 0.02625 0.040833
0 0.44125 0.299167 0.02875 0.035
0 0.413125 0.325833 0.03 0.036667
0 0.476562 0.3425 0.031875 0.046667
0 0.551875 0.422083 0.0275 0.035833
0 0.45875 0.49625 0.02875 0.0375
0 0.394062 0.482083 0.029375 0.040833
0 0.475625 0.582917 0.025 0.034167
0 0.399375 0.644167 0.02875 0.04
0 0.570312 0.732083 0.025625 0.030833
0 0.492812 0.724167 0.026875 0.036667
0 0.543125 0.81625 0.02875 0.040833
0 0.594063 0.989583 0.031875 0.020833
0 0.603437 0.9 0.029375 0.038333
0 0.568125 0.8825 0.025 0.033333
0 0.459062 0.861667 0.024375 0.035
0 0.488438 0.9075 0.025625 0.03
0 0.496563 0.935 0.023125 0.028333
0 0.464687 0.96375 0.024375 0.030833
0 0.394375 0.939583 0.03375 0.044167
0 0.325 0.369167 0.03125 0.041667
0 0.312188 0.15375 0.024375 0.034167
0 0.268125 0.281667 0.0225 0.03
0 0.27125 0.374583 0.025 0.030833
0 0.243125 0.3775 0.0225 0.03
0 0.350313 0.6925 0.018125 0.031667
0 0.320937 0.792083 0.028125 0.030833
0 0.299063 0.941667 0.030625 0.041667
0 0.197813 0.94625 0.029375 0.035833
0 0.010313 0.872917 0.019375 0.034167
0 0.0075 0.787917 0.01375 0.0325
0 0.033438 0.712083 0.024375 0.029167
0 0.1425 0.755833 0.02625 0.036667
0 0.106563 0.610417 0.023125 0.035833
0 0.216562 0.645 0.039375 0.05
0 0.190938 0.4825 0.029375 0.041667
0 0.14 0.312083 0.03125 0.0375
0 0.119688 0.235 0.021875 0.035
0 0.009375 0.51625 0.0175 0.029167
0 0.039062 0.256667 0.029375 0.043333
0 0.019375 0.20875 0.02625 0.0375
0 0.127812 0.1275 0.023125 0.031667
0 0.133125 0.0775 0.02375 0.03
0 0.082187 0.029583 0.026875 0.040833
