0 0.008438 0.688333 0.015625 0.071667
0 0.989688 0.573333 0.020625 0.065
0 0.809375 0.927917 0.03 0.049167
0 0.7725 0.049583 0.0425 0.0675
0 0.74375 0.733333 0.03125 0.056667
0 0.768125 0.7275 0.02625 0.046667
0 0.471562 0.332083 0.044375 0.060833
0 0.991875 0.48375 0.01625 0.050833
0 0.410625 0.977917 0.0375 0.044167
0 0.053437 0.77 0.044375 0.051667
0 0.064375 0.93 0.04875 0.061667
0 0.213125 0.417083 0.0425 0.0675
0 0.055625 0.100417 0.04 0.0675
0 0.759375 0.33875 0.0425 0.055833
0 0.816875 0.318333 0.04125 0.071667
0 0.536563 0.322917 0.031875 0.050833
0 0.068125 0.81125 0.04625 0.050833
0 0.813125 0.848333 0.03125 0.043333
0 0.339687 0.322917 0.048125 0.0625
0 0.802813 0.392917 0.036875 0.0525
0 0.272188 0.308333 0.035625 0.046667
0 0.444688 0.875417 0.036875 0.050833
0 0.839375 0.387083 0.03125 0.0525
0 0.207187 0.876667 0.035625 0.051667
0 0.836562 0.932083 0.034375 0.049167
0 0.85375 0.313333 0.03875 0.065
0 0.70625 0.655833 0.03875 0.056667
0 0.9075 0.8925 0.03375 0.048333
0 0.958125 0.445417 0.04375 0.0575
0 0.888125 0.520833 0.045 0.061667
0 0.142187 0.904583 0.045625 0.074167
0 0.754375 0.575 0.0625 0.09
0 0.1675 0.70625 0.0375 0.055833
0 0.464687 0.708333 0.039375 0.06
0 0.582812 0.916667 0.036875 0.053333
0 0.561562 0.061667 0.035625 0.053333
0 0.290312 0.9125 0.039375 0.058333
0 0.451875 0.543333 0.04 0.055
0 0.915937 0.1675 0.040625 0.058333
0 0.520312 0.17 0.038125 0.055
0 0.948438 0.31 0.041875 0.061667
0 0.788438 0.156667 0.036875 0.056667
