0 0.095 0.297083 0.055 0.079167
0 0.163125 0.292083 0.04 0.0575
0 0.16125 0.375 0.04375 0.056667
0 0.210313 0.477083 0.046875 0.065833
0 0.028125 0.3875 0.03875 0.046667
0 0.188125 0.622083 0.05875 0.0775
0 0.253437 0.6025 0.048125 0.065
0 0.055 0.781667 0.05 0.063333
0 0.014375 0.935417 0.0275 0.054167
0 0.311875 0.765833 0.045 0.065
0 0.369688 0.832083 0.045625 0.0675
0 0.454375 0.94875 0.0475 0.0625
0 0.497812 0.215 0.044375 0.063333
0 0.4575 0.110417 0.03875 0.050833
0 0.65875 0.37375 0.05 0.065833
0 0.699063 0.640833 0.045625 0.058333
0 0.871563 0.731667 0.051875 0.065
0 0.917813 0.661667 0.049375 0.065
0 0.67125 0.22875 0.03625 0.0425
0 0.907188 0.289167 0.049375 0.055
0 0.8325 0.048333 0.05625 0.071667
0 0.76 0.04 0.055 0.066667
0 0.512813 0.170833 0.033125 0.05
0 0.38 0.2325 0.03875 0.048333
