0 0.319375 0.992917 0.02875 0.014167
0 0.890938 0.569583 0.039375 0.060833
0 0.670312 0.035833 0.056875 0.07
0 0.093438 0.691667 0.046875 0.073333
0 0.0075 0.900417 0.01375 0.065833
0 0.662813 0.9875 0.036875 0.025
0 0.23875 0.675417 0.045 0.069167
0 0.806562 0.489583 0.035625 0.050833
0 0.444063 0.204583 0.039375 0.0575
0 0.835313 0.585 0.044375 0.078333
0 0.990625 0.59875 0.01875 0.065833
0 0.775 0.264583 0.04125 0.0675
0 0.818125 0.622083 0.0325 0.0525
0 0.22 0.01625 0.03 0.030833
0 0.702187 0.283333 0.046875 0.068333
0 0.768437 0.746667 0.040625 0.055
0 0.1375 0.940833 0.04625 0.058333
0 0.818125 0.96 0.035 0.036667
0 0.33375 0.315 0.04625 0.063333
0 0.728437 0.112917 0.040625 0.059167
0 0.764375 0.03625 0.03625 0.050833
0 0.527813 0.674583 0.046875 0.064167
0 0.019375 0.0175 0.0375 0.033333
0 0.213125 0.251667 0.03375 0.043333
0 0.977187 0.740833 0.039375 0.051667
0 0.831562 0.9075 0.031875 0.041667
0 0.383125 0.457083 0.0425 0.060833
0 0.392188 0.407083 0.039375 0.054167
0 0.025937 0.500417 0.040625 0.0525
0 0.042188 0.463333 0.039375 0.048333
0 0.5 0.211667 0.04 0.055
0 0.986875 0.140417 0.02625 0.0475
0 0.266562 0.17875 0.040625 0.054167
0 0.817813 0.925417 0.031875 0.040833
0 0.15125 0.829167 0.045 0.061667
0 0.293438 0.7825 0.039375 0.053333
0 0.793438 0.942083 0.033125 0.050833
0 0.615 0.025833 0.03875 0.046667
0 0.178125 0.129167 0.04375 0.063333
0 0.373437 0.625417 0.036875 0.0525
0 0.866563 0.580833 0.029375 0.053333
0 0.114687 0.338333 0.051875 0.063333
0 0.677188 0.084167 0.043125 0.058333
0 0.552188 0.077917 0.041875 0.055833
