0 0.1325 0.047083 0.035 0.0475
0 0.393125 0.019167 0.0425 0.036667
0 0.472187 0.075417 0.046875 0.060833
0 0.233125 0.130833 0.03125 0.038333
0 0.316875 0.232917 0.03875 0.049167
0 0.159375 0.374583 0.0425 0.064167
0 0.174063 0.340417 0.038125 0.049167
0 0.215625 0.327917 0.03625 0.0525
0 0.262813 0.305833 0.034375 0.04
0 0.290312 0.3225 0.041875 0.05
0 0.273438 0.37 0.035625 0.048333
0 0.309063 0.3975 0.035625 0.046667
0 0.505938 0.329167 0.040625 0.053333
0 0.0975 0.565 0.03375 0.045
0 0.197813 0.680833 0.036875 0.043333
0 0.270625 0.677083 0.0425 0.0525
0 0.308437 0.63375 0.040625 0.0525
0 0.23625 0.750833 0.045 0.055
0 0.320937 0.785833 0.048125 0.066667
0 0.269062 0.930417 0.036875 0.050833
0 0.235625 0.90875 0.045 0.060833
0 0.269062 0.887917 0.041875 0.045833
0 0.669063 0.85375 0.038125 0.0475
0 0.735 0.845833 0.035 0.053333
0 0.4375 0.865417 0.0275 0.035833
0 0.96 0.894583 0.03875 0.045833
0 0.964688 0.84 0.044375 0.055
0 0.884062 0.801667 0.035625 0.04
0 0.889375 0.652917 0.03875 0.050833
0 0.982812 0.792917 0.034375 0.055833
0 0.77 0.454583 0.04 0.0575
0 0.734062 0.45125 0.035625 0.054167
0 0.759062 0.40125 0.038125 0.0425
0 0.974063 0.32875 0.045625 0.055833
0 0.875313 0.288333 0.031875 0.048333
0 0.841562 0.285833 0.038125 0.051667
0 0.804063 0.263333 0.026875 0.036667
0 0.831562 0.010417 0.036875 0.019167
0 0.976875 0.1725 0.045 0.05
0 0.459062 0.14375 0.035625 0.0425
0 0.749062 0.127917 0.031875 0.034167
