0 0.898438 0.015 0.028125 0.028333
0 0.960938 0.102917 0.038125 0.0625
0 0.897813 0.104167 0.036875 0.053333
0 0.735938 0.214583 0.038125 0.049167
0 0.813438 0.167083 0.026875 0.035833
0 0.645312 0.187917 0.036875 0.0575
0 0.55875 0.35375 0.04 0.050833
0 0.462813 0.392917 0.034375 0.0275
0 0.47125 0.43125 0.0425 0.0475
0 0.118438 0.343333 0.048125 0.056667
0 0.180938 0.502083 0.036875 0.0475
0 0.261875 0.5925 0.04875 0.055
0 0.121563 0.542083 0.029375 0.040833
0 0.953125 0.453333 0.0425 0.051667
0 0.944688 0.565 0.043125 0.056667
0 0.763125 0.60875 0.03375 0.050833
0 0.821562 0.592083 0.026875 0.035833
0 0.66 0.562083 0.0375 0.050833
0 0.597187 0.5725 0.039375 0.058333
0 0.666562 0.683333 0.035625 0.048333
0 0.94 0.625417 0.03125 0.040833
0 0.790625 0.82 0.02625 0.038333
0 0.721562 0.815417 0.021875 0.025833
0 0.730313 0.985833 0.031875 0.028333
0 0.828125 0.804583 0.0325 0.040833
0 0.83625 0.826667 0.02875 0.028333
