0 0.923438 0.92375 0.033125 0.035833
0 0.793438 0.919583 0.035625 0.040833
0 0.698125 0.947917 0.0325 0.039167
0 0.554688 0.854583 0.029375 0.040833
0 0.499063 0.805 0.029375 0.035
0 0.530937 0.613333 0.035625 0.045
0 0.400313 0.607917 0.033125 0.0425
0 0.585938 0.927083 0.026875 0.0375
0 0.13875 0.9575 0.035 0.046667
0 0.253437 0.818333 0.035625 0.05
0 0.295625 0.770833 0.03 0.043333
0 0.344375 0.785833 0.0325 0.041667
0 0.20125 0.7 0.0325 0.043333
0 0.136563 0.68875 0.033125 0.035833
0 0.011562 0.649167 0.021875 0.043333
0 0.30625 0.525833 0.03 0.038333
0 0.852812 0.75375 0.028125 0.0375
0 0.878437 0.656667 0.025625 0.035
0 0.99375 0.558333 0.0125 0.028333
0 0.94125 0.575417 0.02625 0.035833
0 0.797813 0.608333 0.025625 0.035
0 0.765625 0.64625 0.035 0.044167
0 0.714688 0.624583 0.030625 0.0425
0 0.77 0.5425 0.02625 0.038333
0 0.729688 0.47875 0.024375 0.030833
0 0.900625 0.480417 0.03125 0.0375
0 0.939063 0.3775 0.024375 0.033333
0 0.957187 0.3625 0.025625 0.031667
0 0.793125 0.337083 0.0275 0.035833
0 0.760625 0.325833 0.03 0.043333
0 0.553438 0.507917 0.034375 0.040833
0 0.904687 0.26375 0.029375 0.0375
0 0.9075 0.141667 0.035 0.04
0 0.791562 0.043333 0.031875 0.048333
0 0.916875 0.013333 0.02625 0.025
0 0.885 0.03625 0.03125 0.0375
0 0.890312 0.419583 0.030625 0.035833
0 0.070938 0.907083 0.028125 0.040833
0 0.127188 0.87375 0.030625 0.0375
0 0.37 0.416667 0.03375 0.043333
0 0.411562 0.3425 0.029375 0.045
0 0.310625 0.418333 0.03 0.045
0 0.253437 0.335 0.030625 0.043333
0 0.449688 0.3275 0.033125 0.04
0 0.59125 0.0625 0.03625 0.046667
0 0.549375 0.258333 0.0275 0.031667
0 0.594375 0.404583 0.02875 0.035833
0 0.604375 0.12375 0.0325 0.040833
0 0.479063 0.159583 0.029375 0.039167
0 0.408125 0.08125 0.02625 0.0375
0 0.364687 0.097083 0.026875 0.0375
0 0.327188 0.066667 0.033125 0.046667
0 0.225 0.4075 0.03375 0.04
0 0.152812 0.332917 0.039375 0.0525
0 0.086563 0.37375 0.033125 0.045833
0 0.15625 0.2725 0.0325 0.04
0 0.060937 0.261667 0.033125 0.038333
0 0.120313 0.204583 0.031875 0.040833
0 0.046562 0.056667 0.033125 0.043333
0 0.193125 0.05 0.035 0.043333
0 0.025313 0.129167 0.028125 0.046667
0 0.45 0.545833 0.04875 0.05
0 0.460313 0.9575 0.031875 0.04
0 0.639687 0.949583 0.029375 0.035833
0 0.75625 0.9775 0.0375 0.04
0 0.78125 0.431667 0.0275 0.031667
0 0.705937 0.315833 0.021875 0.033333
0 0.585 0.360417 0.03125 0.035833
0 0.642813 0.130833 0.033125 0.041667
0 0.455313 0.049167 0.023125 0.033333
0 0.14125 0.150833 0.03 0.04
