0 0.945937 0.05 0.035625 0.046667
0 0.941875 0.162917 0.0375 0.054167
0 0.964063 0.208333 0.039375 0.051667
0 0.965313 0.29375 0.035625 0.049167
0 0.83 0.251667 0.03875 0.061667
0 0.792188 0.25 0.038125 0.06
0 0.694063 0.307083 0.041875 0.059167
0 0.634687 0.265417 0.035625 0.0525
0 0.59375 0.256667 0.04625 0.07
0 0.61 0.042917 0.04 0.064167
0 0.670625 0.359583 0.04375 0.0725
0 0.615625 0.392917 0.0425 0.064167
0 0.826562 0.436667 0.035625 0.056667
0 0.907813 0.502917 0.034375 0.055833
0 0.947187 0.491667 0.040625 0.07
0 0.72875 0.54125 0.03625 0.0475
0 0.712187 0.564583 0.035625 0.050833
0 0.607187 0.584583 0.041875 0.045833
0 0.940937 0.745 0.039375 0.063333
0 0.960625 0.722917 0.0325 0.050833
0 0.964063 0.855 0.038125 0.056667
0 0.696562 0.656667 0.053125 0.085
0 0.606875 0.675417 0.02625 0.044167
0 0.5775 0.675833 0.03375 0.035
0 0.57125 0.6475 0.0325 0.048333
0 0.700313 0.847083 0.051875 0.059167
0 0.570625 0.939167 0.05375 0.071667
0 0.517813 0.937083 0.025625 0.040833
0 0.492812 0.928333 0.029375 0.036667
0 0.505313 0.887083 0.043125 0.049167
0 0.411875 0.78875 0.0475 0.070833
0 0.340938 0.760417 0.035625 0.044167
0 0.428125 0.700417 0.04625 0.064167
0 0.325625 0.639167 0.04625 0.065
0 0.106563 0.980833 0.038125 0.038333
0 0.0125 0.938333 0.02375 0.048333
0 0.035312 0.755 0.041875 0.05
0 0.098125 0.70875 0.0425 0.054167
0 0.186562 0.65 0.038125 0.055
0 0.198437 0.385417 0.038125 0.055833
0 0.107188 0.317917 0.044375 0.064167
0 0.046875 0.26875 0.045 0.050833
0 0.160312 0.300833 0.036875 0.056667
0 0.275938 0.307083 0.040625 0.054167
0 0.3225 0.326667 0.03125 0.035
0 0.317812 0.290833 0.035625 0.041667
0 0.262813 0.256667 0.038125 0.036667
0 0.263437 0.219583 0.030625 0.039167
0 0.412187 0.271667 0.044375 0.06
0 0.3825 0.226667 0.045 0.065
0 0.399375 0.175417 0.035 0.0575
0 0.491563 0.03875 0.050625 0.0675
0 0.186562 0.161667 0.050625 0.05
0 0.051875 0.11125 0.0325 0.0375
0 0.041563 0.072917 0.040625 0.0525
0 0.072188 0.04625 0.035625 0.040833
0 0.18625 0.535417 0.03875 0.045833
0 0.669063 0.142083 0.035625 0.039167
0 0.203437 0.024167 0.035625 0.046667
