0 0.693438 0.056667 0.035625 0.048333
0 0.722187 0.1925 0.031875 0.036667
0 0.903125 0.317083 0.0375 0.044167
0 0.9675 0.67375 0.04 0.0725
0 0.601875 0.963333 0.03625 0.05
0 0.689375 0.885417 0.03875 0.050833
0 0.64875 0.802083 0.02875 0.0375
0 0.61625 0.7825 0.03125 0.033333
0 0.56625 0.78 0.025 0.033333
0 0.614375 0.710833 0.0375 0.038333
0 0.58875 0.266667 0.035 0.043333
0 0.5725 0.232917 0.035 0.049167
0 0.266875 0.01625 0.02625 0.030833
0 0.23625 0.062083 0.04125 0.0525
0 0.314375 0.13125 0.04375 0.0525
0 0.32125 0.184583 0.03125 0.034167
0 0.337187 0.25625 0.033125 0.035833
0 0.346875 0.336667 0.03125 0.036667
0 0.323437 0.42875 0.043125 0.044167
0 0.4 0.49875 0.03625 0.045833
0 0.233437 0.512917 0.038125 0.045833
0 0.030937 0.135417 0.035625 0.045833
0 0.02625 0.495833 0.03875 0.043333
0 0.22625 0.705417 0.03625 0.044167
0 0.359063 0.749167 0.033125 0.045
0 0.334688 0.754583 0.029375 0.039167
0 0.314375 0.794583 0.03 0.035833
0 0.382812 0.869167 0.036875 0.041667
0 0.439063 0.974167 0.039375 0.041667
0 0.230625 0.575 0.03125 0.03
0 0.066562 0.96125 0.034375 0.044167
0 0.115937 0.975833 0.034375 0.043333
0 0.965625 0.590833 0.0325 0.05
