0 0.86625 0.054583 0.0425 0.059167
0 0.832812 0.55 0.043125 0.056667
0 0.740313 0.552917 0.036875 0.050833
0 0.675 0.479167 0.04625 0.056667
0 0.650312 0.602917 0.040625 0.059167
0 0.548125 0.640833 0.0525 0.066667
0 0.305625 0.697083 0.045 0.055833
0 0.333125 0.55625 0.045 0.0675
0 0.3075 0.332917 0.0425 0.0675
0 0.402187 0.307917 0.046875 0.065833
0 0.4725 0.3575 0.04375 0.063333
0 0.444375 0.271667 0.03125 0.055
0 0.47125 0.285 0.02875 0.055
0 0.499375 0.28875 0.03625 0.0575
0 0.101875 0.585 0.0425 0.055
0 0.120625 0.307917 0.05625 0.065833
