0 0.980938 0.318333 0.038125 0.076667
0 0.053437 0.8875 0.041875 0.063333
0 0.615 0.560417 0.0275 0.034167
0 0.235313 0.9825 0.033125 0.035
0 0.394062 0.604583 0.039375 0.0475
0 0.26625 0.258333 0.03 0.038333
0 0.459375 0.826667 0.0575 0.051667
0 0.452813 0.935833 0.033125 0.043333
0 0.34625 0.20625 0.04125 0.060833
0 0.511563 0.567917 0.031875 0.039167
0 0.658125 0.536667 0.03125 0.041667
0 0.606875 0.684167 0.035 0.043333
0 0.13875 0.419167 0.03125 0.041667
0 0.593437 0.460417 0.033125 0.045833
0 0.5 0.6 0.03375 0.045
0 0.985625 0.51875 0.02875 0.045833
0 0.724375 0.209583 0.0375 0.059167
0 0.459062 0.017083 0.025625 0.0325
0 0.418125 0.295833 0.03875 0.063333
0 0.412187 0.361667 0.031875 0.041667
0 0.335313 0.760833 0.036875 0.055
0 0.08 0.92625 0.035 0.0425
0 0.253437 0.48625 0.031875 0.0475
0 0.746563 0.362083 0.036875 0.059167
0 0.570312 0.915 0.036875 0.046667
0 0.772813 0.1775 0.030625 0.04
0 0.515938 0.966667 0.031875 0.04
0 0.4825 0.39375 0.03375 0.044167
0 0.218438 0.541667 0.033125 0.043333
0 0.310937 0.468333 0.041875 0.051667
0 0.930312 0.795 0.035625 0.05
0 0.27375 0.735833 0.0375 0.043333
0 0.244688 0.338333 0.041875 0.056667
0 0.285938 0.399583 0.033125 0.044167
0 0.435937 0.021667 0.028125 0.038333
0 0.177813 0.35625 0.033125 0.044167
0 0.43 0.163333 0.03625 0.048333
0 0.055625 0.783333 0.03375 0.043333
0 0.659687 0.020833 0.043125 0.04
