0 0.941562 0.454167 0.024375 0.025
0 0.734375 0.0525 0.03875 0.058333
0 0.88375 0.07875 0.04125 0.0525
0 0.872812 0.607083 0.031875 0.045833
0 0.323125 0.491667 0.03375 0.036667
0 0.843125 0.5325 0.04375 0.06
0 0.624062 0.92625 0.041875 0.069167
0 0.966875 0.442917 0.025 0.040833
0 0.514687 0.54875 0.033125 0.045833
0 0.1175 0.72625 0.03875 0.055833
0 0.950625 0.031667 0.04375 0.056667
0 0.94625 0.430417 0.025 0.0325
0 0.417812 0.814167 0.033125 0.046667
0 0.177813 0.564583 0.036875 0.045833
0 0.0675 0.115833 0.035 0.043333
0 0.083437 0.31 0.034375 0.041667
0 0.8875 0.232083 0.03 0.0425
0 0.852187 0.580833 0.031875 0.045
0 0.363438 0.51375 0.043125 0.0625
0 0.497188 0.76 0.041875 0.061667
0 0.910625 0.460417 0.03125 0.050833
0 0.281562 0.499583 0.030625 0.0425
0 0.670937 0.19 0.041875 0.06
0 0.982187 0.232917 0.035625 0.054167
0 0.459375 0.210417 0.035 0.050833
0 0.74 0.381667 0.0325 0.041667
0 0.294375 0.1725 0.0325 0.046667
0 0.278438 0.623333 0.034375 0.05
0 0.775937 0.017917 0.036875 0.034167
0 0.69 0.855 0.04 0.058333
0 0.929063 0.0625 0.040625 0.055
0 0.569688 0.601667 0.045625 0.061667
0 0.306875 0.4575 0.03875 0.05
0 0.44125 0.694167 0.04125 0.06
0 0.141563 0.965833 0.035625 0.048333
0 0.298438 0.97625 0.034375 0.0475
0 0.330937 0.97375 0.035625 0.0525
0 0.75125 0.077917 0.02875 0.0375
