0 0.051562 0.017083 0.054375 0.0325
0 0.207187 0.025417 0.033125 0.044167
0 0.170625 0.05 0.02875 0.041667
0 0.359375 0.069583 0.03375 0.050833
0 0.531875 0.04375 0.0325 0.039167
0 0.734375 0.12875 0.04375 0.059167
0 0.8475 0.250417 0.02875 0.044167
0 0.646563 0.237083 0.029375 0.0475
0 0.45875 0.1225 0.03625 0.046667
0 0.405 0.109583 0.04125 0.055833
0 0.2975 0.227917 0.04125 0.0525
0 0.4075 0.284583 0.0375 0.0425
0 0.1875 0.365833 0.02625 0.035
0 0.035312 0.650417 0.031875 0.040833
0 0.221562 0.513333 0.035625 0.043333
0 0.31875 0.575417 0.03 0.044167
0 0.215312 0.750417 0.035625 0.0475
0 0.059062 0.823333 0.033125 0.048333
0 0.196563 0.839583 0.030625 0.049167
0 0.164062 0.857083 0.030625 0.039167
0 0.164062 0.906667 0.034375 0.043333
0 0.124063 0.967917 0.034375 0.044167
0 0.101875 0.915833 0.03125 0.038333
0 0.328125 0.952083 0.03375 0.044167
0 0.532188 0.982917 0.031875 0.034167
0 0.793438 0.948333 0.035625 0.046667
0 0.894062 0.974583 0.026875 0.0325
0 0.441563 0.48875 0.035625 0.050833
0 0.496875 0.586667 0.03625 0.046667
0 0.512813 0.659583 0.040625 0.059167
0 0.57 0.717917 0.03875 0.054167
0 0.56125 0.809583 0.04 0.0475
0 0.64 0.67875 0.03875 0.0525
0 0.645938 0.874583 0.040625 0.0525
0 0.655625 0.817083 0.04 0.054167
0 0.710625 0.76125 0.0375 0.054167
0 0.773125 0.882083 0.03875 0.054167
0 0.828438 0.89 0.030625 0.041667
0 0.875 0.57625 0.04125 0.059167
0 0.888437 0.538333 0.035625 0.053333
0 0.958125 0.571667 0.0375 0.051667
0 0.98375 0.7475 0.02625 0.041667
0 0.767813 0.723333 0.041875 0.06
0 0.985313 0.838333 0.024375 0.038333
0 0.57 0.446667 0.04875 0.058333
0 0.012812 0.456667 0.024375 0.058333
