0 0.92875 0.028333 0.0375 0.051667
0 0.720313 0.0275 0.046875 0.05
0 0.912813 0.10125 0.044375 0.074167
0 0.898438 0.172917 0.039375 0.0575
0 0.69375 0.252083 0.035 0.0525
0 0.953438 0.470417 0.038125 0.059167
0 0.980313 0.609167 0.033125 0.048333
0 0.974375 0.77875 0.035 0.055833
0 0.689688 0.919583 0.050625 0.0625
0 0.72375 0.871667 0.04625 0.055
0 0.715938 0.799583 0.040625 0.0475
0 0.665312 0.790417 0.036875 0.049167
0 0.7375 0.725833 0.04 0.05
0 0.757812 0.670417 0.058125 0.074167
0 0.633125 0.63125 0.04125 0.059167
0 0.587187 0.781667 0.048125 0.06
0 0.750938 0.506667 0.055625 0.078333
0 0.615313 0.486667 0.044375 0.061667
0 0.551875 0.609583 0.04625 0.064167
0 0.529062 0.515417 0.060625 0.070833
0 0.545937 0.344583 0.060625 0.0675
0 0.534375 0.178333 0.0825 0.073333
0 0.475 0.217917 0.05875 0.0825
0 0.402187 0.239167 0.035625 0.058333
0 0.347813 0.34625 0.069375 0.100833
0 0.275625 0.2 0.05 0.07
0 0.207187 0.09 0.031875 0.04
0 0.160938 0.120833 0.041875 0.061667
0 0.120938 0.18 0.030625 0.041667
0 0.024375 0.068333 0.0375 0.051667
0 0.025313 0.972083 0.031875 0.0475
0 0.078437 0.8325 0.035625 0.048333
0 0.248438 0.95875 0.038125 0.0425
0 0.266562 0.816667 0.053125 0.071667
0 0.248438 0.75625 0.039375 0.050833
0 0.377188 0.850417 0.044375 0.059167
0 0.4325 0.860833 0.06 0.086667
0 0.384375 0.694583 0.05125 0.070833
