0 0.20375 0.976667 0.04625 0.046667
0 0.428438 0.340833 0.034375 0.076667
0 0.72375 0.64625 0.04375 0.0825
0 0.3275 0.430417 0.035 0.0525
0 0.398125 0.341667 0.0375 0.061667
0 0.935 0.092917 0.035 0.055833
0 0.24625 0.832083 0.03875 0.0575
0 0.883125 0.428333 0.0325 0.053333
0 0.561875 0.594583 0.0425 0.069167
0 0.870313 0.789583 0.038125 0.0575
0 0.214375 0.13 0.0425 0.065
0 0.106563 0.747083 0.038125 0.059167
0 0.583438 0.169583 0.044375 0.0675
0 0.617812 0.099583 0.041875 0.059167
0 0.821875 0.587917 0.03875 0.0675
