0 0.974375 0.680833 0.03625 0.051667
0 0.909375 0.69625 0.035 0.0475
0 0.750313 0.717917 0.036875 0.0425
0 0.765 0.758333 0.04 0.048333
0 0.680312 0.649583 0.030625 0.045833
0 0.500625 0.611667 0.03625 0.051667
0 0.4625 0.40875 0.03375 0.050833
0 0.57375 0.344583 0.03625 0.0575
0 0.962812 0.3175 0.039375 0.06
0 0.715313 0.2 0.038125 0.053333
0 0.763125 0.147083 0.0375 0.045833
0 0.6175 0.23125 0.0275 0.034167
0 0.549375 0.225417 0.03875 0.060833
0 0.660312 0.07375 0.030625 0.040833
0 0.565312 0.019583 0.033125 0.0375
0 0.382812 0.302083 0.033125 0.0475
0 0.7675 0.925 0.03875 0.048333
0 0.4775 0.979167 0.03625 0.041667
0 0.53375 0.81625 0.03 0.045833
0 0.509375 0.8 0.0275 0.036667
0 0.418438 0.72625 0.036875 0.054167
0 0.031563 0.975417 0.036875 0.0475
0 0.289687 0.865417 0.034375 0.0475
0 0.061562 0.725417 0.038125 0.0475
0 0.176875 0.679583 0.02875 0.0375
0 0.351562 0.673333 0.029375 0.045
0 0.3425 0.615 0.03125 0.041667
0 0.017812 0.4575 0.034375 0.063333
0 0.086875 0.285417 0.0325 0.049167
0 0.279062 0.6875 0.031875 0.043333
0 0.702812 0.457083 0.039375 0.059167
