0 0.0425 0.67375 0.03125 0.039167
0 0.029687 0.814583 0.028125 0.034167
0 0.350313 0.297917 0.035625 0.0575
0 0.256563 0.112917 0.029375 0.039167
0 0.240625 0.131667 0.025 0.031667
0 0.409375 0.056667 0.02375 0.035
0 0.4325 0.066667 0.0325 0.048333
0 0.559063 0.030417 0.040625 0.0575
0 0.423438 0.395 0.040625 0.061667
0 0.43875 0.453333 0.03375 0.043333
0 0.533125 0.52 0.02625 0.041667
0 0.274062 0.950833 0.034375 0.043333
0 0.489063 0.719167 0.030625 0.046667
0 0.5475 0.762917 0.0425 0.064167
0 0.64625 0.913333 0.03875 0.058333
0 0.85 0.63125 0.0325 0.050833
0 0.529687 0.575833 0.030625 0.04
0 0.580313 0.182083 0.026875 0.039167
0 0.655 0.04875 0.02375 0.040833
0 0.541875 0.058333 0.0275 0.036667
0 0.928438 0.194583 0.028125 0.039167
0 0.98375 0.405 0.0325 0.053333
