0 0.904375 0.037917 0.02375 0.029167
0 0.80625 0.075417 0.04 0.045833
0 0.903125 0.09125 0.03375 0.045833
0 0.827812 0.12375 0.031875 0.050833
0 0.86875 0.325 0.0525 0.073333
0 0.789062 0.21625 0.036875 0.050833
0 0.744375 0.230417 0.04625 0.065833
0 0.7475 0.290417 0.03625 0.045833
0 0.760938 0.35625 0.036875 0.055833
0 0.635938 0.037917 0.039375 0.054167
0 0.839063 0.454167 0.045625 0.061667
0 0.897813 0.589167 0.040625 0.053333
0 0.8075 0.54 0.055 0.076667
0 0.762188 0.616667 0.046875 0.068333
0 0.97125 0.787083 0.0575 0.090833
0 0.814688 0.842083 0.035625 0.0475
0 0.881563 0.93125 0.031875 0.050833
0 0.708125 0.8125 0.05375 0.071667
0 0.567187 0.7325 0.051875 0.068333
0 0.636875 0.329583 0.04375 0.060833
0 0.652188 0.37 0.034375 0.05
0 0.515938 0.37875 0.040625 0.059167
0 0.395625 0.287917 0.04125 0.049167
0 0.445 0.437083 0.0425 0.059167
0 0.43 0.5675 0.03875 0.051667
0 0.356563 0.541667 0.049375 0.07
0 0.319063 0.564583 0.035625 0.054167
0 0.276562 0.3875 0.039375 0.048333
0 0.29375 0.05 0.0325 0.048333
0 0.079687 0.127917 0.035625 0.044167
0 0.156562 0.905 0.049375 0.061667
0 0.017812 0.858333 0.034375 0.051667
0 0.029063 0.897083 0.026875 0.0275
0 0.033438 0.718333 0.043125 0.046667
0 0.031563 0.664167 0.039375 0.043333
