0 0.838125 0.0725 0.0375 0.061667
0 0.924063 0.129583 0.035625 0.0475
0 0.97625 0.220833 0.0325 0.048333
0 0.790937 0.25375 0.034375 0.049167
0 0.542188 0.1825 0.038125 0.056667
0 0.509687 0.254167 0.043125 0.066667
0 0.495625 0.376667 0.04375 0.061667
0 0.8 0.97625 0.0475 0.0475
0 0.778125 0.891667 0.03875 0.055
0 0.812187 0.782083 0.040625 0.0575
0 0.695937 0.83375 0.040625 0.059167
0 0.654062 0.857917 0.040625 0.055833
0 0.590938 0.71875 0.039375 0.0575
0 0.47125 0.720417 0.0375 0.049167
0 0.404687 0.728333 0.036875 0.053333
0 0.374063 0.7775 0.031875 0.05
0 0.344687 0.781667 0.030625 0.045
0 0.365938 0.922917 0.040625 0.0575
0 0.361875 0.98625 0.04125 0.0275
0 0.147813 0.825 0.041875 0.055
0 0.08125 0.83375 0.0475 0.059167
0 0.044687 0.810417 0.038125 0.059167
0 0.110937 0.631667 0.044375 0.058333
0 0.115937 0.4675 0.036875 0.05
0 0.275313 0.4475 0.049375 0.068333
0 0.317812 0.42875 0.041875 0.069167
0 0.46125 0.3475 0.0375 0.055
0 0.46875 0.0225 0.04125 0.043333
0 0.277813 0.013333 0.040625 0.025
0 0.325625 0.157083 0.035 0.0425
0 0.315625 0.2375 0.04 0.053333
0 0.070312 0.369583 0.039375 0.0475
0 0.144687 0.32125 0.048125 0.0625
0 0.176563 0.259583 0.040625 0.0525
0 0.210938 0.104583 0.040625 0.0525
