0 0.650625 0.145417 0.0425 0.060833
0 0.123438 0.480417 0.060625 0.080833
0 0.252812 0.475833 0.045625 0.053333
0 0.653438 0.199167 0.044375 0.061667
0 0.22375 0.444583 0.04625 0.0725
0 0.225312 0.810417 0.034375 0.055833
0 0.750938 0.365833 0.050625 0.06
0 0.889062 0.273333 0.028125 0.043333
0 0.112812 0.382917 0.045625 0.074167
0 0.65 0.614167 0.0525 0.065
0 0.130938 0.165417 0.025625 0.040833
0 0.276562 0.442083 0.043125 0.059167
0 0.5675 0.590833 0.04125 0.055
0 0.417187 0.6975 0.035625 0.045
0 0.865313 0.402083 0.034375 0.050833
0 0.846875 0.89375 0.04375 0.059167
0 0.691875 0.54 0.04375 0.061667
0 0.588437 0.22875 0.049375 0.064167
0 0.780312 0.347917 0.038125 0.054167
0 0.859688 0.274583 0.034375 0.054167
0 0.346562 0.827083 0.048125 0.065833
0 0.742188 0.10625 0.034375 0.0475
0 0.434688 0.538333 0.036875 0.05
0 0.356875 0.132917 0.05 0.069167
0 0.048438 0.792083 0.039375 0.054167
0 0.294375 0.533333 0.03875 0.056667
0 0.495625 0.25 0.045 0.065
0 0.755 0.419583 0.0475 0.060833
0 0.464687 0.6125 0.053125 0.065
0 0.096562 0.442083 0.043125 0.060833
0 0.07625 0.2425 0.0425 0.046667
0 0.404062 0.65125 0.036875 0.054167
0 0.211562 0.580833 0.051875 0.066667
0 0.512188 0.406667 0.045625 0.065
0 0.075 0.288333 0.04375 0.048333
0 0.139375 0.8725 0.04 0.06
0 0.3725 0.315417 0.04375 0.0625
0 0.223438 0.064167 0.056875 0.075
0 0.23375 0.966667 0.05 0.066667
0 0.816562 0.024583 0.033125 0.045833
