0 0.939688 0.06625 0.044375 0.0775
0 0.764687 0.252083 0.056875 0.085833
0 0.70375 0.34 0.04125 0.065
0 0.696875 0.4525 0.04875 0.09
0 0.958125 0.45875 0.0525 0.074167
0 0.763437 0.509583 0.050625 0.064167
0 0.61125 0.527083 0.06625 0.0775
0 0.983437 0.60625 0.033125 0.070833
0 0.8 0.874167 0.05 0.066667
0 0.805312 0.9175 0.048125 0.05
0 0.849063 0.91375 0.039375 0.050833
0 0.830625 0.947917 0.04375 0.044167
0 0.8675 0.947083 0.03375 0.045833
0 0.843437 0.985 0.033125 0.03
0 0.695937 0.968333 0.059375 0.063333
0 0.570312 0.94375 0.053125 0.079167
0 0.639375 0.757917 0.0575 0.085833
0 0.697187 0.757917 0.050625 0.0625
0 0.48 0.836667 0.055 0.071667
0 0.482812 0.657917 0.049375 0.074167
0 0.460313 0.326667 0.063125 0.09
0 0.412187 0.329167 0.054375 0.075
0 0.030312 0.066667 0.059375 0.071667
0 0.037812 0.01875 0.058125 0.035833
0 0.160312 0.020833 0.051875 0.04
0 0.155938 0.295 0.061875 0.073333
0 0.113125 0.35 0.055 0.081667
0 0.06625 0.355 0.0425 0.063333
0 0.171875 0.379167 0.05 0.073333
0 0.049375 0.423333 0.06875 0.105
0 0.244062 0.439167 0.073125 0.088333
0 0.2275 0.49875 0.055 0.080833
0 0.13625 0.619167 0.0575 0.075
0 0.239687 0.705 0.063125 0.078333
0 0.348438 0.936667 0.048125 0.058333
0 0.231875 0.825417 0.055 0.074167
0 0.1225 0.915833 0.06125 0.081667
0 0.067812 0.97375 0.065625 0.0525
0 0.010625 0.730417 0.02 0.044167
0 0.022187 0.645 0.033125 0.05
