0 0.064062 0.9825 0.053125 0.035
0 0.855625 0.704583 0.04375 0.0675
0 0.724375 0.22875 0.05125 0.070833
0 0.820625 0.697083 0.0425 0.065833
0 0.344687 0.757083 0.045625 0.064167
0 0.775937 0.80625 0.048125 0.075833
0 0.8975 0.722917 0.03875 0.055833
0 0.828438 0.41375 0.045625 0.069167
0 0.284375 0.51875 0.045 0.064167
0 0.292187 0.425 0.061875 0.075
0 0.841875 0.072083 0.0475 0.0625
0 0.76375 0.546667 0.05375 0.075
0 0.406562 0.875417 0.055625 0.0725
0 0.0825 0.855 0.055 0.063333
0 0.62125 0.27875 0.05125 0.0675
0 0.36 0.02625 0.04625 0.050833
0 0.867188 0.4475 0.041875 0.061667
0 0.180312 0.630417 0.038125 0.060833
0 0.52125 0.70625 0.045 0.055833
0 0.725 0.719167 0.055 0.073333
0 0.545937 0.632917 0.054375 0.0825
0 0.339375 0.533333 0.0525 0.076667
