0 0.0175 0.1275 0.0275 0.035
0 0.090313 0.192917 0.033125 0.044167
0 0.033125 0.28375 0.03375 0.050833
0 0.0225 0.41875 0.03125 0.0475
0 0.05125 0.416667 0.0275 0.036667
0 0.121563 0.48375 0.040625 0.050833
0 0.312188 0.105 0.033125 0.045
0 0.010625 0.607917 0.02 0.0625
0 0.045625 0.66375 0.04375 0.060833
0 0.105625 0.847917 0.035 0.049167
0 0.258437 0.925833 0.040625 0.05
0 0.138437 0.98625 0.029375 0.0275
0 0.415312 0.835417 0.040625 0.049167
0 0.3225 0.974167 0.03375 0.043333
0 0.576562 0.324583 0.031875 0.045833
0 0.478125 0.01625 0.03375 0.030833
0 0.589063 0.02625 0.039375 0.050833
0 0.7625 0.107083 0.03375 0.0525
0 0.786875 0.074167 0.0375 0.055
0 0.843437 0.097083 0.034375 0.049167
0 0.86875 0.45125 0.02875 0.0425
0 0.239687 0.555 0.026875 0.036667
0 0.456562 0.714583 0.031875 0.0375
0 0.815 0.685833 0.02875 0.041667
0 0.925312 0.674583 0.028125 0.0375
0 0.770625 0.8675 0.03 0.04
0 0.827812 0.948333 0.031875 0.041667
0 0.718437 0.870833 0.029375 0.04
0 0.729062 0.145 0.030625 0.045
0 0.80125 0.704167 0.02375 0.03
0 0.84 0.745833 0.03 0.041667
