0 0.955937 0.075833 0.028125 0.045
0 0.89125 0.068333 0.035 0.043333
0 0.724688 0.095 0.026875 0.031667
0 0.86 0.15375 0.02375 0.029167
0 0.806875 0.183333 0.02875 0.041667
0 0.890625 0.252917 0.02375 0.034167
0 0.660625 0.217083 0.02875 0.044167
0 0.4825 0.104167 0.03375 0.046667
0 0.525937 0.109167 0.025625 0.035
0 0.575313 0.318333 0.030625 0.043333
0 0.920937 0.368333 0.038125 0.041667
0 0.955625 0.412083 0.03125 0.040833
0 0.799375 0.364167 0.025 0.033333
0 0.865313 0.47375 0.028125 0.0425
0 0.935312 0.512083 0.031875 0.045833
0 0.866563 0.410417 0.020625 0.025833
0 0.799063 0.812083 0.028125 0.034167
0 0.581562 0.720833 0.025625 0.033333
0 0.715 0.895417 0.0275 0.0325
0 0.679688 0.860833 0.026875 0.035
0 0.568125 0.809167 0.02375 0.033333
0 0.566875 0.88375 0.02375 0.0275
0 0.439375 0.814583 0.02875 0.0375
0 0.641563 0.927083 0.030625 0.0375
0 0.659687 0.989583 0.029375 0.020833
0 0.446562 0.377917 0.020625 0.034167
0 0.349375 0.482083 0.03125 0.0325
0 0.32 0.52375 0.035 0.045833
0 0.320312 0.21875 0.026875 0.0325
0 0.214688 0.158333 0.030625 0.048333
0 0.181875 0.220833 0.03 0.043333
0 0.184688 0.32875 0.028125 0.034167
0 0.4475 0.907083 0.02375 0.030833
0 0.29875 0.786667 0.01875 0.025
0 0.30125 0.735417 0.0275 0.034167
0 0.280313 0.629583 0.024375 0.0275
0 0.085 0.027917 0.03 0.035833
0 0.032813 0.129167 0.024375 0.04
0 0.45875 0.502917 0.02625 0.034167
0 0.401875 0.665833 0.03 0.026667
0 0.016875 0.585417 0.02875 0.0425
0 0.2375 0.604167 0.0275 0.031667
