0 0.08875 0.02875 0.0325 0.0425
0 0.270937 0.122917 0.041875 0.050833
0 0.050625 0.052917 0.03125 0.0425
0 0.213438 0.234167 0.036875 0.046667
0 0.293438 0.214167 0.036875 0.051667
0 0.321875 0.2625 0.035 0.058333
0 0.395937 0.309167 0.039375 0.046667
0 0.43625 0.13375 0.0425 0.050833
0 0.430625 0.168333 0.035 0.036667
0 0.554375 0.1325 0.04 0.053333
0 0.647188 0.145417 0.054375 0.070833
0 0.576562 0.266667 0.031875 0.04
0 0.730938 0.071667 0.028125 0.038333
0 0.925625 0.169167 0.0425 0.068333
0 0.966875 0.112917 0.03625 0.060833
0 0.865313 0.890417 0.043125 0.049167
0 0.869687 0.92875 0.026875 0.035833
0 0.832812 0.433333 0.036875 0.048333
0 0.763125 0.39875 0.035 0.045833
0 0.711875 0.54375 0.035 0.040833
0 0.595 0.91 0.03375 0.048333
0 0.51625 0.982917 0.04625 0.034167
0 0.428125 0.907083 0.04 0.0575
0 0.4925 0.7275 0.04 0.053333
0 0.577812 0.624167 0.030625 0.045
0 0.486563 0.559167 0.031875 0.041667
0 0.44125 0.555833 0.045 0.06
0 0.307188 0.935 0.039375 0.056667
0 0.29125 0.77625 0.0375 0.054167
0 0.298438 0.714583 0.041875 0.0575
0 0.275313 0.507083 0.043125 0.049167
0 0.02 0.94875 0.0325 0.045833
0 0.024688 0.835417 0.039375 0.059167
0 0.010625 0.593333 0.02 0.046667
0 0.096875 0.475 0.045 0.061667
0 0.140937 0.542083 0.033125 0.0475
0 0.036562 0.475833 0.036875 0.041667
0 0.013437 0.390417 0.025625 0.049167
0 0.076563 0.355 0.036875 0.046667
