0 0.869375 0.060833 0.03125 0.043333
0 0.979688 0.13625 0.033125 0.050833
0 0.84375 0.469167 0.03375 0.046667
0 0.683125 0.441667 0.03125 0.043333
0 0.661875 0.380417 0.03625 0.050833
0 0.631563 0.503333 0.036875 0.046667
0 0.625313 0.255 0.031875 0.048333
0 0.59125 0.237917 0.03625 0.045833
0 0.54875 0.124583 0.05 0.064167
0 0.9425 0.91875 0.04 0.0575
0 0.932187 0.832083 0.034375 0.045833
0 0.652813 0.65875 0.033125 0.0425
0 0.122813 0.929583 0.036875 0.044167
0 0.016875 0.875833 0.03125 0.043333
0 0.153125 0.719583 0.03375 0.0425
0 0.30375 0.53 0.0375 0.051667
0 0.447188 0.381667 0.031875 0.043333
0 0.257188 0.395417 0.039375 0.050833
0 0.159688 0.345417 0.034375 0.0475
0 0.069062 0.119167 0.034375 0.048333
0 0.190312 0.10125 0.034375 0.045833
0 0.462813 0.900833 0.038125 0.035
0 0.76 0.2825 0.035 0.043333
