0 0.097812 0.457083 0.043125 0.0625
0 0.363438 0.100833 0.040625 0.055
0 0.549687 0.232083 0.038125 0.054167
0 0.580313 0.295 0.039375 0.046667
0 0.802188 0.045 0.036875 0.045
0 0.907188 0.198333 0.038125 0.053333
0 0.760312 0.360833 0.043125 0.063333
0 0.8175 0.41125 0.03875 0.060833
0 0.917813 0.512917 0.035625 0.049167
0 0.880313 0.66 0.038125 0.056667
0 0.235625 0.535833 0.04 0.058333
0 0.400625 0.695417 0.03625 0.049167
0 0.673125 0.79125 0.035 0.0425
0 0.435312 0.915833 0.038125 0.046667
0 0.704688 0.973333 0.035625 0.04
0 0.096875 0.05875 0.03375 0.045833
