0 0.920625 0.015 0.04125 0.028333
0 0.8825 0.033333 0.03625 0.056667
0 0.965313 0.132083 0.036875 0.059167
0 0.7275 0.285833 0.04375 0.05
0 0.724063 0.327083 0.038125 0.0375
0 0.654062 0.27625 0.039375 0.075833
0 0.622188 0.2625 0.033125 0.043333
0 0.558125 0.245417 0.05125 0.070833
0 0.507812 0.325833 0.046875 0.06
0 0.557813 0.370833 0.038125 0.051667
0 0.5825 0.33875 0.045 0.059167
0 0.5925 0.274583 0.035 0.0575
0 0.461562 0.110417 0.035625 0.049167
0 0.5625 0.154583 0.03375 0.045833
0 0.2775 0.3475 0.045 0.053333
0 0.241875 0.379167 0.0425 0.058333
0 0.153125 0.277083 0.04 0.059167
0 0.172813 0.084167 0.056875 0.066667
0 0.0325 0.285833 0.0475 0.053333
0 0.393125 0.587917 0.045 0.0625
0 0.333125 0.657083 0.0425 0.0675
0 0.592187 0.533333 0.039375 0.061667
0 0.623125 0.599583 0.03875 0.044167
0 0.950937 0.73375 0.034375 0.0475
0 0.977187 0.70375 0.036875 0.059167
0 0.67625 0.825417 0.03875 0.055833
0 0.51 0.775833 0.0425 0.05
0 0.6825 0.92 0.035 0.053333
0 0.607812 0.963333 0.035625 0.05
0 0.757188 0.952083 0.040625 0.0625
0 0.728125 0.9825 0.03125 0.035
0 0.272813 0.972083 0.044375 0.055833
0 0.350625 0.882083 0.045 0.064167
0 0.259062 0.880833 0.040625 0.055
0 0.240313 0.827083 0.038125 0.049167
