0 0.144375 0.014583 0.0375 0.0275
0 0.451875 0.287917 0.03875 0.054167
0 0.469375 0.36625 0.0375 0.0475
0 0.615938 0.276667 0.036875 0.046667
0 0.570937 0.202083 0.031875 0.0475
0 0.070625 0.465833 0.03875 0.05
0 0.194688 0.547083 0.036875 0.050833
0 0.088438 0.830833 0.040625 0.046667
0 0.063437 0.969167 0.038125 0.058333
0 0.289375 0.724167 0.04 0.05
0 0.221875 0.63625 0.03625 0.045833
0 0.667813 0.577917 0.041875 0.0725
0 0.7125 0.605833 0.035 0.05
0 0.820937 0.5575 0.033125 0.04
0 0.849063 0.58375 0.034375 0.0475
0 0.794063 0.655417 0.038125 0.0525
0 0.863437 0.683333 0.035625 0.046667
0 0.601562 0.85375 0.034375 0.045833
0 0.68 0.9325 0.04 0.051667
0 0.81 0.88375 0.0375 0.050833
