0 0.2 0.015833 0.01125 0.013333
0 0.290312 0.022917 0.009375 0.0125
0 0.445 0.02625 0.00875 0.014167
0 0.215 0.057917 0.01125 0.015833
0 0.26 0.10375 0.00875 0.014167
0 0.384062 0.132917 0.010625 0.015833
0 0.353125 0.054583 0.0125 0.014167
0 0.415625 0.11875 0.005 0.009167
0 0.447813 0.07875 0.006875 0.009167
0 0.551875 0.07 0.01125 0.015
0 0.612812 0.15375 0.011875 0.015833
0 0.763437 0.042917 0.011875 0.014167
0 0.495 0.19125 0.01 0.0125
0 0.479687 0.182083 0.008125 0.010833
0 0.795 0.104583 0.00875 0.014167
0 0.84875 0.110417 0.00875 0.014167
0 0.863437 0.17625 0.009375 0.014167
0 0.691562 0.17875 0.008125 0.0125
0 0.710625 0.295 0.01 0.016667
0 0.860938 0.26 0.009375 0.011667
0 0.719063 0.360417 0.008125 0.014167
0 0.818438 0.451667 0.008125 0.011667
0 0.895625 0.215833 0.01125 0.013333
0 0.914062 0.307917 0.008125 0.0125
0 0.930312 0.179167 0.009375 0.013333
0 0.937813 0.180417 0.006875 0.009167
0 0.864375 0.558333 0.00625 0.01
0 0.858437 0.555417 0.008125 0.0125
0 0.974063 0.679167 0.006875 0.011667
0 0.89125 0.520833 0.01125 0.011667
0 0.93 0.790417 0.00875 0.0125
0 0.900312 0.835417 0.006875 0.0125
0 0.886875 0.791667 0.0075 0.01
0 0.793438 0.945417 0.011875 0.0125
0 0.7925 0.937917 0.005 0.005833
0 0.725 0.970833 0.01 0.011667
0 0.711875 0.947917 0.00875 0.009167
0 0.677188 0.91 0.006875 0.01
0 0.6475 0.729583 0.01 0.015833
0 0.649062 0.68625 0.010625 0.010833
0 0.646875 0.655 0.01125 0.011667
0 0.787813 0.715 0.006875 0.01
0 0.770625 0.7575 0.0075 0.01
0 0.810937 0.405833 0.013125 0.013333
0 0.757812 0.130417 0.006875 0.010833
0 0.401875 0.502083 0.00875 0.0125
0 0.423438 0.566667 0.008125 0.01
0 0.39375 0.57 0.01125 0.013333
0 0.48125 0.545417 0.01 0.010833
0 0.425 0.7525 0.0075 0.011667
0 0.528125 0.81625 0.01 0.0125
0 0.40375 0.921667 0.00875 0.01
0 0.393125 0.923333 0.0075 0.013333
0 0.350313 0.955417 0.008125 0.014167
0 0.170625 0.99625 0.00875 0.0075
0 0.260937 0.992917 0.010625 0.0125
0 0.152812 0.9775 0.009375 0.013333
0 0.182812 0.928333 0.008125 0.011667
0 0.270625 0.858333 0.0075 0.011667
0 0.27625 0.857083 0.00625 0.010833
0 0.205937 0.782083 0.008125 0.0125
0 0.294687 0.747917 0.008125 0.0125
0 0.209375 0.709583 0.00875 0.0125
0 0.049375 0.845833 0.01125 0.013333
0 0.309688 0.575 0.008125 0.011667
0 0.327813 0.569167 0.008125 0.011667
0 0.414375 0.501667 0.0125 0.013333
0 0.323125 0.51375 0.00625 0.010833
0 0.371563 0.349167 0.008125 0.011667
0 0.352187 0.313333 0.008125 0.011667
0 0.36375 0.283333 0.01125 0.013333
0 0.273125 0.215 0.0125 0.016667
0 0.259688 0.262083 0.010625 0.014167
0 0.265 0.261667 0.00625 0.008333
0 0.236875 0.303333 0.01 0.013333
0 0.217188 0.25125 0.010625 0.014167
0 0.355312 0.2225 0.008125 0.01
0 0.069062 0.266667 0.008125 0.01
0 0.1875 0.170417 0.0075 0.014167
0 0.22375 0.413333 0.01 0.015
0 0.279375 0.440833 0.01 0.013333
0 0.155938 0.514583 0.009375 0.010833
0 0.054375 0.393333 0.00875 0.011667
0 0.060312 0.3925 0.005625 0.006667
0 0.09 0.376667 0.00875 0.01
0 0.095 0.37375 0.00625 0.010833
0 0.158438 0.388333 0.011875 0.015
0 0.13 0.68875 0.01125 0.015833
0 0.547188 0.930833 0.009375 0.011667
0 0.661875 0.8525 0.0075 0.011667
0 0.5525 0.28875 0.01125 0.0175
0 0.591875 0.21125 0.0075 0.014167
0 0.544687 0.185 0.011875 0.015
0 0.296563 0.414583 0.009375 0.014167
0 0.614375 0.053333 0.015 0.011667
0 0.36375 0.6325 0.00875 0.015
0 0.470313 0.614583 0.016875 0.020833
0 0.380937 0.590417 0.013125 0.020833
0 0.465 0.953333 0.01125 0.015
0 0.454062 0.949167 0.008125 0.016667
0 0.53 0.901667 0.01 0.015
0 0.0525 0.72125 0.0125 0.014167
