0 0.920937 0.025417 0.011875 0.014167
0 0.967812 0.105833 0.009375 0.016667
0 0.896875 0.139583 0.0125 0.0175
0 0.886875 0.067083 0.00875 0.015833
0 0.869687 0.06625 0.011875 0.015833
0 0.809375 0.054583 0.01 0.015833
0 0.80125 0.09625 0.01125 0.015833
0 0.91625 0.19375 0.01375 0.019167
0 0.944375 0.20625 0.01 0.015833
0 0.97375 0.27375 0.01 0.015833
0 0.9725 0.252917 0.01 0.014167
0 0.992812 0.329167 0.008125 0.013333
0 0.813438 0.40625 0.013125 0.014167
0 0.8025 0.451667 0.0125 0.016667
0 0.8025 0.52875 0.01 0.015833
0 0.834063 0.517917 0.009375 0.010833
0 0.852187 0.515833 0.011875 0.016667
0 0.938438 0.525833 0.011875 0.018333
0 0.879062 0.560833 0.011875 0.013333
0 0.866563 0.51875 0.013125 0.015833
0 0.825313 0.599167 0.010625 0.016667
0 0.89 0.57375 0.01 0.014167
0 0.985625 0.672917 0.00875 0.014167
0 0.886563 0.664583 0.013125 0.0175
0 0.833125 0.672083 0.01125 0.015833
0 0.76 0.622917 0.01125 0.014167
0 0.8075 0.730833 0.01125 0.015
0 0.757188 0.7525 0.011875 0.016667
0 0.765625 0.761667 0.01 0.013333
0 0.724063 0.764167 0.009375 0.013333
0 0.845625 0.895417 0.01375 0.019167
0 0.739062 0.90125 0.010625 0.014167
0 0.72375 0.9175 0.01125 0.015
0 0.760312 0.96625 0.010625 0.015833
0 0.899062 0.950417 0.011875 0.015833
0 0.865625 0.9025 0.00875 0.015
0 0.820937 0.7875 0.011875 0.015
0 0.951562 0.26125 0.011875 0.015833
0 0.712187 0.189167 0.010625 0.015
0 0.694688 0.222083 0.011875 0.0175
0 0.654062 0.16625 0.014375 0.0175
0 0.657188 0.124583 0.010625 0.0125
0 0.685625 0.340833 0.01 0.013333
0 0.722187 0.34625 0.013125 0.019167
0 0.744375 0.362917 0.01 0.014167
0 0.710938 0.39125 0.014375 0.015833
0 0.676562 0.380417 0.010625 0.014167
0 0.75 0.4425 0.0125 0.013333
0 0.702187 0.490833 0.009375 0.011667
0 0.651875 0.717917 0.01125 0.015833
0 0.717187 0.8575 0.010625 0.013333
0 0.888125 0.810833 0.01 0.013333
0 0.649062 0.943333 0.010625 0.015
0 0.585 0.874583 0.01125 0.014167
0 0.5925 0.865 0.01125 0.015
0 0.52625 0.8125 0.01 0.015
0 0.475313 0.878333 0.009375 0.015
0 0.503125 0.74125 0.01 0.014167
0 0.520938 0.671667 0.009375 0.013333
0 0.497812 0.671667 0.011875 0.016667
0 0.46 0.700833 0.01 0.011667
0 0.470313 0.63375 0.009375 0.0175
0 0.465938 0.5775 0.011875 0.015
0 0.549687 0.554583 0.013125 0.0175
0 0.553438 0.48625 0.013125 0.019167
0 0.555625 0.399167 0.0125 0.016667
0 0.581562 0.389583 0.011875 0.015833
0 0.520312 0.347083 0.010625 0.014167
0 0.595313 0.330417 0.013125 0.014167
0 0.594688 0.314583 0.011875 0.014167
0 0.593437 0.297083 0.013125 0.014167
0 0.547813 0.209583 0.013125 0.015833
0 0.560625 0.155833 0.0125 0.015
0 0.444688 0.066667 0.011875 0.015
0 0.43 0.190833 0.01125 0.016667
0 0.44625 0.29875 0.01125 0.014167
0 0.437812 0.553333 0.011875 0.016667
0 0.419687 0.516667 0.011875 0.015
0 0.427812 0.456667 0.011875 0.016667
0 0.426563 0.43125 0.011875 0.015833
0 0.377188 0.392083 0.011875 0.014167
0 0.373125 0.32 0.0125 0.015
0 0.420312 0.59875 0.009375 0.0125
0 0.409375 0.59125 0.0125 0.015833
0 0.375312 0.625417 0.011875 0.015833
0 0.370937 0.654583 0.010625 0.015833
0 0.420938 0.765417 0.010625 0.015833
0 0.377188 0.76375 0.009375 0.014167
0 0.400938 0.854167 0.010625 0.015
0 0.39375 0.875833 0.01125 0.015
0 0.37625 0.91125 0.01 0.014167
0 0.36 0.967917 0.0125 0.0175
0 0.35375 0.912917 0.01 0.0125
0 0.213438 0.974583 0.009375 0.014167
0 0.277187 0.90375 0.010625 0.014167
0 0.248125 0.895 0.0125 0.015
0 0.254063 0.873333 0.010625 0.015
0 0.238125 0.81875 0.0125 0.0175
0 0.290625 0.827083 0.01125 0.015833
0 0.30125 0.811667 0.01 0.013333
0 0.021562 0.873333 0.008125 0.011667
0 0.060625 0.767917 0.01 0.015833
0 0.079375 0.765417 0.0125 0.015833
0 0.105313 0.735417 0.013125 0.019167
0 0.33875 0.6025 0.01125 0.015
0 0.306563 0.582083 0.011875 0.014167
0 0.21875 0.635833 0.01 0.011667
0 0.02125 0.614583 0.00875 0.014167
0 0.002812 0.642083 0.004375 0.0125
0 0.002812 0.58125 0.004375 0.0125
0 0.1925 0.559583 0.01 0.010833
0 0.211562 0.5125 0.011875 0.015
0 0.207813 0.449167 0.009375 0.015
0 0.180625 0.369167 0.01 0.015
0 0.33875 0.423333 0.015 0.018333
0 0.325313 0.375417 0.013125 0.015833
0 0.330625 0.331667 0.01 0.013333
0 0.275625 0.33625 0.0125 0.014167
0 0.2825 0.28375 0.01125 0.0175
0 0.3025 0.245 0.01 0.013333
0 0.135625 0.20625 0.0125 0.0175
0 0.36375 0.244167 0.01125 0.016667
0 0.283125 0.2125 0.01 0.015
0 0.279375 0.092917 0.0125 0.0175
0 0.230937 0.053333 0.010625 0.015
0 0.514687 0.014583 0.010625 0.015833
0 0.352187 0.163333 0.009375 0.013333
0 0.286562 0.258333 0.010625 0.013333
0 0.215938 0.202083 0.010625 0.014167
0 0.09 0.2025 0.01125 0.016667
0 0.075 0.2725 0.01125 0.013333
0 0.026875 0.213333 0.0125 0.015
0 0.11375 0.683333 0.01 0.016667
0 0.148438 0.97875 0.009375 0.015833
