0 0.932813 0.94 0.011875 0.018333
0 0.91 0.937083 0.01375 0.019167
0 0.971875 0.840833 0.01125 0.018333
0 0.949063 0.79625 0.013125 0.019167
0 0.890938 0.775833 0.011875 0.018333
0 0.90125 0.714583 0.01 0.014167
0 0.84125 0.694167 0.01375 0.016667
0 0.919375 0.66 0.0125 0.02
0 0.971875 0.648333 0.01125 0.015
0 0.935937 0.55875 0.011875 0.015833
0 0.940312 0.517917 0.010625 0.019167
0 0.85625 0.460833 0.01 0.015
0 0.819063 0.43125 0.010625 0.015833
0 0.86625 0.217917 0.01125 0.014167
0 0.910937 0.1575 0.011875 0.013333
0 0.925937 0.087917 0.011875 0.014167
0 0.924375 0.074167 0.01125 0.013333
0 0.928438 0.04375 0.010625 0.015833
0 0.86125 0.12 0.01125 0.016667
0 0.815312 0.1775 0.010625 0.016667
0 0.7875 0.159167 0.01125 0.016667
0 0.769687 0.18625 0.013125 0.014167
0 0.763437 0.07875 0.009375 0.014167
0 0.761563 0.03125 0.010625 0.014167
0 0.70875 0.043333 0.01 0.015
0 0.69875 0.02 0.0125 0.016667
0 0.737187 0.354167 0.010625 0.015
0 0.694688 0.314167 0.009375 0.016667
0 0.692813 0.240833 0.013125 0.018333
0 0.677188 0.237083 0.011875 0.015833
0 0.670937 0.2525 0.013125 0.015
0 0.6275 0.07875 0.0125 0.019167
0 0.546562 0.139167 0.008125 0.015
0 0.537188 0.135417 0.010625 0.015833
0 0.55875 0.175417 0.0125 0.015833
0 0.737187 0.325833 0.009375 0.013333
0 0.813125 0.267917 0.01125 0.014167
0 0.758437 0.43 0.010625 0.015
0 0.755938 0.448333 0.008125 0.013333
0 0.730938 0.52 0.009375 0.015
0 0.768125 0.60625 0.0125 0.015833
0 0.79625 0.85625 0.01125 0.014167
0 0.702187 0.830417 0.011875 0.0175
0 0.689063 0.803333 0.014375 0.02
0 0.679688 0.81 0.010625 0.018333
0 0.69875 0.779583 0.01 0.015833
0 0.662813 0.784583 0.013125 0.015833
0 0.615938 0.879583 0.013125 0.019167
0 0.596562 0.880833 0.010625 0.016667
0 0.622188 0.905417 0.011875 0.019167
0 0.632812 0.73375 0.010625 0.015833
0 0.627188 0.69875 0.013125 0.0175
0 0.681875 0.615 0.0125 0.016667
0 0.659062 0.579167 0.013125 0.018333
0 0.682813 0.5625 0.013125 0.015
0 0.61875 0.600833 0.0125 0.015
0 0.77875 0.937917 0.0125 0.0175
0 0.662813 0.519583 0.013125 0.019167
0 0.667188 0.487083 0.013125 0.0175
0 0.6875 0.485 0.0125 0.015
0 0.67375 0.450833 0.0125 0.018333
0 0.668438 0.430417 0.014375 0.0175
0 0.621563 0.377917 0.011875 0.0175
0 0.594688 0.429583 0.011875 0.0175
0 0.469062 0.007917 0.014375 0.014167
0 0.49625 0.048333 0.01375 0.016667
0 0.465 0.190833 0.01375 0.021667
0 0.427812 0.143333 0.010625 0.015
0 0.483438 0.24 0.011875 0.013333
0 0.46625 0.36375 0.01125 0.015833
0 0.541875 0.42875 0.0125 0.015833
0 0.545625 0.449583 0.01125 0.0175
0 0.517813 0.414583 0.010625 0.0175
0 0.455937 0.499167 0.013125 0.016667
0 0.523438 0.525833 0.010625 0.015
0 0.511563 0.49 0.013125 0.016667
0 0.596562 0.523333 0.014375 0.016667
0 0.420625 0.55875 0.015 0.019167
0 0.43 0.625833 0.0125 0.016667
0 0.48625 0.685 0.0125 0.016667
0 0.512813 0.5975 0.011875 0.016667
0 0.571562 0.600417 0.013125 0.015833
0 0.440625 0.760833 0.01375 0.02
0 0.451875 0.8025 0.01125 0.018333
0 0.479687 0.785833 0.010625 0.016667
0 0.491563 0.785833 0.011875 0.02
0 0.472813 0.807083 0.009375 0.019167
0 0.45875 0.82875 0.0075 0.014167
0 0.450625 0.828333 0.00875 0.015
0 0.455625 0.840833 0.01 0.015
0 0.525937 0.99125 0.010625 0.0175
0 0.436875 0.940417 0.01 0.019167
0 0.4925 0.980417 0.00875 0.014167
0 0.509375 0.92 0.01375 0.02
0 0.422812 0.880833 0.013125 0.015
0 0.699688 0.993333 0.009375 0.013333
0 0.434063 0.188333 0.008125 0.013333
0 0.426563 0.171667 0.010625 0.016667
0 0.413125 0.17125 0.01125 0.014167
0 0.360625 0.054167 0.01375 0.02
0 0.375625 0.085417 0.01125 0.0175
0 0.319375 0.052917 0.0125 0.015833
0 0.288438 0.007917 0.014375 0.014167
0 0.181875 0.055 0.0125 0.018333
0 0.207813 0.120833 0.013125 0.016667
0 0.107813 0.0875 0.011875 0.016667
0 0.042813 0.09125 0.011875 0.0225
0 0.051562 0.10875 0.010625 0.020833
0 0.058438 0.167083 0.013125 0.019167
0 0.018125 0.18 0.0125 0.018333
0 0.175625 0.241667 0.01125 0.018333
0 0.24875 0.259583 0.0125 0.0175
0 0.3275 0.23625 0.01125 0.0175
0 0.3475 0.28125 0.01125 0.015833
0 0.325625 0.297083 0.01 0.015833
0 0.241875 0.33375 0.01125 0.015833
0 0.235937 0.362083 0.010625 0.015833
0 0.173125 0.361667 0.00875 0.015
0 0.145313 0.350417 0.011875 0.015833
0 0.14 0.3175 0.0125 0.018333
0 0.010625 0.410417 0.01 0.014167
0 0.108125 0.466667 0.0125 0.015
0 0.132188 0.51125 0.014375 0.024167
0 0.089375 0.535 0.0125 0.015
0 0.2075 0.51375 0.01375 0.0175
0 0.258437 0.542083 0.011875 0.014167
0 0.182812 0.556667 0.011875 0.015
0 0.359687 0.5525 0.009375 0.018333
0 0.297187 0.595 0.014375 0.018333
0 0.364687 0.60625 0.011875 0.0175
0 0.340938 0.662917 0.014375 0.019167
0 0.357812 0.722917 0.014375 0.019167
0 0.271875 0.9675 0.01 0.016667
0 0.18 0.962083 0.01125 0.014167
0 0.181562 0.949583 0.010625 0.014167
0 0.147813 0.960833 0.011875 0.013333
0 0.172813 0.885833 0.011875 0.015
0 0.229375 0.866667 0.0125 0.016667
0 0.126875 0.80125 0.01375 0.0175
0 0.259375 0.924167 0.01125 0.018333
0 0.153438 0.76875 0.009375 0.0175
0 0.284375 0.769167 0.00875 0.011667
0 0.249375 0.7375 0.01125 0.015
0 0.206563 0.737083 0.013125 0.015833
0 0.185 0.64625 0.01375 0.0175
0 0.102813 0.8175 0.011875 0.016667
0 0.03125 0.632083 0.0125 0.019167
0 0.066562 0.597917 0.014375 0.020833
0 0.0925 0.580833 0.01375 0.018333
0 0.1125 0.523333 0.01375 0.013333
0 0.200313 0.473333 0.010625 0.015
