0 0.885938 0.99 0.013125 0.016667
0 0.826875 0.99 0.0125 0.016667
0 0.736875 0.987917 0.0125 0.0175
0 0.66375 0.98875 0.0125 0.0175
0 0.609062 0.98625 0.014375 0.0225
0 0.58625 0.9725 0.00875 0.013333
0 0.532813 0.92375 0.010625 0.015833
0 0.805937 0.912083 0.010625 0.015833
0 0.805 0.88 0.01 0.013333
0 0.760938 0.8725 0.009375 0.016667
0 0.934688 0.927917 0.011875 0.0175
0 0.881875 0.822917 0.0125 0.019167
0 0.932813 0.774167 0.011875 0.018333
0 0.881875 0.733333 0.01125 0.016667
0 0.855313 0.715 0.010625 0.016667
0 0.835625 0.740417 0.015 0.015833
0 0.77875 0.762083 0.01125 0.0175
0 0.735938 0.809167 0.014375 0.018333
0 0.743125 0.79375 0.015 0.019167
0 0.760625 0.799167 0.0125 0.016667
0 0.904062 0.717083 0.011875 0.015833
0 0.978125 0.71625 0.01125 0.0175
0 0.9275 0.677083 0.01125 0.015833
0 0.829688 0.637083 0.011875 0.0175
0 0.826562 0.589167 0.011875 0.013333
0 0.773438 0.60125 0.013125 0.015833
0 0.765938 0.57625 0.013125 0.019167
0 0.694063 0.63625 0.010625 0.014167
0 0.880625 0.53875 0.0125 0.0175
0 0.829375 0.532083 0.0125 0.0175
0 0.812187 0.53875 0.014375 0.0175
0 0.855625 0.46375 0.0125 0.0175
0 0.951875 0.404583 0.0125 0.0175
0 0.966875 0.426667 0.01125 0.02
0 0.91 0.32375 0.0125 0.0125
0 0.954063 0.276667 0.011875 0.02
0 0.8625 0.292083 0.01 0.015833
0 0.850625 0.28875 0.01125 0.0175
0 0.839375 0.277917 0.0125 0.019167
0 0.805312 0.269583 0.011875 0.015833
0 0.876875 0.21125 0.01375 0.015833
0 0.835 0.20375 0.01375 0.019167
0 0.859375 0.1475 0.015 0.02
0 0.808438 0.13875 0.014375 0.0175
0 0.740313 0.241667 0.011875 0.02
0 0.735938 0.25875 0.014375 0.0175
0 0.71 0.197083 0.0125 0.0175
0 0.689688 0.21 0.014375 0.018333
0 0.679063 0.152917 0.010625 0.0175
0 0.619687 0.150417 0.014375 0.019167
0 0.684375 0.360417 0.015 0.0175
0 0.689688 0.383333 0.014375 0.018333
0 0.745313 0.462917 0.010625 0.0175
0 0.688438 0.932083 0.013125 0.019167
0 0.625 0.732083 0.01375 0.019167
0 0.500313 0.745417 0.010625 0.015833
0 0.4925 0.72875 0.01125 0.014167
0 0.479375 0.73 0.01125 0.015
0 0.495 0.700833 0.01125 0.016667
0 0.530312 0.745417 0.014375 0.014167
0 0.562813 0.606667 0.013125 0.016667
0 0.535 0.561667 0.0125 0.016667
0 0.569063 0.555 0.011875 0.016667
0 0.440937 0.645417 0.010625 0.014167
0 0.614688 0.51625 0.010625 0.015833
0 0.65625 0.490833 0.01 0.015
0 0.600625 0.498333 0.01375 0.016667
0 0.550937 0.796667 0.011875 0.013333
0 0.413125 0.84 0.01125 0.018333
0 0.391875 0.855 0.01125 0.016667
0 0.316563 0.819167 0.011875 0.015
0 0.302812 0.92 0.010625 0.015
0 0.307812 0.891667 0.013125 0.016667
0 0.393437 0.79375 0.011875 0.019167
0 0.428125 0.613333 0.01375 0.018333
0 0.490625 0.477083 0.01125 0.015833
0 0.51625 0.458333 0.015 0.015
0 0.55625 0.426667 0.01375 0.013333
0 0.59375 0.390417 0.0125 0.019167
0 0.64625 0.38 0.0125 0.018333
0 0.624687 0.345417 0.013125 0.015833
0 0.59875 0.35625 0.01375 0.015833
0 0.578438 0.321667 0.013125 0.016667
0 0.61 0.28625 0.0125 0.015833
0 0.537188 0.27875 0.011875 0.0175
0 0.525312 0.243333 0.013125 0.016667
0 0.549375 0.232917 0.01375 0.0225
0 0.514062 0.165417 0.010625 0.0175
0 0.473125 0.1225 0.0125 0.018333
0 0.478125 0.0875 0.01375 0.016667
0 0.500938 0.0425 0.013125 0.018333
0 0.597812 0.061667 0.013125 0.018333
0 0.398438 0.080833 0.013125 0.015
0 0.4025 0.172083 0.01 0.0175
0 0.405625 0.206667 0.01375 0.018333
0 0.344062 0.101667 0.011875 0.015
0 0.278125 0.0825 0.01375 0.016667
0 0.115312 0.08875 0.013125 0.0175
0 0.231875 0.1125 0.01 0.015
0 0.243438 0.105 0.014375 0.016667
0 0.150625 0.15625 0.0125 0.019167
0 0.106875 0.216667 0.015 0.016667
0 0.025937 0.116667 0.011875 0.021667
0 0.012812 0.232917 0.014375 0.0175
0 0.298438 0.1225 0.014375 0.016667
0 0.31125 0.15 0.01375 0.016667
0 0.283438 0.1925 0.013125 0.016667
0 0.386562 0.247917 0.014375 0.0175
0 0.382812 0.325 0.011875 0.015
0 0.217188 0.28125 0.011875 0.015833
0 0.12 0.360417 0.0125 0.0175
0 0.087813 0.31375 0.013125 0.015833
0 0.404687 0.3075 0.010625 0.015
0 0.339062 0.385833 0.014375 0.016667
0 0.359687 0.428333 0.013125 0.016667
0 0.024063 0.44125 0.013125 0.0175
0 0.010625 0.50125 0.01125 0.014167
0 0.018125 0.519167 0.01 0.015
0 0.023438 0.5375 0.011875 0.015
0 0.070938 0.4775 0.013125 0.016667
0 0.359063 0.45625 0.013125 0.0175
0 0.180312 0.32 0.011875 0.015
0 0.116562 0.530417 0.013125 0.015833
0 0.373437 0.516667 0.010625 0.013333
0 0.367188 0.547083 0.010625 0.0125
0 0.356563 0.56625 0.014375 0.015833
0 0.385937 0.612917 0.010625 0.014167
0 0.175625 0.6475 0.0125 0.016667
0 0.24875 0.616667 0.01125 0.016667
0 0.274375 0.6775 0.01 0.013333
0 0.109687 0.652917 0.010625 0.019167
0 0.045312 0.6875 0.013125 0.02
0 0.025625 0.739167 0.01375 0.02
0 0.086563 0.741667 0.013125 0.02
0 0.124375 0.729167 0.01625 0.02
0 0.118438 0.67125 0.013125 0.015833
0 0.242812 0.80125 0.011875 0.019167
0 0.241875 0.762083 0.01 0.0175
0 0.236875 0.924583 0.01 0.0175
0 0.211562 0.912083 0.013125 0.0175
0 0.20625 0.875833 0.015 0.021667
