0 0.2225 0.4925 0.01375 0.018333
0 0.40125 0.34375 0.01125 0.014167
0 0.360312 0.16625 0.008125 0.014167
0 0.550312 0.278333 0.010625 0.016667
0 0.779687 0.3775 0.014375 0.021667
0 0.860625 0.64375 0.01125 0.015833
0 0.48375 0.734583 0.0125 0.0225
0 0.21875 0.763333 0.01375 0.018333
0 0.220938 0.7475 0.011875 0.018333
0 0.209063 0.752083 0.014375 0.0175
0 0.20375 0.733333 0.0125 0.016667
0 0.1625 0.480417 0.01 0.0175
0 0.170313 0.48 0.009375 0.016667
0 0.447188 0.779583 0.015625 0.0225
0 0.330625 0.583333 0.01875 0.02
