0 0.909375 0.937917 0.01375 0.019167
0 0.836562 0.95875 0.010625 0.0175
0 0.822187 0.89875 0.011875 0.015833
0 0.855625 0.860417 0.00875 0.0125
0 0.857187 0.847917 0.006875 0.0125
0 0.849063 0.846667 0.010625 0.015
0 0.850938 0.8225 0.009375 0.016667
0 0.879687 0.803333 0.011875 0.016667
0 0.891875 0.802083 0.0125 0.019167
0 0.836875 0.782917 0.015 0.019167
0 0.88625 0.703333 0.01375 0.02
0 0.757188 0.740417 0.014375 0.019167
0 0.971875 0.616667 0.01375 0.018333
0 0.911875 0.615 0.01375 0.018333
0 0.828438 0.642083 0.013125 0.020833
0 0.82125 0.57625 0.01375 0.0175
0 0.855 0.515417 0.015 0.0175
0 0.92375 0.544583 0.0125 0.019167
0 0.911875 0.5075 0.0125 0.018333
0 0.995313 0.44625 0.009375 0.0175
0 0.944063 0.465833 0.011875 0.015
0 0.942187 0.445417 0.011875 0.019167
0 0.960313 0.190417 0.011875 0.0175
0 0.864375 0.209167 0.01375 0.021667
0 0.832812 0.205417 0.010625 0.015833
0 0.825 0.187917 0.01125 0.015833
0 0.812187 0.18875 0.010625 0.015833
0 0.8275 0.160833 0.0125 0.016667
0 0.9475 0.155833 0.0125 0.015
0 0.939375 0.14875 0.01 0.014167
0 0.898125 0.063333 0.01125 0.013333
0 0.870313 0.025 0.013125 0.018333
0 0.760938 0.07125 0.014375 0.019167
0 0.775312 0.1025 0.010625 0.015
0 0.69 0.025 0.01375 0.018333
0 0.725313 0.252083 0.013125 0.015833
0 0.745313 0.29875 0.010625 0.015833
0 0.723437 0.313333 0.011875 0.013333
0 0.647813 0.280417 0.009375 0.015833
0 0.65625 0.55875 0.01 0.015833
0 0.755313 0.570833 0.013125 0.02
0 0.76375 0.621667 0.01125 0.015
0 0.74 0.679167 0.01375 0.016667
0 0.694688 0.613333 0.013125 0.02
0 0.883437 0.255833 0.013125 0.016667
0 0.670625 0.98375 0.0125 0.015833
0 0.659062 0.939583 0.011875 0.015833
0 0.580313 0.979167 0.010625 0.013333
0 0.58125 0.965417 0.01125 0.014167
0 0.548125 0.97625 0.01375 0.0175
0 0.573125 0.90125 0.01125 0.0175
0 0.62875 0.882917 0.0125 0.0175
0 0.528125 0.81625 0.01375 0.014167
0 0.647813 0.755 0.011875 0.015
0 0.60625 0.75375 0.01125 0.014167
0 0.584375 0.6625 0.01375 0.018333
0 0.58125 0.57375 0.01125 0.0175
0 0.606563 0.530417 0.011875 0.015833
0 0.635312 0.37875 0.010625 0.014167
0 0.57125 0.377917 0.01 0.0125
0 0.545312 0.368333 0.010625 0.015
0 0.54 0.334583 0.01125 0.015833
0 0.575937 0.2575 0.009375 0.015
0 0.608125 0.139167 0.01 0.015
0 0.71875 0.070833 0.01 0.015
0 0.580313 0.072083 0.010625 0.014167
0 0.5075 0.10625 0.01125 0.015833
0 0.445 0.111667 0.0125 0.016667
0 0.451562 0.127917 0.011875 0.0175
0 0.460625 0.190417 0.01375 0.0175
0 0.42 0.199167 0.0125 0.018333
0 0.378125 0.145 0.0125 0.018333
0 0.361875 0.194583 0.01375 0.0175
0 0.375625 0.358333 0.0125 0.013333
0 0.394375 0.380417 0.00875 0.0125
0 0.366875 0.397917 0.0125 0.019167
0 0.412813 0.432083 0.009375 0.014167
0 0.59875 0.492917 0.01125 0.019167
0 0.509375 0.444167 0.0075 0.013333
0 0.507812 0.484167 0.013125 0.015
0 0.532188 0.52625 0.011875 0.020833
0 0.5125 0.539583 0.01375 0.015833
0 0.49 0.552083 0.0125 0.015833
0 0.492812 0.595833 0.011875 0.018333
0 0.468438 0.6125 0.011875 0.018333
0 0.432812 0.64625 0.011875 0.015833
0 0.373125 0.761667 0.0125 0.016667
0 0.388437 0.937083 0.010625 0.015833
0 0.194688 0.9675 0.011875 0.016667
0 0.13875 0.971667 0.0125 0.018333
0 0.051562 0.96875 0.013125 0.014167
0 0.107813 0.880833 0.014375 0.02
0 0.109687 0.842917 0.014375 0.0175
0 0.167187 0.832083 0.011875 0.015833
0 0.225312 0.885833 0.014375 0.016667
0 0.283438 0.901667 0.011875 0.015
0 0.27875 0.878333 0.0125 0.016667
0 0.259688 0.858333 0.010625 0.015
0 0.307812 0.868333 0.010625 0.016667
0 0.318125 0.867917 0.01125 0.015833
0 0.336562 0.8025 0.014375 0.02
0 0.290625 0.759167 0.0125 0.016667
0 0.239063 0.797083 0.013125 0.0175
0 0.180938 0.805833 0.015625 0.021667
0 0.33375 0.734583 0.01125 0.015833
0 0.29 0.674167 0.0125 0.018333
0 0.232187 0.706667 0.013125 0.016667
0 0.230937 0.6825 0.013125 0.018333
0 0.087813 0.727083 0.013125 0.0175
0 0.077813 0.677917 0.011875 0.0175
0 0.074688 0.579167 0.014375 0.018333
0 0.086563 0.5975 0.010625 0.015
0 0.119063 0.612083 0.013125 0.015833
0 0.1775 0.600417 0.01375 0.015833
0 0.187812 0.570833 0.010625 0.021667
0 0.2425 0.617083 0.01125 0.015833
0 0.20875 0.482083 0.0125 0.019167
0 0.1925 0.389167 0.01125 0.016667
0 0.19125 0.317917 0.01125 0.0175
0 0.225625 0.28 0.01375 0.018333
0 0.281562 0.293333 0.011875 0.018333
0 0.297812 0.105833 0.010625 0.015
0 0.327813 0.075417 0.013125 0.020833
0 0.185 0.114167 0.01125 0.016667
0 0.155625 0.07125 0.0125 0.015833
0 0.122188 0.161667 0.013125 0.018333
0 0.08 0.33 0.01125 0.018333
0 0.019688 0.335 0.013125 0.018333
0 0.037812 0.356667 0.013125 0.018333
0 0.059375 0.442917 0.01 0.015833
0 0.052187 0.452083 0.013125 0.015833
0 0.009375 0.473333 0.01375 0.016667
0 0.349062 0.427083 0.013125 0.014167
