0 0.984375 0.122083 0.03125 0.0425
0 0.819375 0.07 0.02625 0.031667
0 0.804375 0.08625 0.03 0.035833
0 0.753125 0.07625 0.02625 0.0325
0 0.5375 0.07875 0.02125 0.024167
0 0.117188 0.270833 0.026875 0.036667
0 0.181562 0.274167 0.036875 0.05
0 0.196563 0.309583 0.025625 0.034167
0 0.140937 0.57625 0.021875 0.0375
0 0.025937 0.525417 0.033125 0.044167
0 0.23875 0.533333 0.02 0.026667
0 0.262813 0.736667 0.029375 0.04
0 0.405313 0.911667 0.029375 0.043333
0 0.479687 0.585833 0.028125 0.041667
0 0.559688 0.48875 0.036875 0.045833
0 0.41 0.54625 0.0175 0.024167
0 0.71 0.375417 0.01875 0.025833
0 0.7575 0.717917 0.02375 0.034167
0 0.873437 0.75 0.015625 0.023333
0 0.712187 0.737917 0.025625 0.0375
0 0.545937 0.808333 0.023125 0.03
0 0.715938 0.962917 0.025625 0.0425
0 0.750938 0.971667 0.019375 0.025
0 0.88875 0.805833 0.02 0.03
