0 0.655312 0.784167 0.024375 0.033333
0 0.65125 0.756667 0.015 0.023333
0 0.215625 0.63375 0.015 0.024167
0 0.102188 0.151667 0.018125 0.025
0 0.367188 0.08875 0.023125 0.029167
0 0.380937 0.10125 0.020625 0.030833
0 0.395937 0.105833 0.016875 0.023333
0 0.984375 0.138333 0.02875 0.031667
0 0.915312 0.505417 0.020625 0.0275
0 0.953125 0.66 0.02375 0.026667
0 0.7825 0.865417 0.02125 0.029167
0 0.817187 0.849583 0.021875 0.020833
0 0.814375 0.82875 0.01625 0.024167
0 0.940312 0.746667 0.018125 0.026667
0 0.347187 0.316667 0.014375 0.023333
