0 0.148438 0.290833 0.018125 0.031667
0 0.163438 0.290417 0.016875 0.0225
0 0.209687 0.2775 0.020625 0.03
0 0.42625 0.289167 0.015 0.018333
0 0.408125 0.134167 0.01375 0.018333
0 0.402187 0.02375 0.014375 0.019167
0 0.783438 0.188333 0.021875 0.028333
0 0.767813 0.207083 0.020625 0.024167
0 0.859062 0.156667 0.021875 0.033333
0 0.868437 0.35875 0.019375 0.024167
0 0.7825 0.6375 0.03125 0.035
0 0.844688 0.536667 0.019375 0.021667
0 0.922813 0.707917 0.020625 0.025833
0 0.875 0.770833 0.01875 0.023333
0 0.610313 0.70625 0.016875 0.024167
0 0.5825 0.7575 0.015 0.02
0 0.499688 0.803333 0.016875 0.021667
0 0.229063 0.826667 0.023125 0.031667
0 0.036562 0.605417 0.025625 0.034167
0 0.314375 0.619167 0.02 0.025
0 0.420312 0.627083 0.018125 0.024167
0 0.48625 0.670417 0.01875 0.025833
0 0.173437 0.33375 0.020625 0.025833
0 0.3825 0.752917 0.0175 0.019167
0 0.292812 0.920417 0.016875 0.019167
0 0.9225 0.18125 0.0225 0.025833
