0 0.16 0.771667 0.02625 0.036667
0 0.004687 0.250833 0.008125 0.026667
0 0.433125 0.2225 0.02125 0.026667
0 0.430312 0.290833 0.021875 0.028333
0 0.476562 0.415833 0.024375 0.03
0 0.36875 0.53375 0.02625 0.030833
0 0.45 0.678333 0.02375 0.031667
0 0.510938 0.9375 0.025625 0.036667
0 0.513125 0.86875 0.02375 0.030833
0 0.610938 0.845 0.018125 0.025
0 0.609062 0.821667 0.019375 0.026667
0 0.737187 0.991667 0.019375 0.016667
0 0.713437 0.991667 0.019375 0.016667
0 0.760625 0.97 0.02 0.026667
0 0.831875 0.896667 0.02625 0.031667
0 0.910937 0.780417 0.024375 0.0375
0 0.7625 0.540833 0.02375 0.028333
0 0.696875 0.46875 0.02375 0.025833
0 0.9825 0.27125 0.02375 0.034167
0 0.95625 0.19625 0.025 0.0325
