0 0.853125 0.113333 0.015 0.021667
0 0.904062 0.1875 0.011875 0.018333
0 0.708125 0.180417 0.0125 0.0175
0 0.708125 0.337083 0.0125 0.014167
0 0.70875 0.232917 0.01125 0.015833
0 0.793125 0.205417 0.0125 0.0175
0 0.8375 0.497083 0.0125 0.0175
0 0.661875 0.463333 0.0075 0.01
0 0.671562 0.517917 0.010625 0.014167
0 0.578125 0.4775 0.015 0.016667
0 0.733125 0.56875 0.01 0.014167
0 0.955 0.76 0.01 0.013333
0 0.846875 0.775 0.01 0.015
0 0.772813 0.828333 0.009375 0.011667
0 0.816562 0.86375 0.010625 0.015833
0 0.824063 0.879583 0.011875 0.014167
0 0.7125 0.862083 0.01125 0.014167
0 0.714063 0.845417 0.011875 0.015833
0 0.607812 0.968333 0.005625 0.008333
0 0.657188 0.934583 0.011875 0.0175
0 0.504062 0.846667 0.008125 0.01
0 0.541875 0.23625 0.01 0.0175
0 0.487187 0.225 0.011875 0.016667
0 0.536563 0.13375 0.011875 0.015833
0 0.415625 0.115833 0.01 0.015
0 0.358125 0.020417 0.0075 0.0125
0 0.350938 0.020833 0.006875 0.006667
0 0.351562 0.014167 0.010625 0.011667
0 0.278438 0.15125 0.011875 0.015833
0 0.218125 0.196667 0.015 0.013333
0 0.088438 0.124167 0.011875 0.016667
0 0.116875 0.144583 0.0125 0.0175
0 0.13 0.166667 0.01375 0.015
0 0.148438 0.2025 0.009375 0.015
0 0.095937 0.246667 0.009375 0.015
0 0.076563 0.259583 0.010625 0.014167
0 0.182812 0.507083 0.010625 0.019167
0 0.204375 0.515417 0.015 0.015833
0 0.066875 0.5475 0.00875 0.011667
0 0.35375 0.506667 0.00875 0.015
0 0.341562 0.5025 0.010625 0.015
0 0.133125 0.6325 0.01 0.015
0 0.183125 0.75375 0.0125 0.015833
0 0.16 0.755417 0.01375 0.014167
0 0.10625 0.785417 0.01125 0.015833
0 0.34625 0.44125 0.01125 0.015833
0 0.455 0.455417 0.01125 0.015833
0 0.415938 0.59 0.010625 0.015
0 0.435937 0.615417 0.009375 0.014167
0 0.465625 0.65375 0.01 0.014167
0 0.40625 0.91125 0.00875 0.014167
0 0.410313 0.927083 0.011875 0.014167
0 0.4575 0.934583 0.01 0.0125
0 0.285313 0.96 0.013125 0.02
0 0.439688 0.972083 0.010625 0.015833
0 0.485 0.911667 0.01125 0.016667
0 0.375937 0.6675 0.010625 0.018333
0 0.735 0.724583 0.01 0.0175
0 0.790312 0.72375 0.010625 0.014167
0 0.63375 0.7925 0.0125 0.013333
0 0.692813 0.625 0.011875 0.013333
0 0.536875 0.540417 0.01 0.015833
0 0.499688 0.710833 0.011875 0.016667
0 0.396875 0.8725 0.0125 0.016667
0 0.360625 0.985 0.01125 0.015
0 0.355625 0.937083 0.01125 0.0125
0 0.245938 0.55625 0.011875 0.0175
0 0.1075 0.480417 0.01375 0.0175
0 0.101562 0.465 0.011875 0.013333
0 0.469687 0.84375 0.013125 0.020833
0 0.58875 0.756667 0.01375 0.015
0 0.030625 0.2625 0.01125 0.016667
0 0.259375 0.144167 0.0125 0.016667
0 0.334688 0.187917 0.010625 0.015833
