0 0.879375 0.914167 0.01125 0.015
0 0.859688 0.88625 0.011875 0.015833
0 0.887188 0.851667 0.011875 0.018333
0 0.905625 0.770417 0.00875 0.015833
0 0.8975 0.762083 0.01 0.014167
0 0.856563 0.689583 0.009375 0.014167
0 0.84375 0.65625 0.01125 0.015833
0 0.850313 0.6475 0.010625 0.015
0 0.811875 0.912083 0.01125 0.014167
0 0.804063 0.871667 0.008125 0.018333
0 0.795937 0.867917 0.009375 0.014167
0 0.7275 0.95 0.01125 0.013333
0 0.771563 0.842917 0.010625 0.015833
0 0.801562 0.799583 0.013125 0.0175
0 0.7725 0.76 0.01125 0.015
0 0.744687 0.787917 0.011875 0.014167
0 0.749375 0.77875 0.01 0.0125
0 0.78625 0.722917 0.01125 0.0175
0 0.795937 0.712917 0.009375 0.014167
0 0.73375 0.70625 0.01125 0.014167
0 0.726562 0.637083 0.013125 0.014167
0 0.71125 0.634583 0.00875 0.014167
0 0.70375 0.639167 0.01125 0.013333
0 0.890938 0.592917 0.011875 0.015833
0 0.939688 0.588333 0.010625 0.016667
0 0.9525 0.587917 0.00875 0.015833
0 0.893437 0.56 0.009375 0.016667
0 0.928438 0.501667 0.009375 0.013333
0 0.85375 0.523333 0.01 0.013333
0 0.9175 0.489583 0.01 0.014167
0 0.93125 0.425833 0.0125 0.015
0 0.894687 0.397083 0.011875 0.014167
0 0.866875 0.429583 0.01125 0.0175
0 0.840938 0.3575 0.010625 0.015
0 0.835938 0.343333 0.009375 0.016667
0 0.899375 0.30625 0.01 0.0175
0 0.943438 0.32625 0.010625 0.015833
0 0.7375 0.328333 0.01 0.016667
0 0.725 0.435833 0.01 0.013333
0 0.738125 0.447083 0.00875 0.0125
0 0.718125 0.478333 0.0125 0.016667
0 0.73375 0.495417 0.01125 0.015833
0 0.755625 0.51875 0.01625 0.014167
0 0.774687 0.487083 0.008125 0.014167
0 0.675312 0.573333 0.013125 0.018333
0 0.67875 0.906667 0.01 0.016667
0 0.635625 0.940417 0.01375 0.0175
0 0.55375 0.957917 0.01125 0.019167
0 0.514062 0.93875 0.010625 0.015833
0 0.480938 0.920417 0.010625 0.0125
0 0.487187 0.909583 0.010625 0.014167
0 0.60875 0.8875 0.0125 0.018333
0 0.642813 0.868333 0.010625 0.015
0 0.605313 0.8625 0.008125 0.013333
0 0.596562 0.858333 0.009375 0.015
0 0.669375 0.80625 0.00875 0.014167
0 0.640625 0.814583 0.00875 0.010833
0 0.610625 0.821667 0.00875 0.013333
0 0.625625 0.780833 0.01125 0.013333
0 0.6525 0.7775 0.01 0.013333
0 0.563125 0.854583 0.01 0.015833
0 0.553125 0.833333 0.01 0.015
0 0.525 0.854583 0.0125 0.015833
0 0.514062 0.837083 0.009375 0.0125
0 0.533125 0.804583 0.0125 0.014167
0 0.547188 0.773333 0.011875 0.015
0 0.559063 0.69125 0.009375 0.015833
0 0.675937 0.684583 0.009375 0.014167
0 0.669375 0.712917 0.01 0.014167
0 0.630938 0.603333 0.008125 0.015
0 0.656563 0.522917 0.008125 0.015833
0 0.614062 0.509583 0.008125 0.014167
0 0.655625 0.4525 0.00875 0.011667
0 0.662188 0.445 0.009375 0.013333
0 0.918125 0.26625 0.01125 0.019167
0 0.915312 0.2175 0.008125 0.013333
0 0.866875 0.23625 0.01 0.015833
0 0.8475 0.217083 0.01125 0.015833
0 0.799063 0.224583 0.011875 0.015833
0 0.820937 0.157083 0.013125 0.0175
0 0.875 0.11375 0.01 0.015833
0 0.739688 0.1825 0.013125 0.016667
0 0.700937 0.12125 0.013125 0.0175
0 0.685937 0.191667 0.013125 0.016667
0 0.675 0.15625 0.01 0.015833
0 0.731563 0.2475 0.010625 0.015
0 0.696562 0.242083 0.011875 0.0125
0 0.710313 0.2625 0.009375 0.015
0 0.626563 0.217083 0.013125 0.015833
0 0.629062 0.1725 0.010625 0.016667
0 0.617812 0.16875 0.010625 0.015833
0 0.810312 0.022917 0.014375 0.015833
0 0.864688 0.073333 0.010625 0.015
0 0.881875 0.059167 0.00875 0.018333
0 0.858125 0.086667 0.00875 0.011667
0 0.684375 0.049167 0.0125 0.015
0 0.54125 0.005 0.01375 0.008333
0 0.597187 0.045 0.013125 0.016667
0 0.548125 0.04125 0.0125 0.015833
0 0.536563 0.070833 0.011875 0.016667
0 0.552188 0.076667 0.009375 0.015
0 0.560625 0.096667 0.01 0.013333
0 0.554063 0.1075 0.010625 0.016667
0 0.549375 0.12 0.01125 0.013333
0 0.53875 0.133333 0.01125 0.016667
0 0.51875 0.119583 0.0125 0.015833
0 0.5075 0.098333 0.0125 0.016667
0 0.494688 0.11125 0.013125 0.019167
0 0.563125 0.187083 0.0125 0.0175
0 0.567187 0.283333 0.015625 0.021667
0 0.58625 0.292083 0.00875 0.0125
0 0.611563 0.328333 0.013125 0.015
0 0.37875 0.992083 0.0125 0.015833
0 0.3575 0.901667 0.0125 0.016667
0 0.289062 0.95125 0.009375 0.014167
0 0.304063 0.984167 0.009375 0.013333
0 0.42625 0.840833 0.015 0.02
0 0.42875 0.800833 0.0125 0.016667
0 0.457188 0.80625 0.011875 0.0175
0 0.462813 0.794167 0.009375 0.013333
0 0.478438 0.77875 0.010625 0.014167
0 0.43125 0.742917 0.01125 0.0125
0 0.354687 0.7925 0.013125 0.011667
0 0.34875 0.77875 0.01125 0.0125
0 0.325937 0.9525 0.006875 0.013333
0 0.25 0.877917 0.0125 0.015833
0 0.264688 0.847083 0.010625 0.0175
0 0.243438 0.833333 0.009375 0.015
0 0.310937 0.79625 0.009375 0.014167
0 0.325625 0.805833 0.0075 0.011667
0 0.408125 0.716667 0.0125 0.015
0 0.387188 0.705417 0.010625 0.015833
0 0.38125 0.691667 0.015 0.02
0 0.3725 0.674167 0.01125 0.013333
0 0.379375 0.6625 0.01 0.013333
0 0.473125 0.66 0.01 0.011667
0 0.537188 0.598333 0.009375 0.013333
0 0.418438 0.629583 0.009375 0.014167
0 0.406875 0.627917 0.01 0.014167
0 0.398438 0.621667 0.010625 0.013333
0 0.385937 0.5725 0.009375 0.013333
0 0.424375 0.555 0.01 0.013333
0 0.317812 0.581667 0.009375 0.011667
0 0.33625 0.518333 0.01375 0.015
0 0.383125 0.509583 0.01 0.0125
0 0.370312 0.489167 0.010625 0.015
0 0.37375 0.475833 0.00875 0.01
0 0.384062 0.46 0.010625 0.015
0 0.416875 0.51 0.01125 0.015
0 0.451562 0.487917 0.010625 0.015833
0 0.45375 0.584167 0.0125 0.015
0 0.466875 0.58875 0.01125 0.015833
0 0.499063 0.52 0.009375 0.015
0 0.558125 0.444167 0.01 0.015
0 0.4825 0.484583 0.01 0.010833
0 0.477812 0.4675 0.010625 0.015
0 0.49 0.43125 0.00875 0.015833
0 0.512813 0.420417 0.010625 0.015833
0 0.553125 0.34625 0.01 0.014167
0 0.527813 0.32 0.013125 0.015
0 0.492188 0.259583 0.011875 0.015833
0 0.34875 0.434583 0.01 0.014167
0 0.37 0.401667 0.00875 0.015
0 0.439688 0.338333 0.013125 0.015
0 0.404062 0.307917 0.011875 0.015833
0 0.418125 0.1875 0.01 0.013333
0 0.383125 0.173333 0.0125 0.016667
0 0.34 0.1675 0.0125 0.016667
0 0.44125 0.145833 0.01 0.015
0 0.34875 0.089167 0.01125 0.015
0 0.388125 0.098333 0.01 0.01
0 0.377812 0.094167 0.006875 0.011667
0 0.372188 0.089167 0.010625 0.015
0 0.4125 0.080417 0.01 0.014167
0 0.427812 0.04875 0.010625 0.014167
0 0.449375 0.017917 0.0125 0.010833
0 0.472187 0.006667 0.015625 0.011667
0 0.453437 0.004167 0.011875 0.006667
0 0.2 0.056667 0.0125 0.015
0 0.168437 0.012083 0.014375 0.014167
0 0.198437 0.096667 0.011875 0.016667
0 0.1875 0.17375 0.01375 0.0175
0 0.148438 0.194167 0.010625 0.013333
0 0.186562 0.217083 0.013125 0.0175
0 0.060937 0.26125 0.009375 0.014167
0 0.038437 0.287917 0.010625 0.014167
0 0.030625 0.317917 0.015 0.015833
0 0.126562 0.345 0.010625 0.016667
0 0.139063 0.301667 0.013125 0.016667
0 0.148125 0.282917 0.01125 0.019167
0 0.136875 0.270417 0.01125 0.0175
0 0.179063 0.292083 0.010625 0.0175
0 0.2375 0.236667 0.01 0.015
0 0.247188 0.245417 0.010625 0.0125
0 0.196875 0.302083 0.01125 0.014167
0 0.270937 0.3325 0.014375 0.018333
0 0.2925 0.349583 0.01125 0.015833
0 0.186875 0.434583 0.01125 0.014167
0 0.04125 0.394583 0.01 0.014167
0 0.034063 0.447083 0.010625 0.015833
0 0.077813 0.49125 0.010625 0.015833
0 0.099687 0.487083 0.009375 0.010833
0 0.08875 0.45 0.0075 0.011667
0 0.130938 0.473333 0.011875 0.015
0 0.253125 0.495 0.0125 0.015
0 0.296875 0.395 0.0125 0.013333
0 0.302812 0.2825 0.010625 0.013333
0 0.205937 0.9875 0.010625 0.013333
0 0.154375 0.959167 0.0075 0.013333
0 0.13125 0.927083 0.01 0.0125
0 0.174375 0.879167 0.01125 0.013333
0 0.174375 0.858333 0.01 0.015
0 0.19125 0.810417 0.01125 0.014167
0 0.049688 0.772083 0.009375 0.0125
0 0.040313 0.750833 0.008125 0.015
0 0.07625 0.768333 0.00875 0.013333
0 0.080937 0.693333 0.010625 0.015
0 0.092188 0.6725 0.011875 0.016667
0 0.14 0.684167 0.01125 0.015
0 0.21375 0.782917 0.01 0.0125
0 0.241563 0.764167 0.005625 0.008333
0 0.221875 0.665417 0.01125 0.015833
0 0.2925 0.634583 0.01125 0.015833
0 0.09125 0.635833 0.01 0.013333
0 0.094062 0.622917 0.010625 0.015833
0 0.097187 0.589167 0.010625 0.011667
0 0.05625 0.622917 0.01125 0.015833
0 0.078125 0.560833 0.01 0.015
0 0.139063 0.54375 0.011875 0.014167
0 0.189062 0.612917 0.010625 0.014167
0 0.213438 0.60125 0.011875 0.014167
0 0.224688 0.582917 0.011875 0.015833
0 0.23125 0.53375 0.01375 0.0175
0 0.205625 0.52375 0.01375 0.015833
0 0.234687 0.509583 0.010625 0.015833
0 0.550312 0.500833 0.010625 0.013333
