0 0.508437 0.863333 0.025625 0.035
0 0.130938 0.47625 0.026875 0.034167
0 0.233437 0.57875 0.021875 0.0275
0 0.308125 0.208333 0.02375 0.036667
0 0.739062 0.102917 0.026875 0.035833
0 0.81875 0.198333 0.0225 0.03
0 0.62625 0.04875 0.02125 0.0275
0 0.7225 0.744583 0.02625 0.0325
0 0.88875 0.81375 0.01875 0.029167
0 0.959688 0.725417 0.019375 0.024167
0 0.063437 0.944583 0.024375 0.035833
0 0.271562 0.659167 0.015625 0.021667
0 0.891563 0.322917 0.019375 0.025833
0 0.090313 0.0225 0.016875 0.021667
