0 0.038437 0.475833 0.020625 0.028333
0 0.324688 0.226667 0.025625 0.033333
0 0.065937 0.471667 0.015625 0.02
0 0.141875 0.71 0.025 0.031667
0 0.2075 0.710417 0.03125 0.030833
0 0.264688 0.716667 0.019375 0.025
0 0.2675 0.73875 0.01875 0.0225
0 0.365625 0.664167 0.0175 0.025
0 0.339687 0.76 0.019375 0.028333
0 0.313437 0.871667 0.016875 0.025
0 0.665 0.890833 0.0175 0.023333
0 0.551875 0.809167 0.02125 0.035
0 0.612812 0.587083 0.014375 0.020833
0 0.84 0.780833 0.01375 0.021667
0 0.566562 0.885 0.020625 0.025
0 0.941562 0.492083 0.018125 0.024167
0 0.781875 0.45625 0.01875 0.0225
0 0.857187 0.234167 0.015625 0.02
0 0.822812 0.227083 0.016875 0.020833
0 0.829063 0.207917 0.015625 0.024167
0 0.812813 0.200833 0.016875 0.023333
0 0.79 0.1825 0.02125 0.031667
0 0.775 0.199167 0.01875 0.03
0 0.76125 0.210417 0.01375 0.0225
0 0.683125 0.243333 0.01875 0.025
0 0.65375 0.227083 0.01625 0.020833
0 0.408438 0.142917 0.019375 0.0275
