0 0.269062 0.21625 0.024375 0.029167
0 0.29625 0.200833 0.02375 0.028333
0 0.050937 0.377917 0.019375 0.025833
0 0.209063 0.714583 0.015625 0.024167
0 0.174375 0.814167 0.0225 0.026667
0 0.150625 0.742083 0.0175 0.0225
0 0.379688 0.667083 0.014375 0.025833
0 0.230625 0.905833 0.0175 0.026667
0 0.290938 0.979167 0.015625 0.021667
0 0.665 0.949583 0.01625 0.025833
0 0.710938 0.875 0.020625 0.026667
0 0.7 0.848333 0.01625 0.023333
0 0.685937 0.809583 0.020625 0.0275
0 0.36125 0.437917 0.0175 0.020833
0 0.394062 0.252917 0.016875 0.024167
0 0.446875 0.274167 0.0175 0.025
0 0.485 0.378333 0.01375 0.025
0 0.589688 0.372917 0.018125 0.024167
0 0.579688 0.3925 0.019375 0.026667
0 0.785 0.78 0.02 0.026667
0 0.750938 0.68875 0.013125 0.0225
0 0.7275 0.65 0.02 0.026667
0 0.681562 0.69375 0.019375 0.029167
0 0.841562 0.32125 0.021875 0.0275
0 0.802188 0.113333 0.016875 0.023333
0 0.719375 0.09625 0.01625 0.020833
0 0.578125 0.012083 0.01875 0.0225
0 0.676875 0.277083 0.0175 0.024167
