0 0.027187 0.88625 0.015625 0.019167
0 0.021875 0.934167 0.015 0.015
0 0.11125 0.93625 0.01125 0.015833
0 0.090625 0.96125 0.01125 0.015833
0 0.119063 0.97625 0.010625 0.015833
0 0.127812 0.977917 0.009375 0.015833
0 0.135625 0.972917 0.01125 0.014167
0 0.10375 0.848333 0.0125 0.016667
0 0.299063 0.950833 0.009375 0.016667
0 0.25625 0.962083 0.015 0.019167
0 0.232187 0.9175 0.014375 0.016667
0 0.11875 0.820417 0.0125 0.0175
0 0.242188 0.837083 0.013125 0.0175
0 0.271562 0.885 0.010625 0.016667
0 0.002812 0.659167 0.004375 0.018333
0 0.00875 0.677083 0.0125 0.0175
0 0.093125 0.658333 0.01375 0.02
0 0.142813 0.671667 0.014375 0.016667
0 0.186875 0.712083 0.01125 0.015833
0 0.15875 0.742083 0.0125 0.014167
0 0.20375 0.654167 0.015 0.02
0 0.190625 0.644583 0.01375 0.020833
0 0.201563 0.634167 0.013125 0.018333
0 0.259688 0.69125 0.010625 0.0125
0 0.297187 0.717083 0.010625 0.015833
0 0.328125 0.864583 0.01 0.014167
0 0.33875 0.860833 0.01125 0.018333
0 0.086563 0.604167 0.011875 0.018333
0 0.086563 0.5775 0.011875 0.016667
0 0.07125 0.585417 0.015 0.024167
0 0.076563 0.542083 0.013125 0.0175
0 0.00875 0.400833 0.01625 0.02
0 0.053125 0.38375 0.01125 0.0175
0 0.152188 0.42125 0.011875 0.019167
0 0.137813 0.405 0.010625 0.013333
0 0.1725 0.402083 0.015 0.015833
0 0.1025 0.338333 0.0125 0.016667
0 0.034375 0.20375 0.01125 0.019167
0 0.075938 0.122083 0.014375 0.020833
0 0.102813 0.112083 0.013125 0.020833
0 0.112812 0.20125 0.014375 0.019167
0 0.112187 0.155833 0.010625 0.016667
0 0.1275 0.112083 0.0125 0.015833
0 0.154688 0.072083 0.014375 0.0175
0 0.159062 0.154167 0.015625 0.018333
0 0.130312 0.215417 0.008125 0.0125
0 0.176563 0.206667 0.010625 0.015
0 0.169063 0.225417 0.013125 0.0175
0 0.187812 0.235833 0.013125 0.021667
0 0.16375 0.274583 0.0125 0.015833
0 0.18625 0.351667 0.01375 0.016667
0 0.114687 0.470833 0.015625 0.018333
0 0.238437 0.498333 0.010625 0.016667
0 0.283125 0.495833 0.01125 0.016667
0 0.209063 0.489583 0.011875 0.014167
0 0.27875 0.408333 0.0125 0.018333
0 0.296875 0.765417 0.0125 0.019167
0 0.379063 0.99625 0.013125 0.0075
0 0.445937 0.969583 0.013125 0.019167
0 0.48125 0.994583 0.01375 0.010833
0 0.497188 0.93 0.010625 0.016667
0 0.432188 0.92125 0.011875 0.014167
0 0.390313 0.895833 0.011875 0.016667
0 0.432812 0.86125 0.014375 0.015833
0 0.43125 0.844583 0.01125 0.020833
0 0.456875 0.849583 0.015 0.0175
0 0.396875 0.7875 0.01 0.015
0 0.346875 0.77625 0.00875 0.0125
0 0.399687 0.725417 0.013125 0.015833
0 0.37 0.69375 0.01125 0.0175
0 0.320312 0.671667 0.013125 0.018333
0 0.317188 0.652917 0.010625 0.0125
0 0.336875 0.567083 0.0125 0.014167
0 0.390625 0.550417 0.0125 0.0175
0 0.319688 0.425417 0.009375 0.0125
0 0.309063 0.34625 0.011875 0.0175
0 0.223125 0.214167 0.01125 0.015
0 0.255 0.180417 0.01125 0.019167
0 0.270937 0.16625 0.011875 0.015833
0 0.239687 0.135833 0.013125 0.018333
0 0.145625 0.11625 0.01125 0.014167
0 0.167187 0.102083 0.010625 0.014167
0 0.34125 0.005 0.0125 0.008333
0 0.288438 0.03 0.011875 0.015
0 0.283125 0.06625 0.0125 0.015833
0 0.297187 0.077917 0.010625 0.0175
0 0.348438 0.08625 0.009375 0.014167
0 0.369375 0.076667 0.0125 0.018333
0 0.31625 0.193333 0.01 0.015
0 0.309063 0.21 0.009375 0.015
0 0.3325 0.40375 0.01125 0.014167
0 0.33625 0.307917 0.01375 0.014167
0 0.382812 0.255417 0.013125 0.0175
0 0.42375 0.296667 0.01375 0.016667
0 0.376875 0.364167 0.01375 0.016667
0 0.428125 0.37125 0.01125 0.015833
0 0.41125 0.443333 0.0125 0.015
0 0.45125 0.650833 0.01 0.013333
0 0.4375 0.645 0.0125 0.015
0 0.483125 0.8025 0.01125 0.015
0 0.485312 0.77375 0.010625 0.0175
0 0.519375 0.924583 0.00875 0.014167
0 0.529375 0.890833 0.01125 0.015
0 0.512188 0.830833 0.009375 0.013333
0 0.353125 0.62875 0.01 0.014167
0 0.355625 0.617917 0.01 0.010833
0 0.4825 0.624167 0.0125 0.015
0 0.475 0.51875 0.01125 0.015833
0 0.560625 0.537917 0.01625 0.019167
0 0.599063 0.965417 0.014375 0.0175
0 0.61625 0.85375 0.0125 0.0175
0 0.6075 0.907917 0.01 0.015833
0 0.591875 0.845417 0.0125 0.0175
0 0.54875 0.83875 0.01125 0.014167
0 0.537813 0.820833 0.011875 0.018333
0 0.507188 0.815417 0.013125 0.015833
0 0.62875 0.774583 0.0125 0.015833
0 0.689063 0.8125 0.013125 0.015
0 0.704063 0.790417 0.011875 0.015833
0 0.729688 0.812917 0.010625 0.015833
0 0.756875 0.844583 0.01375 0.019167
0 0.809063 0.98875 0.010625 0.0175
0 0.75625 0.991667 0.01625 0.016667
0 0.866563 0.919167 0.013125 0.016667
0 0.845 0.891667 0.015 0.018333
0 0.860313 0.842083 0.011875 0.015833
0 0.81125 0.770833 0.01375 0.02
0 0.450313 0.604583 0.010625 0.014167
0 0.545625 0.591667 0.01 0.015
0 0.543438 0.640417 0.014375 0.019167
0 0.560937 0.685833 0.011875 0.016667
0 0.554063 0.42625 0.011875 0.0175
0 0.561875 0.402917 0.01375 0.0175
0 0.358125 0.235833 0.0125 0.018333
0 0.4375 0.166667 0.0125 0.016667
0 0.472187 0.11 0.013125 0.018333
0 0.509687 0.121667 0.014375 0.02
0 0.5025 0.137917 0.01375 0.019167
0 0.510312 0.181667 0.010625 0.015
0 0.51375 0.19875 0.01125 0.0175
0 0.51375 0.285417 0.01125 0.015833
0 0.320937 0.051667 0.010625 0.016667
0 0.55375 0.010833 0.01375 0.018333
0 0.57875 0.025 0.01125 0.016667
0 0.760625 0.006667 0.0125 0.011667
0 0.755313 0.020417 0.011875 0.014167
0 0.759687 0.035417 0.011875 0.015833
0 0.705 0.051667 0.01125 0.016667
0 0.723125 0.080417 0.01375 0.015833
0 0.665 0.098333 0.01125 0.018333
0 0.668125 0.158333 0.01125 0.015
0 0.677188 0.16125 0.009375 0.014167
0 0.588437 0.289167 0.013125 0.021667
0 0.638437 0.276667 0.013125 0.015
0 0.640938 0.291667 0.013125 0.016667
0 0.699375 0.263333 0.01 0.015
0 0.685312 0.306667 0.013125 0.02
0 0.60125 0.49125 0.01375 0.019167
0 0.60875 0.47625 0.01125 0.0175
0 0.59875 0.445 0.01375 0.018333
0 0.618125 0.482083 0.01125 0.019167
0 0.630625 0.482917 0.0125 0.0175
0 0.664062 0.59 0.013125 0.016667
0 0.647188 0.62375 0.010625 0.0125
0 0.730938 0.66 0.013125 0.016667
0 0.744687 0.420833 0.015625 0.02
0 0.757812 0.408333 0.011875 0.015
0 0.692813 0.5225 0.009375 0.013333
0 0.634687 0.522083 0.011875 0.0125
0 0.77375 0.976667 0.00875 0.01
0 0.864688 0.76875 0.016875 0.020833
0 0.772813 0.665833 0.010625 0.015
0 0.834063 0.665417 0.013125 0.020833
0 0.853125 0.646667 0.0125 0.018333
0 0.9575 0.64875 0.01375 0.019167
0 0.992188 0.630833 0.013125 0.018333
0 0.967812 0.619167 0.013125 0.015
0 0.812813 0.590833 0.010625 0.016667
0 0.800625 0.5925 0.01125 0.013333
0 0.756875 0.571667 0.01125 0.015
0 0.770312 0.549167 0.013125 0.018333
0 0.785937 0.505833 0.011875 0.015
0 0.836875 0.49125 0.01375 0.019167
0 0.874062 0.485833 0.014375 0.016667
0 0.9925 0.563333 0.00875 0.015
0 0.985313 0.560417 0.006875 0.0125
0 0.987187 0.499167 0.009375 0.011667
0 0.963125 0.470417 0.0125 0.015833
0 0.925625 0.48875 0.01 0.010833
0 0.874687 0.4575 0.013125 0.016667
0 0.945 0.440417 0.01375 0.019167
0 0.97375 0.386667 0.01125 0.016667
0 0.889062 0.466667 0.014375 0.016667
0 0.892188 0.396667 0.013125 0.018333
0 0.83125 0.365833 0.015 0.018333
0 0.917188 0.29125 0.013125 0.015833
0 0.809688 0.29125 0.010625 0.0125
0 0.894062 0.240833 0.013125 0.016667
0 0.845938 0.219583 0.014375 0.0175
0 0.887813 0.184583 0.011875 0.015833
0 0.961562 0.094583 0.015625 0.019167
0 0.801562 0.135 0.011875 0.016667
0 0.475938 0.217083 0.008125 0.010833
0 0.5575 0.131667 0.01 0.013333
0 0.36375 0.77375 0.0075 0.010833
0 0.363125 0.714583 0.00875 0.0125
0 0.375 0.705417 0.0075 0.009167
0 0.788125 0.07875 0.015 0.019167
0 0.649062 0.032917 0.008125 0.0125
0 0.114062 0.048333 0.009375 0.013333
0 0.806875 0.170833 0.01125 0.013333
0 0.915625 0.069167 0.01125 0.013333
0 0.942187 0.172083 0.009375 0.014167
