0 0.101562 0.172083 0.018125 0.024167
0 0.218125 0.85 0.02125 0.026667
0 0.351562 0.892083 0.013125 0.020833
0 0.356875 0.630417 0.015 0.0225
0 0.529375 0.585833 0.015 0.021667
0 0.5425 0.5225 0.0125 0.02
0 0.52125 0.1025 0.0175 0.023333
0 0.639687 0.08125 0.023125 0.0325
0 0.715938 0.08625 0.019375 0.029167
0 0.766875 0.081667 0.02 0.025
0 0.760312 0.120833 0.020625 0.028333
0 0.92 0.00875 0.02 0.015833
0 0.80125 0.299167 0.01875 0.028333
0 0.933438 0.197917 0.018125 0.024167
0 0.983437 0.142083 0.013125 0.020833
0 0.955313 0.707917 0.021875 0.029167
0 0.719688 0.904583 0.021875 0.0225
0 0.710625 0.6275 0.01875 0.028333
