0 0.791875 0.870833 0.0125 0.018333
0 0.791562 0.84375 0.011875 0.0225
0 0.78 0.812917 0.01 0.019167
0 0.75 0.7575 0.01125 0.015
0 0.737187 0.809583 0.010625 0.015833
0 0.92 0.680833 0.01125 0.015
0 0.91 0.664167 0.01125 0.015
0 0.923125 0.599583 0.01125 0.019167
0 0.805 0.593333 0.01125 0.018333
0 0.7975 0.6 0.00875 0.015
0 0.81375 0.910833 0.01125 0.016667
0 0.709688 0.931667 0.010625 0.015
0 0.70875 0.85125 0.01 0.0175
0 0.853125 0.740417 0.01125 0.0175
0 0.838437 0.556667 0.010625 0.013333
0 0.95125 0.45 0.01125 0.015
0 0.925312 0.506667 0.011875 0.018333
0 0.890938 0.325 0.009375 0.015
0 0.90625 0.241667 0.01 0.015
0 0.861875 0.3125 0.01125 0.015
0 0.87 0.084167 0.01125 0.016667
0 0.810625 0.220417 0.01125 0.0175
0 0.784062 0.244167 0.010625 0.015
0 0.756563 0.170417 0.011875 0.0175
0 0.720313 0.140417 0.009375 0.015833
0 0.791562 0.08125 0.011875 0.019167
0 0.705 0.235417 0.01375 0.015833
0 0.672813 0.210417 0.014375 0.0125
0 0.673125 0.196667 0.0125 0.015
0 0.660312 0.132083 0.013125 0.015833
0 0.671562 0.277917 0.011875 0.015833
0 0.735938 0.364583 0.010625 0.015833
0 0.870313 0.385417 0.013125 0.015833
0 0.866875 0.507083 0.01125 0.0175
0 0.692813 0.59 0.008125 0.015
0 0.683438 0.587917 0.009375 0.014167
0 0.632188 0.58 0.013125 0.016667
0 0.628437 0.47 0.009375 0.018333
0 0.590313 0.431667 0.016875 0.023333
0 0.528438 0.378333 0.013125 0.018333
0 0.610938 0.745417 0.011875 0.015833
0 0.609688 0.765417 0.013125 0.015833
0 0.65375 0.753333 0.01125 0.016667
0 0.647813 0.75875 0.006875 0.015833
0 0.695312 0.8125 0.011875 0.018333
0 0.897188 0.7125 0.010625 0.013333
0 0.975313 0.73875 0.016875 0.014167
0 0.975313 0.720833 0.011875 0.018333
0 0.871563 0.67125 0.009375 0.019167
0 0.824063 0.634583 0.010625 0.014167
0 0.60125 0.96375 0.01125 0.015833
0 0.575313 0.845833 0.011875 0.02
0 0.559688 0.75625 0.011875 0.015833
0 0.540625 0.678333 0.00875 0.013333
0 0.531563 0.664167 0.010625 0.018333
0 0.5325 0.986667 0.0125 0.02
0 0.51875 0.967083 0.01 0.014167
0 0.574063 0.88875 0.010625 0.015833
0 0.604062 0.805833 0.010625 0.015
0 0.579063 0.775417 0.011875 0.0175
0 0.477812 0.795833 0.011875 0.018333
0 0.4575 0.74875 0.0125 0.0225
0 0.455313 0.704167 0.013125 0.016667
0 0.4525 0.675417 0.01375 0.015833
0 0.49625 0.643333 0.00875 0.015
0 0.69875 0.542917 0.0125 0.015833
0 0.601562 0.312917 0.010625 0.014167
0 0.539687 0.250833 0.020625 0.018333
0 0.521875 0.312083 0.01375 0.019167
0 0.607187 0.232083 0.011875 0.0175
0 0.605938 0.124167 0.013125 0.02
0 0.56875 0.14875 0.01125 0.019167
0 0.574063 0.06 0.013125 0.02
0 0.503125 0.194167 0.01125 0.015
0 0.50375 0.181667 0.01 0.015
0 0.424375 0.167083 0.015 0.019167
0 0.411875 0.240417 0.015 0.0175
0 0.4025 0.22625 0.01 0.014167
0 0.368437 0.183333 0.013125 0.018333
0 0.363438 0.085417 0.013125 0.0175
0 0.62125 0.422917 0.015 0.015833
0 0.500313 0.527917 0.014375 0.019167
0 0.415938 0.717083 0.015625 0.0225
0 0.401875 0.699583 0.0125 0.019167
0 0.395313 0.727083 0.013125 0.0175
0 0.484687 0.929167 0.009375 0.015
0 0.267813 0.973333 0.011875 0.018333
0 0.256875 0.974167 0.01 0.015
0 0.31375 0.890833 0.0125 0.016667
0 0.335 0.833333 0.01375 0.02
0 0.319063 0.816667 0.014375 0.02
0 0.356563 0.948333 0.009375 0.015
0 0.078437 0.87375 0.014375 0.020833
0 0.01125 0.800417 0.015 0.0125
0 0.110937 0.74125 0.010625 0.0175
0 0.10625 0.885417 0.015 0.020833
0 0.227813 0.771667 0.010625 0.015
0 0.197813 0.944583 0.009375 0.014167
0 0.269062 0.696667 0.011875 0.016667
0 0.21875 0.735 0.0125 0.018333
0 0.23 0.70625 0.0125 0.020833
0 0.171563 0.649583 0.015625 0.019167
0 0.137813 0.634167 0.014375 0.015
0 0.115 0.594583 0.01 0.014167
0 0.136875 0.583333 0.01125 0.02
0 0.187812 0.604583 0.015625 0.0225
0 0.2 0.590833 0.015 0.016667
0 0.19375 0.55 0.01125 0.016667
0 0.205313 0.52625 0.014375 0.0175
0 0.235937 0.62625 0.015625 0.014167
0 0.230937 0.579167 0.014375 0.018333
0 0.222812 0.514167 0.014375 0.018333
0 0.235625 0.5125 0.0075 0.015
0 0.278125 0.514167 0.0125 0.016667
0 0.363125 0.304167 0.01125 0.02
0 0.179063 0.369167 0.013125 0.016667
0 0.2275 0.424167 0.01375 0.016667
0 0.08625 0.455 0.01375 0.016667
0 0.103438 0.43375 0.013125 0.014167
0 0.160312 0.331667 0.014375 0.018333
0 0.169375 0.3 0.01375 0.021667
0 0.223438 0.2825 0.015625 0.018333
0 0.244375 0.220833 0.0125 0.016667
0 0.305937 0.20375 0.013125 0.020833
0 0.287813 0.203333 0.014375 0.015
0 0.287813 0.155 0.010625 0.016667
0 0.193438 0.1475 0.015625 0.023333
0 0.16625 0.23625 0.01 0.0175
0 0.082187 0.228333 0.014375 0.018333
0 0.068437 0.27875 0.013125 0.019167
0 0.043437 0.320833 0.011875 0.016667
0 0.030312 0.432083 0.011875 0.0175
0 0.130625 0.526667 0.0125 0.018333
0 0.29125 0.56 0.01125 0.016667
0 0.266875 0.091667 0.01 0.02
0 0.257188 0.094167 0.009375 0.015
0 0.163438 0.065833 0.014375 0.02
0 0.122188 0.101667 0.011875 0.02
0 0.2525 0.042917 0.0125 0.0175
0 0.425 0.0675 0.015 0.016667
0 0.332813 0.0225 0.015625 0.021667
0 0.475 0.334167 0.00875 0.013333
0 0.339062 0.92125 0.011875 0.0175
0 0.46875 0.92875 0.0125 0.014167
0 0.158125 0.9725 0.01 0.015
0 0.01125 0.731667 0.01125 0.016667
0 0.835313 0.370833 0.015625 0.016667
0 0.911875 0.297917 0.01375 0.0175
0 0.872188 0.114167 0.013125 0.02
0 0.839688 0.872083 0.011875 0.015833
0 0.835 0.880417 0.01 0.010833
0 0.834688 0.892083 0.014375 0.014167
0 0.975938 0.6375 0.009375 0.013333
0 0.960625 0.426667 0.0125 0.013333
0 0.930625 0.298333 0.01125 0.013333
0 0.722812 0.32875 0.011875 0.0175
0 0.65875 0.59 0.01 0.015
0 0.667188 0.575417 0.010625 0.014167
0 0.673438 0.5775 0.006875 0.011667
0 0.278125 0.630417 0.01375 0.015833
0 0.70875 0.63 0.0125 0.016667
0 0.782188 0.697083 0.010625 0.015833
0 0.502188 0.904583 0.011875 0.015833
0 0.96875 0.145 0.01 0.013333
0 0.741563 0.201667 0.010625 0.011667
