0 0.789375 0.026667 0.015 0.018333
0 0.828125 0.277917 0.01125 0.015833
0 0.811562 0.289167 0.013125 0.016667
0 0.851875 0.305833 0.01375 0.016667
0 0.879062 0.307917 0.011875 0.0125
0 0.786563 0.137917 0.010625 0.0175
0 0.751563 0.151667 0.016875 0.016667
0 0.761875 0.0475 0.01375 0.021667
0 0.67 0.108333 0.01125 0.015
0 0.6425 0.10625 0.01 0.014167
0 0.665 0.178333 0.01375 0.016667
0 0.64 0.159167 0.01375 0.02
0 0.505313 0.155 0.009375 0.015
0 0.494375 0.15625 0.01125 0.014167
0 0.675312 0.27625 0.013125 0.0175
0 0.70625 0.175833 0.01125 0.015
0 0.54 0.271667 0.01125 0.016667
0 0.70375 0.295417 0.01 0.015833
0 0.715 0.31125 0.01 0.014167
0 0.952187 0.30125 0.010625 0.015833
0 0.94 0.291667 0.0125 0.018333
0 0.94375 0.344167 0.0125 0.016667
0 0.943438 0.56375 0.014375 0.019167
0 0.894062 0.56375 0.011875 0.0175
0 0.795625 0.48875 0.01125 0.0125
0 0.723125 0.437917 0.0125 0.015833
0 0.766875 0.466667 0.01 0.016667
0 0.80375 0.59375 0.0125 0.019167
0 0.929375 0.61875 0.015 0.015833
0 0.922188 0.6725 0.008125 0.013333
0 0.948438 0.712917 0.011875 0.0175
0 0.81625 0.693333 0.01 0.016667
0 0.785 0.725417 0.01125 0.0175
0 0.759687 0.78875 0.009375 0.010833
0 0.785312 0.763333 0.010625 0.015
0 0.936562 0.854167 0.011875 0.016667
0 0.895625 0.84125 0.0125 0.014167
0 0.820937 0.9825 0.011875 0.015
0 0.74875 0.965833 0.0125 0.015
0 0.745938 0.924167 0.013125 0.016667
0 0.722812 0.855417 0.015625 0.015833
0 0.721875 0.740833 0.0125 0.016667
0 0.676562 0.757917 0.010625 0.014167
0 0.6725 0.700833 0.01125 0.018333
0 0.629062 0.722083 0.011875 0.015833
0 0.580937 0.813333 0.011875 0.018333
0 0.640312 0.86625 0.009375 0.015833
0 0.629375 0.95875 0.01 0.015833
0 0.55 0.919167 0.01125 0.016667
0 0.55875 0.97375 0.01 0.014167
0 0.530312 0.970417 0.008125 0.0125
0 0.711562 0.36375 0.010625 0.0175
0 0.566875 0.43625 0.01 0.015833
0 0.61375 0.435417 0.01 0.015833
0 0.400625 0.035417 0.015 0.0175
0 0.451875 0.084167 0.0125 0.016667
0 0.459375 0.118333 0.01125 0.018333
0 0.444063 0.2075 0.013125 0.018333
0 0.398438 0.321667 0.013125 0.021667
0 0.295938 0.175833 0.011875 0.016667
0 0.12375 0.25 0.0125 0.018333
0 0.315312 0.029167 0.010625 0.013333
0 0.287187 0.013333 0.010625 0.016667
0 0.294063 0.135417 0.011875 0.015833
0 0.239375 0.17125 0.01125 0.014167
0 0.156562 0.089583 0.009375 0.0175
0 0.171563 0.18875 0.011875 0.014167
0 0.10875 0.25875 0.00875 0.0125
0 0.08375 0.257083 0.01125 0.015833
0 0.115312 0.232917 0.011875 0.015833
0 0.006875 0.327083 0.01125 0.0175
0 0.075938 0.38875 0.010625 0.0175
0 0.2175 0.368333 0.01 0.013333
0 0.203125 0.406667 0.0125 0.016667
0 0.236875 0.392083 0.0125 0.014167
0 0.481875 0.275417 0.01 0.015833
0 0.47125 0.275833 0.00875 0.013333
0 0.461875 0.277917 0.01125 0.014167
0 0.469062 0.260833 0.011875 0.016667
0 0.562187 0.371667 0.009375 0.015
0 0.44 0.44125 0.0125 0.019167
0 0.443125 0.499167 0.0125 0.016667
0 0.5525 0.470833 0.0125 0.016667
0 0.525312 0.4775 0.015625 0.013333
0 0.472187 0.523333 0.011875 0.018333
0 0.357187 0.50125 0.011875 0.015833
0 0.16125 0.447083 0.01375 0.015833
0 0.16 0.432917 0.01375 0.014167
0 0.049063 0.587917 0.013125 0.015833
0 0.204687 0.481667 0.011875 0.02
0 0.189375 0.44625 0.015 0.0175
0 0.284687 0.470833 0.009375 0.013333
0 0.27 0.519583 0.0125 0.0175
0 0.266562 0.461667 0.013125 0.018333
0 0.234063 0.731667 0.010625 0.016667
0 0.114375 0.684167 0.01125 0.015
0 0.120625 0.662083 0.01 0.019167
0 0.166563 0.612917 0.011875 0.0175
0 0.169375 0.63125 0.01 0.015833
0 0.265313 0.732917 0.013125 0.015833
0 0.339062 0.71875 0.013125 0.015833
0 0.276875 0.755 0.0125 0.016667
0 0.469375 0.647083 0.00875 0.015833
0 0.560625 0.695833 0.01 0.015
0 0.443125 0.835417 0.015 0.0175
0 0.401562 0.745 0.009375 0.015
0 0.320937 0.867917 0.009375 0.015833
0 0.189688 0.919583 0.013125 0.019167
0 0.135 0.9 0.01 0.015
0 0.124063 0.81125 0.008125 0.014167
0 0.129375 0.71875 0.01375 0.020833
0 0.211875 0.665 0.01 0.013333
0 0.20375 0.658333 0.01 0.013333
0 0.164062 0.702917 0.014375 0.0175
0 0.230625 0.138333 0.01125 0.015
0 0.366875 0.92125 0.00875 0.015833
0 0.359063 0.829167 0.013125 0.02
0 0.255 0.831667 0.01 0.016667
0 0.334375 0.617083 0.0125 0.015833
0 0.942187 0.606667 0.010625 0.016667
0 0.4075 0.4025 0.01125 0.015
0 0.343438 0.397917 0.013125 0.015833
0 0.454375 0.99375 0.0125 0.0125
