0 0.591875 0.972917 0.02 0.025833
0 0.512188 0.9075 0.016875 0.021667
0 0.965 0.97 0.025 0.028333
0 0.95875 0.860833 0.0225 0.031667
0 0.894375 0.466667 0.02375 0.031667
0 0.940937 0.273333 0.024375 0.026667
0 0.885312 0.220417 0.013125 0.020833
0 0.928438 0.074167 0.019375 0.026667
0 0.650312 0.175833 0.018125 0.025
0 0.6575 0.310417 0.02375 0.029167
0 0.561875 0.342083 0.02875 0.0425
0 0.54 0.31875 0.02125 0.030833
0 0.44375 0.354583 0.02125 0.0275
0 0.425 0.335833 0.0225 0.025
0 0.494375 0.125417 0.02125 0.029167
0 0.451875 0.112083 0.0175 0.0275
0 0.459688 0.04625 0.019375 0.0275
0 0.496563 0.026667 0.018125 0.023333
0 0.245938 0.098333 0.024375 0.031667
0 0.316563 0.266667 0.020625 0.028333
0 0.299375 0.14875 0.0125 0.029167
0 0.19625 0.03875 0.02 0.024167
0 0.322188 0.45625 0.023125 0.030833
0 0.460313 0.527917 0.025625 0.034167
0 0.594688 0.5225 0.020625 0.028333
0 0.14625 0.445417 0.02125 0.034167
0 0.11 0.43 0.0225 0.036667
0 0.087188 0.43 0.023125 0.031667
0 0.035 0.388333 0.02 0.031667
0 0.170937 0.368333 0.023125 0.028333
0 0.021875 0.235833 0.02 0.028333
0 0.09875 0.184583 0.01875 0.024167
0 0.1525 0.180833 0.0225 0.035
