0 0.967187 0.915833 0.013125 0.018333
0 0.929375 0.888333 0.01 0.016667
0 0.89375 0.884583 0.00875 0.014167
0 0.867812 0.851667 0.011875 0.016667
0 0.945 0.870833 0.0125 0.013333
0 0.974063 0.795 0.011875 0.015
0 0.94 0.67375 0.01125 0.0175
0 0.910625 0.644583 0.01375 0.015833
0 0.8375 0.648333 0.01125 0.016667
0 0.958438 0.584583 0.009375 0.0125
0 0.887813 0.4375 0.010625 0.015
0 0.913438 0.339583 0.010625 0.014167
0 0.817187 0.287083 0.011875 0.015833
0 0.844063 0.190833 0.011875 0.016667
0 0.894062 0.110417 0.010625 0.015833
0 0.80875 0.1625 0.00875 0.013333
0 0.76 0.014167 0.01 0.015
0 0.7275 0.175 0.01 0.013333
0 0.689688 0.209167 0.009375 0.015
0 0.70375 0.236667 0.0125 0.016667
0 0.774375 0.362083 0.00875 0.0125
0 0.721562 0.48 0.010625 0.015
0 0.845313 0.57125 0.009375 0.014167
0 0.700313 0.55125 0.008125 0.010833
0 0.785625 0.865417 0.0125 0.015833
0 0.78 0.99375 0.01 0.0125
0 0.759062 0.865 0.011875 0.015
0 0.6075 0.0375 0.00875 0.013333
0 0.568125 0.2175 0.01375 0.02
0 0.484687 0.157917 0.010625 0.015833
0 0.48125 0.130833 0.01125 0.015
0 0.566875 0.324583 0.01125 0.014167
0 0.551875 0.317083 0.01125 0.014167
0 0.686562 0.7675 0.010625 0.016667
0 0.667188 0.804583 0.010625 0.0175
0 0.699375 0.815417 0.01 0.015833
0 0.667188 0.697917 0.009375 0.0125
0 0.611563 0.97375 0.011875 0.015833
0 0.556875 0.87 0.0125 0.016667
0 0.510938 0.9575 0.011875 0.015
0 0.51875 0.797917 0.01 0.014167
0 0.535937 0.680833 0.010625 0.011667
0 0.542813 0.662917 0.011875 0.0175
0 0.496563 0.585417 0.010625 0.015833
0 0.51 0.57 0.01 0.013333
0 0.528438 0.535417 0.009375 0.015833
0 0.555312 0.382083 0.011875 0.015833
0 0.5425 0.399167 0.01125 0.013333
0 0.520312 0.495417 0.009375 0.0125
0 0.529375 0.46625 0.01 0.0125
0 0.511875 0.445833 0.01 0.015
0 0.480312 0.436667 0.013125 0.015
0 0.494063 0.29125 0.009375 0.014167
0 0.46 0.05875 0.01125 0.0175
0 0.371875 0.10875 0.01125 0.015833
0 0.098125 0.102083 0.0125 0.015833
0 0.110625 0.114583 0.01125 0.015833
0 0.126875 0.211667 0.0125 0.018333
0 0.065625 0.211667 0.01 0.016667
0 0.174063 0.236667 0.013125 0.016667
0 0.211562 0.29375 0.011875 0.015833
0 0.236563 0.169583 0.010625 0.0175
0 0.2925 0.177083 0.0125 0.0175
0 0.357187 0.160417 0.011875 0.0175
0 0.406875 0.194583 0.01125 0.0175
0 0.388125 0.29 0.01125 0.016667
0 0.43625 0.257083 0.01125 0.0175
0 0.470625 0.2475 0.01125 0.016667
0 0.321562 0.16125 0.010625 0.014167
0 0.273438 0.298333 0.011875 0.016667
0 0.290938 0.33 0.010625 0.018333
0 0.411562 0.40375 0.010625 0.0175
0 0.429688 0.306667 0.013125 0.018333
0 0.445625 0.2925 0.0075 0.015
0 0.0775 0.401667 0.0125 0.011667
0 0.1425 0.32125 0.0125 0.0175
0 0.003438 0.3625 0.005625 0.013333
0 0.0975 0.432083 0.01 0.015833
0 0.172813 0.4375 0.010625 0.015
0 0.155 0.476667 0.0125 0.013333
0 0.181875 0.49625 0.01125 0.015833
0 0.0125 0.730417 0.01125 0.0175
0 0.044687 0.781667 0.011875 0.016667
0 0.08625 0.913333 0.0125 0.023333
0 0.138437 0.995833 0.013125 0.008333
0 0.199375 0.89625 0.01375 0.015833
0 0.442188 0.879167 0.013125 0.015
0 0.365625 0.780833 0.01125 0.016667
0 0.322188 0.76 0.010625 0.015
0 0.306875 0.757083 0.0125 0.0175
0 0.347813 0.719167 0.013125 0.018333
0 0.183125 0.732083 0.0125 0.0175
0 0.179063 0.709583 0.011875 0.0175
0 0.24125 0.70875 0.01125 0.014167
0 0.227187 0.645833 0.011875 0.016667
0 0.13125 0.580417 0.01125 0.015833
0 0.109063 0.603333 0.011875 0.02
0 0.397813 0.687917 0.009375 0.0175
0 0.45375 0.514583 0.01125 0.0175
0 0.462187 0.608333 0.013125 0.016667
0 0.4075 0.504167 0.0125 0.018333
0 0.355938 0.47125 0.010625 0.0175
0 0.296563 0.480417 0.013125 0.0175
0 0.287813 0.456667 0.010625 0.015
0 0.177813 0.526667 0.010625 0.015
0 0.047813 0.380417 0.013125 0.019167
0 0.272813 0.44625 0.014375 0.015833
0 0.265937 0.624167 0.015625 0.023333
0 0.18625 0.575 0.0125 0.015
0 0.0775 0.458333 0.0125 0.018333
0 0.326875 0.9575 0.015 0.016667
0 0.14125 0.86125 0.0125 0.024167
