0 0.87625 0.874583 0.0125 0.0175
0 0.865313 0.862083 0.010625 0.015833
0 0.91375 0.841667 0.01125 0.02
0 0.956562 0.629167 0.010625 0.02
0 0.87125 0.462917 0.0075 0.0125
0 0.77375 0.439583 0.01125 0.014167
0 0.833438 0.420833 0.010625 0.015
0 0.824688 0.406667 0.013125 0.016667
0 0.810937 0.323333 0.011875 0.016667
0 0.784375 0.225 0.00875 0.015
0 0.649375 0.01375 0.01 0.0125
0 0.865 0.510417 0.0075 0.0125
0 0.692187 0.563333 0.011875 0.015
0 0.749375 0.609167 0.01 0.015
0 0.735 0.659583 0.01125 0.015833
0 0.751563 0.454167 0.009375 0.015
0 0.804688 0.52125 0.009375 0.0125
0 0.632812 0.40625 0.009375 0.0125
0 0.576562 0.37625 0.009375 0.014167
0 0.780625 0.723333 0.0125 0.015
0 0.714375 0.76875 0.01125 0.0175
0 0.754062 0.96625 0.008125 0.015833
0 0.699063 0.995 0.014375 0.01
0 0.739375 0.862917 0.01 0.019167
0 0.57375 0.892083 0.0125 0.019167
0 0.5625 0.88625 0.01125 0.0175
0 0.496563 0.729167 0.011875 0.016667
0 0.502188 0.6625 0.010625 0.015
0 0.448125 0.741667 0.01 0.015
0 0.460938 0.814167 0.008125 0.013333
0 0.28375 0.885 0.01125 0.015
0 0.660312 0.219167 0.013125 0.016667
0 0.593125 0.23375 0.01 0.015833
0 0.474375 0.172083 0.00875 0.0125
0 0.46375 0.1675 0.01 0.013333
0 0.500313 0.04125 0.010625 0.0175
0 0.48125 0.035 0.0125 0.015
0 0.41375 0.2825 0.01125 0.018333
0 0.367812 0.347083 0.011875 0.0175
0 0.388437 0.41 0.008125 0.011667
0 0.360625 0.632083 0.0125 0.0175
0 0.712187 0.702917 0.006875 0.0125
0 0.348125 0.683333 0.01 0.011667
0 0.10625 0.718333 0.01375 0.013333
0 0.116562 0.707083 0.010625 0.014167
0 0.115 0.648333 0.00875 0.013333
0 0.166875 0.730417 0.01625 0.019167
0 0.137813 0.565 0.011875 0.016667
0 0.127188 0.45375 0.013125 0.015833
0 0.192812 0.508333 0.013125 0.018333
0 0.29375 0.5525 0.0125 0.016667
0 0.004063 0.553333 0.006875 0.015
0 0.375 0.46875 0.01 0.014167
0 0.300312 0.422083 0.010625 0.019167
0 0.141875 0.33625 0.0125 0.014167
0 0.086563 0.10625 0.009375 0.010833
0 0.07375 0.104167 0.0075 0.011667
0 0.224375 0.075417 0.0125 0.0175
0 0.458437 0.287083 0.006875 0.014167
0 0.49375 0.1975 0.00875 0.013333
0 0.500938 0.20625 0.008125 0.010833
0 0.41 0.129583 0.0075 0.0125
0 0.686562 0.833333 0.009375 0.015
0 0.11375 0.935833 0.015 0.016667
0 0.114062 0.91875 0.014375 0.019167
