0 0.890625 0.982917 0.01375 0.015833
0 0.7825 0.994583 0.01125 0.010833
0 0.751563 0.936667 0.014375 0.018333
0 0.708125 0.92875 0.01375 0.0225
0 0.684688 0.895833 0.010625 0.015
0 0.633437 0.822083 0.011875 0.0125
0 0.869062 0.852917 0.010625 0.014167
0 0.984062 0.804583 0.015625 0.014167
0 0.95875 0.742917 0.0125 0.020833
0 0.88125 0.755417 0.01125 0.0175
0 0.735938 0.808333 0.011875 0.018333
0 0.675937 0.765 0.013125 0.016667
0 0.648125 0.75 0.01125 0.015
0 0.959375 0.684583 0.01 0.014167
0 0.927813 0.633333 0.015625 0.015
0 0.715313 0.633333 0.009375 0.013333
0 0.705625 0.62625 0.01 0.015833
0 0.70375 0.603333 0.0125 0.016667
0 0.746875 0.612917 0.01125 0.0175
0 0.807187 0.593333 0.011875 0.016667
0 0.826562 0.597917 0.013125 0.014167
0 0.827812 0.5825 0.011875 0.016667
0 0.954688 0.580833 0.010625 0.016667
0 0.985313 0.562917 0.009375 0.0175
0 0.862187 0.529583 0.011875 0.0175
0 0.810312 0.517083 0.013125 0.015833
0 0.926562 0.48 0.010625 0.016667
0 0.92125 0.490417 0.01 0.0125
0 0.898438 0.44875 0.011875 0.020833
0 0.854688 0.439583 0.010625 0.020833
0 0.900312 0.330833 0.008125 0.015
0 0.984375 0.2925 0.00875 0.013333
0 0.987812 0.24125 0.013125 0.019167
0 0.935937 0.243333 0.010625 0.013333
0 0.904062 0.215417 0.014375 0.019167
0 0.914375 0.089167 0.015 0.02
0 0.83375 0.039167 0.01125 0.018333
0 0.766875 0.072083 0.01125 0.015833
0 0.746563 0.233333 0.010625 0.016667
0 0.702187 0.205417 0.015625 0.0175
0 0.74375 0.265417 0.0125 0.015833
0 0.696875 0.35 0.0125 0.018333
0 0.73375 0.389583 0.01125 0.0175
0 0.665937 0.467917 0.013125 0.019167
0 0.62625 0.411667 0.01375 0.02
0 0.623437 0.35375 0.010625 0.0175
0 0.580937 0.24125 0.010625 0.0125
0 0.5775 0.2325 0.0125 0.018333
0 0.61875 0.4925 0.01125 0.015
0 0.653438 0.577917 0.011875 0.015833
0 0.624062 0.58 0.013125 0.018333
0 0.150938 0.989583 0.015625 0.020833
0 0.3275 0.9525 0.01375 0.018333
0 0.34875 0.966667 0.0125 0.018333
0 0.39125 0.982917 0.0075 0.0125
0 0.460313 0.995 0.010625 0.01
0 0.49625 0.965833 0.0125 0.018333
0 0.565 0.97625 0.01125 0.015833
0 0.542188 0.995833 0.013125 0.008333
0 0.58375 0.922083 0.01375 0.019167
0 0.587187 0.862083 0.009375 0.015833
0 0.543125 0.84875 0.01125 0.019167
0 0.366875 0.8775 0.0125 0.02
0 0.262813 0.867917 0.015625 0.020833
0 0.1925 0.893333 0.01375 0.018333
0 0.108125 0.8525 0.01375 0.018333
0 0.103438 0.8175 0.015625 0.016667
0 0.13875 0.835 0.01625 0.02
0 0.054062 0.69125 0.011875 0.0175
0 0.23 0.82125 0.01 0.014167
0 0.231875 0.7475 0.0125 0.018333
0 0.271875 0.700833 0.0125 0.015
0 0.3275 0.69875 0.0125 0.015833
0 0.313437 0.68125 0.009375 0.019167
0 0.305625 0.637083 0.0125 0.019167
0 0.395313 0.83125 0.013125 0.019167
0 0.466562 0.765 0.014375 0.015
0 0.531875 0.740417 0.0125 0.0175
0 0.5575 0.729583 0.01125 0.0175
0 0.536875 0.710833 0.015 0.015
0 0.534375 0.68625 0.01 0.019167
0 0.414687 0.705417 0.011875 0.0125
0 0.464375 0.664583 0.01125 0.019167
0 0.478438 0.66875 0.009375 0.014167
0 0.512188 0.6675 0.011875 0.013333
0 0.469375 0.634583 0.0125 0.0175
0 0.489687 0.612083 0.009375 0.015833
0 0.454688 0.579167 0.009375 0.018333
0 0.441875 0.5575 0.01 0.015
0 0.427187 0.562083 0.009375 0.015833
0 0.339062 0.626667 0.010625 0.02
0 0.250625 0.549167 0.0125 0.016667
0 0.164375 0.55 0.0125 0.013333
0 0.15125 0.5425 0.01375 0.013333
0 0.002188 0.52375 0.003125 0.015833
0 0.002188 0.47 0.003125 0.011667
0 0.14625 0.502083 0.01375 0.0175
0 0.17125 0.4525 0.01375 0.018333
0 0.26375 0.45875 0.0125 0.014167
0 0.340938 0.447083 0.011875 0.019167
0 0.346875 0.4375 0.0125 0.011667
0 0.35375 0.452083 0.01125 0.0175
0 0.438125 0.43625 0.0125 0.015833
0 0.51875 0.372083 0.01125 0.014167
0 0.07375 0.389167 0.01 0.018333
0 0.089375 0.38625 0.0125 0.0175
0 0.044375 0.27125 0.01 0.014167
0 0.080625 0.171667 0.01375 0.018333
0 0.094062 0.188333 0.011875 0.015
0 0.156875 0.225417 0.01125 0.0175
0 0.1825 0.16125 0.0125 0.0175
0 0.16 0.129583 0.01125 0.0175
0 0.207813 0.02875 0.010625 0.015833
0 0.235 0.057917 0.0125 0.019167
0 0.240937 0.073333 0.010625 0.013333
0 0.209063 0.05875 0.013125 0.0175
0 0.305625 0.04125 0.01375 0.019167
0 0.28125 0.095 0.01 0.016667
0 0.234063 0.218333 0.013125 0.015
0 0.311875 0.15875 0.0125 0.015833
0 0.37 0.091667 0.01125 0.015
0 0.358125 0.0775 0.01 0.016667
0 0.36875 0.073333 0.01125 0.018333
0 0.494688 0.097917 0.006875 0.014167
0 0.4875 0.094583 0.00875 0.015833
0 0.491875 0.021667 0.01125 0.015
0 0.5125 0.02125 0.01375 0.015833
0 0.614062 0.03375 0.011875 0.0175
0 0.5975 0.007083 0.0125 0.0125
0 0.445 0.2075 0.015 0.018333
0 0.497812 0.277917 0.010625 0.014167
0 0.374063 0.31875 0.013125 0.019167
0 0.294687 0.33 0.013125 0.018333
0 0.285938 0.353333 0.013125 0.021667
0 0.260625 0.335 0.0125 0.015
0 0.25125 0.325 0.01375 0.015
0 0.677813 0.715 0.013125 0.016667
