0 0.425312 0.007083 0.015625 0.0125
0 0.271562 0.1325 0.013125 0.016667
0 0.370625 0.205 0.0175 0.025
0 0.381563 0.224167 0.021875 0.02
0 0.330313 0.246667 0.014375 0.016667
0 0.280938 0.269167 0.018125 0.028333
0 0.080625 0.474583 0.01625 0.024167
0 0.212188 0.644167 0.014375 0.021667
0 0.175313 0.954167 0.019375 0.025
0 0.1875 0.967917 0.02 0.029167
0 0.250625 0.982083 0.0175 0.024167
0 0.512188 0.873333 0.016875 0.02
0 0.527813 0.805417 0.014375 0.019167
0 0.474687 0.932083 0.018125 0.025833
0 0.435937 0.862083 0.016875 0.019167
0 0.31375 0.578333 0.01375 0.018333
0 0.36125 0.629167 0.0125 0.016667
0 0.489063 0.270833 0.023125 0.026667
0 0.495 0.355833 0.015 0.02
0 0.523438 0.44375 0.013125 0.019167
0 0.2575 0.898333 0.02125 0.028333
0 0.739062 0.817083 0.013125 0.0175
0 0.55875 0.657917 0.01125 0.015833
0 0.545 0.664167 0.015 0.02
0 0.892188 0.709583 0.014375 0.019167
0 0.885312 0.695 0.014375 0.018333
0 0.965625 0.647083 0.01625 0.0225
0 0.770312 0.665417 0.018125 0.024167
0 0.6875 0.585 0.02 0.028333
0 0.898125 0.56875 0.015 0.019167
0 0.793125 0.438333 0.01375 0.016667
0 0.704688 0.389167 0.019375 0.025
0 0.746563 0.39875 0.014375 0.019167
0 0.773438 0.360417 0.013125 0.0175
0 0.947187 0.501667 0.011875 0.013333
0 0.9225 0.338333 0.01375 0.016667
0 0.883125 0.278333 0.01625 0.02
0 0.892188 0.08625 0.014375 0.020833
