0 0.845938 0.838333 0.011875 0.015
0 0.911563 0.836667 0.011875 0.015
0 0.873437 0.807083 0.011875 0.014167
0 0.827187 0.772917 0.011875 0.0125
0 0.820312 0.762917 0.009375 0.015833
0 0.815937 0.750417 0.008125 0.0125
0 0.921875 0.735417 0.01 0.0175
0 0.876563 0.714167 0.011875 0.016667
0 0.89625 0.672917 0.0125 0.015833
0 0.84375 0.645 0.0125 0.018333
0 0.824688 0.620833 0.013125 0.015
0 0.832812 0.935 0.010625 0.011667
0 0.895938 0.9 0.011875 0.018333
0 0.754687 0.894583 0.009375 0.014167
0 0.711875 0.902917 0.01 0.014167
0 0.704688 0.842917 0.010625 0.0175
0 0.715938 0.737083 0.011875 0.0225
0 0.640312 0.849583 0.009375 0.014167
0 0.6325 0.85625 0.01 0.015833
0 0.635312 0.929167 0.009375 0.015
0 0.591875 0.914583 0.01125 0.015833
0 0.527188 0.905 0.011875 0.016667
0 0.537188 0.852083 0.015625 0.019167
0 0.776563 0.63125 0.011875 0.015833
0 0.70875 0.652083 0.0125 0.015833
0 0.688438 0.667917 0.011875 0.0125
0 0.67625 0.64625 0.00875 0.014167
0 0.665 0.597917 0.01375 0.0175
0 0.716562 0.5875 0.011875 0.016667
0 0.736875 0.613333 0.01125 0.016667
0 0.852187 0.524583 0.009375 0.019167
0 0.945625 0.499583 0.01125 0.015833
0 0.91 0.475 0.01 0.013333
0 0.87 0.466667 0.01125 0.015
0 0.857187 0.470417 0.009375 0.014167
0 0.841562 0.484583 0.008125 0.015833
0 0.834375 0.495 0.01 0.013333
0 0.829688 0.481667 0.010625 0.013333
0 0.936562 0.427917 0.011875 0.014167
0 0.925937 0.41 0.014375 0.016667
0 0.942187 0.407083 0.011875 0.015833
0 0.915625 0.38375 0.01375 0.019167
0 0.929688 0.37875 0.010625 0.014167
0 0.909375 0.34375 0.01125 0.0175
0 0.949375 0.273333 0.0125 0.016667
0 0.907188 0.147917 0.013125 0.0175
0 0.851875 0.065 0.0125 0.015
0 0.784062 0.069167 0.011875 0.015
0 0.726562 0.05625 0.014375 0.014167
0 0.695937 0.0575 0.013125 0.016667
0 0.695625 0.13875 0.01125 0.014167
0 0.739688 0.15875 0.011875 0.015833
0 0.64125 0.173333 0.01375 0.015
0 0.682813 0.22875 0.011875 0.0175
0 0.72 0.245833 0.01375 0.016667
0 0.716875 0.2625 0.01125 0.016667
0 0.766563 0.294583 0.011875 0.019167
0 0.776875 0.352917 0.01 0.015833
0 0.786563 0.35125 0.009375 0.015833
0 0.783125 0.370417 0.00875 0.014167
0 0.794063 0.378333 0.010625 0.015
0 0.8375 0.34375 0.01125 0.014167
0 0.84125 0.375833 0.01 0.018333
0 0.830313 0.386667 0.010625 0.013333
0 0.803125 0.23 0.01125 0.016667
0 0.796562 0.255833 0.011875 0.016667
0 0.7875 0.430417 0.0125 0.014167
0 0.679688 0.5275 0.009375 0.013333
0 0.66375 0.45875 0.01125 0.014167
0 0.446875 0.993333 0.01125 0.013333
0 0.431563 0.99 0.011875 0.016667
0 0.65375 0.982083 0.0125 0.015833
0 0.592187 0.732083 0.014375 0.015833
0 0.5325 0.748333 0.01125 0.018333
0 0.507812 0.72375 0.013125 0.0175
0 0.470625 0.66375 0.01125 0.014167
0 0.541562 0.593333 0.011875 0.016667
0 0.594688 0.575833 0.011875 0.015
0 0.518125 0.540417 0.01125 0.014167
0 0.601562 0.6225 0.013125 0.015
0 0.489687 0.823333 0.008125 0.013333
0 0.455937 0.8725 0.011875 0.016667
0 0.429063 0.89125 0.011875 0.019167
0 0.475938 0.925833 0.010625 0.016667
0 0.400938 0.962083 0.010625 0.014167
0 0.361563 0.978333 0.011875 0.016667
0 0.359063 0.915417 0.010625 0.0175
0 0.347813 0.8925 0.011875 0.013333
0 0.348125 0.882083 0.0075 0.0075
0 0.39375 0.91375 0.0125 0.0175
0 0.360312 0.862917 0.011875 0.015833
0 0.325937 0.840417 0.011875 0.0175
0 0.314375 0.923333 0.01375 0.015
0 0.29 0.98625 0.01125 0.015833
0 0.422812 0.747917 0.010625 0.019167
0 0.396875 0.585833 0.00875 0.013333
0 0.328125 0.494167 0.0125 0.016667
0 0.393437 0.487083 0.010625 0.014167
0 0.475938 0.515833 0.013125 0.018333
0 0.485312 0.504583 0.013125 0.014167
0 0.496875 0.525833 0.01125 0.016667
0 0.52625 0.526667 0.01 0.013333
0 0.534375 0.515833 0.01 0.015
0 0.537813 0.50375 0.010625 0.010833
0 0.5175 0.477917 0.01375 0.0175
0 0.640312 0.385 0.013125 0.016667
0 0.577187 0.450833 0.013125 0.018333
0 0.5275 0.450417 0.0125 0.015833
0 0.520312 0.411667 0.013125 0.015
0 0.55625 0.400833 0.01125 0.016667
0 0.5375 0.374167 0.01125 0.018333
0 0.525 0.353333 0.01125 0.015
0 0.495312 0.369167 0.010625 0.018333
0 0.450937 0.4075 0.013125 0.018333
0 0.433437 0.406667 0.011875 0.016667
0 0.405313 0.454167 0.013125 0.015
0 0.350625 0.494167 0.01 0.013333
0 0.347813 0.80625 0.008125 0.0125
0 0.37625 0.32875 0.01125 0.014167
0 0.482187 0.357083 0.009375 0.014167
0 0.626875 0.3425 0.01125 0.015
0 0.484375 0.243333 0.0125 0.016667
0 0.501563 0.195417 0.009375 0.015833
0 0.51 0.184167 0.01 0.015
0 0.562187 0.199583 0.010625 0.0175
0 0.7275 0.01 0.00875 0.013333
0 0.650312 0.0725 0.011875 0.018333
0 0.565312 0.04 0.011875 0.018333
0 0.535937 0.046667 0.014375 0.016667
0 0.468438 0.022917 0.011875 0.0175
0 0.476875 0.053333 0.015 0.02
0 0.512188 0.107083 0.010625 0.019167
0 0.427812 0.092083 0.013125 0.015833
0 0.640312 0.006667 0.011875 0.011667
0 0.455625 0.02125 0.01125 0.019167
0 0.38625 0.045 0.01375 0.016667
0 0.427187 0.1425 0.014375 0.018333
0 0.4375 0.18625 0.01375 0.0175
0 0.412813 0.19375 0.011875 0.0175
0 0.331562 0.120833 0.011875 0.015
0 0.34625 0.1075 0.01125 0.013333
0 0.2975 0.090417 0.0125 0.014167
0 0.32375 0.187917 0.01125 0.015833
0 0.372188 0.213333 0.013125 0.021667
0 0.291563 0.282917 0.011875 0.014167
0 0.269688 0.22875 0.009375 0.0175
0 0.275938 0.3 0.010625 0.015
0 0.462187 0.277083 0.011875 0.0125
0 0.442188 0.130833 0.013125 0.016667
0 0.208125 0.939167 0.01375 0.013333
0 0.183125 0.929583 0.01125 0.0125
0 0.21 0.9175 0.01 0.015
0 0.230625 0.899167 0.01375 0.015
0 0.201563 0.98875 0.010625 0.015833
0 0.164687 0.839167 0.009375 0.013333
0 0.272813 0.798333 0.013125 0.018333
0 0.270313 0.75375 0.010625 0.019167
0 0.249375 0.737083 0.0125 0.0175
0 0.175 0.7075 0.01125 0.015
0 0.157812 0.697917 0.010625 0.015833
0 0.104063 0.748333 0.013125 0.018333
0 0.117188 0.706667 0.009375 0.016667
0 0.12875 0.68375 0.01125 0.019167
0 0.117188 0.675 0.011875 0.013333
0 0.226562 0.649583 0.010625 0.014167
0 0.215938 0.640417 0.010625 0.015833
0 0.166563 0.62 0.011875 0.016667
0 0.127812 0.595417 0.011875 0.014167
0 0.164375 0.580417 0.01125 0.019167
0 0.177813 0.50125 0.013125 0.015833
0 0.181875 0.46 0.01 0.015
0 0.14625 0.419583 0.0125 0.0125
0 0.145 0.405 0.01375 0.013333
0 0.072188 0.445417 0.010625 0.014167
0 0.063437 0.41125 0.011875 0.0175
0 0.05625 0.355 0.0125 0.018333
0 0.107188 0.249583 0.014375 0.0175
0 0.200625 0.278333 0.01 0.013333
0 0.237187 0.302917 0.013125 0.0175
0 0.254375 0.29125 0.01125 0.015833
0 0.24625 0.270833 0.01 0.013333
0 0.207187 0.241667 0.010625 0.013333
0 0.187188 0.195417 0.010625 0.0125
0 0.241875 0.155417 0.01125 0.019167
0 0.220312 0.104583 0.010625 0.014167
0 0.389688 0.245417 0.010625 0.0175
0 0.695937 0.886667 0.010625 0.013333
0 0.468438 0.844167 0.009375 0.01
0 0.469375 0.835833 0.01125 0.011667
0 0.539687 0.293333 0.013125 0.015
0 0.55 0.30875 0.0125 0.0125
0 0.615 0.369167 0.0075 0.011667
0 0.282813 0.68625 0.009375 0.0125
0 0.383125 0.713333 0.0125 0.016667
0 0.566562 0.695 0.010625 0.015
0 0.420625 0.55 0.01375 0.016667
0 0.427812 0.425833 0.011875 0.015
