0 0.199375 0.1125 0.02125 0.026667
0 0.146563 0.185 0.025625 0.028333
0 0.256563 0.151667 0.019375 0.021667
0 0.219688 0.269583 0.019375 0.0275
0 0.090938 0.398333 0.018125 0.026667
0 0.148125 0.649167 0.0225 0.031667
0 0.242188 0.67375 0.019375 0.025833
0 0.257188 0.6275 0.018125 0.028333
0 0.300312 0.571667 0.018125 0.025
0 0.335625 0.531667 0.01875 0.023333
0 0.304688 0.211667 0.014375 0.02
0 0.4925 0.152917 0.01375 0.019167
0 0.542188 0.287917 0.016875 0.024167
0 0.563125 0.295 0.01375 0.02
0 0.367188 0.1425 0.025625 0.031667
0 0.742188 0.359583 0.021875 0.0275
0 0.838125 0.3425 0.0175 0.025
0 0.745938 0.4925 0.015625 0.021667
0 0.956562 0.04625 0.025625 0.0375
0 0.768125 0.643333 0.01625 0.026667
0 0.624375 0.812917 0.01875 0.024167
0 0.395 0.981667 0.02125 0.028333
0 0.609062 0.89875 0.016875 0.024167
0 0.8525 0.858333 0.0175 0.025
0 0.823125 0.989583 0.02 0.020833
0 0.90125 0.992917 0.01625 0.014167
