0 0.1475 0.316667 0.02375 0.031667
0 0.211875 0.46 0.0225 0.033333
0 0.166563 0.60625 0.023125 0.034167
0 0.34125 0.66125 0.0225 0.0325
0 0.348125 0.47625 0.02625 0.039167
0 0.473438 0.405417 0.023125 0.035833
0 0.330313 0.085833 0.024375 0.03
0 0.31875 0.01125 0.02375 0.020833
0 0.45 0.102083 0.025 0.025833
0 0.506563 0.250833 0.018125 0.025
0 0.619687 0.2275 0.023125 0.026667
0 0.614688 0.20625 0.015625 0.024167
0 0.636563 0.1825 0.025625 0.028333
0 0.553125 0.594583 0.02625 0.0375
0 0.625 0.745 0.0275 0.03
0 0.909375 0.536667 0.02125 0.028333
0 0.920312 0.659583 0.028125 0.035833
