0 0.123438 0.145417 0.026875 0.0375
0 0.1575 0.16625 0.02375 0.030833
0 0.1775 0.1225 0.02125 0.031667
0 0.253125 0.4275 0.02125 0.03
0 0.039375 0.85 0.03375 0.036667
0 0.232813 0.6275 0.024375 0.035
0 0.2975 0.419583 0.02625 0.0325
0 0.354063 0.368333 0.024375 0.033333
0 0.375937 0.390833 0.023125 0.035
0 0.409687 0.581667 0.025625 0.031667
0 0.679063 0.703333 0.023125 0.033333
0 0.825313 0.865833 0.029375 0.038333
0 0.5875 0.316667 0.025 0.03
0 0.599688 0.19375 0.026875 0.034167
0 0.5775 0.1525 0.02125 0.026667
0 0.684375 0.283333 0.02375 0.026667
0 0.720625 0.53125 0.01875 0.025833
0 0.922813 0.359583 0.023125 0.0325
0 0.93 0.094167 0.02125 0.031667
