0 0.899062 0.1975 0.011875 0.016667
0 0.94625 0.25375 0.0075 0.0125
0 0.909375 0.249167 0.01 0.013333
0 0.923125 0.268333 0.0075 0.011667
0 0.95125 0.337917 0.00875 0.014167
0 0.838437 0.225 0.009375 0.013333
0 0.840625 0.179583 0.01125 0.014167
0 0.829688 0.1775 0.010625 0.015
0 0.887188 0.164583 0.009375 0.010833
0 0.81 0.049583 0.01125 0.015833
0 0.771875 0.105 0.0075 0.01
0 0.76625 0.115 0.01125 0.013333
0 0.764375 0.082917 0.01 0.0125
0 0.760625 0.05 0.01125 0.013333
0 0.753437 0.009167 0.011875 0.015
0 0.748437 0.077917 0.010625 0.014167
0 0.718437 0.107083 0.013125 0.014167
0 0.706875 0.1175 0.0125 0.016667
0 0.729375 0.126667 0.01125 0.011667
0 0.75 0.142083 0.0125 0.014167
0 0.759375 0.128333 0.01 0.011667
0 0.683438 0.01125 0.013125 0.019167
0 0.664687 0.00875 0.013125 0.015833
0 0.773438 0.195 0.011875 0.016667
0 0.775937 0.2875 0.013125 0.016667
0 0.823438 0.33625 0.013125 0.015833
0 0.763437 0.355417 0.010625 0.015833
0 0.739375 0.3275 0.0125 0.016667
0 0.650312 0.346667 0.010625 0.016667
0 0.929688 0.48625 0.010625 0.014167
0 0.865625 0.459583 0.01 0.010833
0 0.872812 0.453333 0.008125 0.011667
0 0.937187 0.443333 0.008125 0.013333
0 0.94625 0.502917 0.00875 0.0125
0 0.969688 0.5275 0.011875 0.015
0 0.866875 0.532083 0.00875 0.0125
0 0.824375 0.5175 0.01 0.013333
0 0.767188 0.450417 0.011875 0.014167
0 0.759062 0.507083 0.011875 0.015833
0 0.7225 0.427083 0.01 0.0125
0 0.699375 0.436667 0.01 0.013333
0 0.687187 0.474583 0.009375 0.014167
0 0.708438 0.528333 0.010625 0.015
0 0.660625 0.495833 0.01 0.015
0 0.651875 0.15375 0.0125 0.015833
0 0.629687 0.195833 0.008125 0.011667
0 0.7025 0.2675 0.01 0.013333
0 0.615313 0.316667 0.011875 0.016667
0 0.660937 0.02625 0.008125 0.014167
0 0.63875 0.055 0.01125 0.018333
0 0.624062 0.088333 0.008125 0.013333
0 0.58375 0.097083 0.01125 0.0125
0 0.886563 0.582917 0.009375 0.015833
0 0.840938 0.611667 0.009375 0.013333
0 0.915625 0.648333 0.01 0.013333
0 0.92375 0.645833 0.01 0.016667
0 0.937813 0.646667 0.013125 0.016667
0 0.946875 0.718333 0.01125 0.015
0 0.768125 0.699583 0.01125 0.014167
0 0.745938 0.605 0.009375 0.013333
0 0.681875 0.667917 0.01 0.0125
0 0.639375 0.750833 0.01125 0.015
0 0.616875 0.724583 0.0125 0.015833
0 0.596562 0.711667 0.010625 0.013333
0 0.590938 0.697917 0.010625 0.014167
0 0.582187 0.6825 0.010625 0.013333
0 0.588125 0.669583 0.01125 0.0125
0 0.627812 0.637083 0.011875 0.015833
0 0.615625 0.635833 0.01 0.011667
0 0.607812 0.62875 0.009375 0.010833
0 0.6625 0.59125 0.0125 0.014167
0 0.633437 0.564167 0.010625 0.015
0 0.595625 0.581667 0.01 0.011667
0 0.880938 0.720833 0.010625 0.016667
0 0.886875 0.694167 0.00875 0.015
0 0.86375 0.78625 0.01 0.0125
0 0.837812 0.791667 0.011875 0.011667
0 0.880625 0.817083 0.00875 0.014167
0 0.851875 0.825417 0.00875 0.0125
0 0.82125 0.830417 0.01 0.0125
0 0.853125 0.8775 0.01125 0.018333
0 0.889687 0.914167 0.013125 0.016667
0 0.819375 0.896667 0.01375 0.018333
0 0.815 0.872083 0.00875 0.0125
0 0.806562 0.87 0.009375 0.016667
0 0.773438 0.8625 0.008125 0.013333
0 0.763437 0.843333 0.009375 0.015
0 0.734375 0.861667 0.01 0.013333
0 0.72375 0.845833 0.01 0.013333
0 0.742188 0.81375 0.011875 0.015833
0 0.756563 0.78125 0.011875 0.015833
0 0.846875 0.95 0.01125 0.013333
0 0.764375 0.967083 0.01 0.015833
0 0.725 0.946667 0.0125 0.016667
0 0.695937 0.919167 0.011875 0.013333
0 0.691562 0.927917 0.009375 0.010833
0 0.58875 0.995417 0.01125 0.009167
0 0.636875 0.849167 0.01625 0.016667
0 0.639062 0.809167 0.010625 0.015
0 0.66625 0.814583 0.00875 0.015833
0 0.672813 0.801667 0.009375 0.013333
0 0.6875 0.786667 0.01125 0.016667
0 0.56 0.097917 0.01125 0.014167
0 0.551562 0.175833 0.009375 0.013333
0 0.513437 0.289583 0.010625 0.014167
0 0.457813 0.25375 0.010625 0.014167
0 0.448125 0.245417 0.0125 0.014167
0 0.399375 0.183333 0.01125 0.018333
0 0.413438 0.065 0.009375 0.015
0 0.38 0.02125 0.01125 0.014167
0 0.375937 0.0075 0.010625 0.013333
0 0.409687 0.105417 0.011875 0.014167
0 0.39875 0.224583 0.01 0.015833
0 0.361563 0.202917 0.010625 0.0125
0 0.349687 0.27875 0.013125 0.014167
0 0.359375 0.29125 0.01125 0.015833
0 0.350625 0.309167 0.0125 0.013333
0 0.339062 0.352083 0.010625 0.015833
0 0.390313 0.30125 0.014375 0.0125
0 0.408125 0.310417 0.01125 0.010833
0 0.482187 0.34125 0.011875 0.015833
0 0.5025 0.357917 0.01125 0.015833
0 0.505938 0.402083 0.011875 0.014167
0 0.57875 0.41 0.00875 0.011667
0 0.62625 0.515833 0.00875 0.011667
0 0.593437 0.5175 0.009375 0.013333
0 0.580625 0.497083 0.01 0.014167
0 0.581562 0.48375 0.008125 0.010833
0 0.593437 0.467917 0.009375 0.014167
0 0.5675 0.909583 0.01 0.014167
0 0.56375 0.799583 0.015 0.015833
0 0.558125 0.782917 0.01 0.0125
0 0.520312 0.802083 0.010625 0.014167
0 0.499063 0.957083 0.009375 0.010833
0 0.460313 0.88375 0.011875 0.0175
0 0.474062 0.852083 0.009375 0.015833
0 0.453125 0.839167 0.01 0.015
0 0.41625 0.991667 0.01 0.011667
0 0.34375 0.993333 0.01 0.013333
0 0.365 0.964167 0.01 0.015
0 0.342187 0.93375 0.009375 0.0125
0 0.385 0.88375 0.0125 0.014167
0 0.385937 0.862917 0.010625 0.014167
0 0.402813 0.81625 0.010625 0.014167
0 0.423438 0.79 0.008125 0.015
0 0.5025 0.6425 0.0125 0.015
0 0.525625 0.59 0.0125 0.013333
0 0.546562 0.524583 0.010625 0.014167
0 0.464375 0.5025 0.0125 0.016667
0 0.398125 0.442083 0.01125 0.014167
0 0.444375 0.517917 0.01 0.014167
0 0.417187 0.53 0.009375 0.013333
0 0.442188 0.540417 0.013125 0.014167
0 0.435 0.589583 0.01125 0.0125
0 0.424375 0.607917 0.01 0.014167
0 0.399375 0.620417 0.00875 0.0125
0 0.35 0.55 0.01 0.013333
0 0.34125 0.47875 0.01 0.014167
0 0.290625 0.49625 0.01 0.014167
0 0.288438 0.565 0.009375 0.015
0 0.30625 0.63 0.01125 0.013333
0 0.432188 0.670833 0.010625 0.015
0 0.351562 0.689167 0.010625 0.013333
0 0.304063 0.0475 0.010625 0.013333
0 0.298125 0.012917 0.01 0.0175
0 0.245625 0.055833 0.00875 0.015
0 0.205625 0.10875 0.01125 0.014167
0 0.179063 0.079583 0.010625 0.015833
0 0.205625 0.18125 0.01125 0.014167
0 0.198125 0.263333 0.01125 0.015
0 0.274687 0.26875 0.010625 0.014167
0 0.253437 0.295 0.010625 0.013333
0 0.241875 0.325 0.01125 0.016667
0 0.013125 0.394583 0.00875 0.0125
0 0.058438 0.38375 0.006875 0.010833
0 0.067812 0.38625 0.009375 0.0125
0 0.145313 0.423333 0.009375 0.011667
0 0.22625 0.402083 0.0125 0.014167
0 0.255 0.400833 0.01 0.013333
0 0.246875 0.452917 0.0125 0.014167
0 0.141563 0.507917 0.008125 0.010833
0 0.109687 0.493333 0.011875 0.013333
0 0.083437 0.523333 0.009375 0.013333
0 0.0875 0.535 0.01 0.013333
0 0.098125 0.57875 0.0075 0.0125
0 0.094062 0.604167 0.008125 0.011667
0 0.071563 0.637083 0.010625 0.0125
0 0.086563 0.6575 0.011875 0.013333
0 0.118125 0.641667 0.01 0.015
0 0.092188 0.667917 0.008125 0.009167
0 0.088125 0.708333 0.01 0.013333
0 0.151875 0.705833 0.00875 0.015
0 0.175625 0.674583 0.0125 0.019167
0 0.178437 0.719583 0.010625 0.0125
0 0.175 0.799167 0.01125 0.015
0 0.172187 0.820833 0.013125 0.016667
0 0.19625 0.8825 0.00875 0.013333
0 0.125312 0.909583 0.009375 0.014167
0 0.286562 0.960417 0.011875 0.015833
0 0.189062 0.970833 0.009375 0.015
0 0.200313 0.989583 0.009375 0.0125
0 0.206875 0.784583 0.01 0.0125
0 0.229375 0.809167 0.0125 0.015
0 0.252188 0.7575 0.009375 0.011667
0 0.2625 0.776667 0.01125 0.013333
0 0.288438 0.772083 0.008125 0.010833
0 0.253437 0.706667 0.013125 0.013333
0 0.292812 0.699583 0.010625 0.014167
0 0.302812 0.674583 0.010625 0.014167
0 0.269375 0.629167 0.0125 0.015
0 0.309063 0.595833 0.010625 0.013333
0 0.226562 0.585417 0.009375 0.0125
0 0.189062 0.62875 0.011875 0.014167
0 0.055625 0.297083 0.01 0.014167
0 0.0275 0.361667 0.01375 0.016667
0 0.019375 0.640833 0.01 0.013333
0 0.096562 0.825833 0.010625 0.013333
0 0.558125 0.441667 0.01 0.011667
0 0.509375 0.5075 0.00625 0.01
0 0.452188 0.772917 0.008125 0.010833
0 0.514375 0.99 0.0075 0.01
0 0.270625 0.99625 0.01 0.0075
0 0.134375 0.829167 0.0075 0.011667
0 0.31125 0.495 0.00875 0.01
0 0.487187 0.47875 0.008125 0.010833
0 0.328125 0.854167 0.00875 0.013333
0 0.133437 0.72125 0.010625 0.0125
0 0.304063 0.6425 0.009375 0.011667
0 0.69125 0.49125 0.0075 0.0125
0 0.388125 0.160417 0.00875 0.010833
