0 0.264062 0.084167 0.019375 0.028333
0 0.21375 0.135833 0.0225 0.028333
0 0.1425 0.16625 0.01625 0.0275
0 0.275 0.266667 0.0175 0.026667
0 0.012812 0.616667 0.019375 0.026667
0 0.05375 0.778333 0.02875 0.035
0 0.025 0.858333 0.01875 0.03
0 0.173125 0.800417 0.0225 0.030833
0 0.19375 0.73125 0.0175 0.0225
0 0.25 0.68125 0.02125 0.025833
0 0.457813 0.919583 0.015625 0.029167
0 0.54375 0.854167 0.02 0.025
0 0.570625 0.757083 0.02 0.025833
0 0.633437 0.7475 0.021875 0.028333
0 0.726875 0.89625 0.025 0.030833
0 0.714063 0.926667 0.021875 0.031667
0 0.886875 0.918333 0.03 0.036667
0 0.901875 0.899583 0.01875 0.025833
0 0.985625 0.79125 0.01875 0.0275
0 0.32875 0.422083 0.01875 0.025833
0 0.45375 0.44375 0.02125 0.025833
0 0.6275 0.49125 0.0225 0.029167
0 0.69125 0.489167 0.0175 0.026667
0 0.754687 0.159167 0.020625 0.028333
0 0.693438 0.2625 0.026875 0.03
0 0.496563 0.083333 0.020625 0.026667
