0 0.89625 0.912083 0.0125 0.019167
0 0.953125 0.823333 0.01125 0.015
0 0.92625 0.806667 0.0125 0.015
0 0.975938 0.700833 0.011875 0.016667
0 0.915312 0.729167 0.013125 0.021667
0 0.826875 0.732917 0.00875 0.015833
0 0.67875 0.949167 0.01125 0.015
0 0.695937 0.910833 0.010625 0.013333
0 0.721875 0.887917 0.01375 0.0175
0 0.649687 0.904167 0.013125 0.015
0 0.643437 0.88875 0.009375 0.0125
0 0.741875 0.8225 0.0075 0.011667
0 0.70875 0.82 0.0125 0.016667
0 0.634375 0.847083 0.01125 0.014167
0 0.523438 0.935833 0.010625 0.015
0 0.329375 0.995 0.00875 0.01
0 0.249062 0.98875 0.009375 0.014167
0 0.282187 0.925833 0.013125 0.013333
0 0.336875 0.894583 0.0125 0.019167
0 0.349687 0.96625 0.009375 0.014167
0 0.166563 0.820417 0.009375 0.014167
0 0.015312 0.704167 0.009375 0.013333
0 0.090313 0.672083 0.008125 0.0125
0 0.113437 0.697917 0.010625 0.014167
0 0.139375 0.635 0.0125 0.016667
0 0.231875 0.75625 0.01 0.014167
0 0.34625 0.761667 0.01125 0.013333
0 0.313437 0.723333 0.010625 0.015
0 0.39875 0.733333 0.01125 0.015
0 0.42125 0.72875 0.01125 0.014167
0 0.702812 0.6325 0.010625 0.013333
0 0.674063 0.592917 0.010625 0.014167
0 0.590938 0.484583 0.008125 0.010833
0 0.58 0.48125 0.01 0.015833
0 0.266875 0.611667 0.01 0.015
0 0.306875 0.522917 0.00875 0.010833
0 0.186875 0.1675 0.01125 0.013333
0 0.207187 0.172083 0.011875 0.0175
0 0.333437 0.225833 0.009375 0.011667
0 0.1175 0.339583 0.01125 0.014167
0 0.055313 0.71875 0.011875 0.0175
0 0.216562 0.984583 0.014375 0.0175
0 0.593125 0.910833 0.0125 0.016667
0 0.737812 0.687083 0.010625 0.015833
0 0.972187 0.543333 0.009375 0.011667
0 0.910625 0.492917 0.01 0.0125
0 0.654375 0.565833 0.00875 0.013333
0 0.89875 0.439583 0.00875 0.0125
0 0.817187 0.452083 0.010625 0.014167
0 0.946875 0.313333 0.01375 0.013333
0 0.9475 0.152917 0.01125 0.014167
0 0.724063 0.2025 0.009375 0.011667
0 0.652813 0.091667 0.010625 0.013333
0 0.441875 0.49125 0.01125 0.015833
0 0.42125 0.484583 0.01 0.015833
0 0.394688 0.500417 0.011875 0.015833
0 0.34625 0.455833 0.01125 0.013333
0 0.34 0.442917 0.01 0.0125
0 0.185312 0.3475 0.014375 0.02
0 0.195 0.287917 0.0125 0.015833
0 0.270313 0.242917 0.011875 0.014167
0 0.314063 0.234583 0.010625 0.014167
0 0.071875 0.232917 0.01125 0.014167
0 0.177813 0.234167 0.013125 0.016667
0 0.329062 0.100417 0.010625 0.014167
0 0.338125 0.109167 0.01 0.016667
0 0.366875 0.143333 0.0125 0.015
0 0.37625 0.240417 0.0125 0.015833
0 0.286875 0.219167 0.00875 0.013333
0 0.3875 0.17875 0.0075 0.010833
0 0.455625 0.174167 0.0125 0.016667
0 0.498125 0.120417 0.01 0.015833
0 0.495937 0.062083 0.013125 0.0175
0 0.515938 0.130417 0.010625 0.015833
0 0.410938 0.387917 0.013125 0.0175
0 0.439688 0.53625 0.010625 0.014167
0 0.582812 0.417917 0.010625 0.014167
0 0.483125 0.533333 0.01 0.016667
0 0.02125 0.513333 0.01 0.015
0 0.011875 0.46625 0.01125 0.014167
0 0.055 0.765 0.0125 0.013333
0 0.776875 0.830833 0.01625 0.02
0 0.774062 0.518333 0.010625 0.015
0 0.614375 0.644583 0.01 0.014167
0 0.949375 0.205417 0.00875 0.014167
0 0.915 0.174583 0.01375 0.019167
0 0.57125 0.165833 0.01125 0.015
0 0.51875 0.379167 0.01125 0.016667
0 0.356875 0.3975 0.01125 0.016667
0 0.250625 0.44875 0.0125 0.010833
0 0.54625 0.085833 0.015 0.02
0 0.544063 0.105417 0.014375 0.015833
0 0.218125 0.809583 0.01125 0.010833
0 0.371875 0.608333 0.01125 0.018333
0 0.100625 0.214167 0.01375 0.016667
0 0.003125 0.632917 0.005 0.0175
0 0.93125 0.601667 0.01 0.013333
0 0.555937 0.4125 0.015625 0.018333
0 0.6925 0.434583 0.0125 0.0175
0 0.41375 0.74875 0.01125 0.015833
0 0.599063 0.961667 0.010625 0.015
