0 0.279375 0.03625 0.01875 0.0225
0 0.537188 0.14375 0.019375 0.0375
0 0.457813 0.173333 0.019375 0.028333
0 0.694375 0.16625 0.025 0.0275
0 0.579688 0.220833 0.018125 0.025
0 0.902813 0.244167 0.024375 0.035
0 0.913125 0.325 0.0225 0.028333
0 0.11375 0.5125 0.02375 0.025
0 0.168437 0.617917 0.023125 0.030833
0 0.2925 0.859167 0.02375 0.025
0 0.289062 0.837083 0.023125 0.024167
0 0.308125 0.729167 0.01875 0.026667
0 0.322813 0.710833 0.028125 0.043333
0 0.493125 0.69125 0.02375 0.035833
0 0.51875 0.69625 0.01625 0.020833
0 0.55875 0.70125 0.0175 0.0225
0 0.341562 0.6825 0.020625 0.026667
0 0.635312 0.67125 0.033125 0.049167
