0 0.8525 0.055417 0.01 0.0175
0 0.78375 0.049167 0.0125 0.016667
0 0.64125 0.083333 0.01125 0.018333
0 0.834688 0.007083 0.013125 0.0125
0 0.935625 0.16125 0.01125 0.015833
0 0.771875 0.34875 0.01125 0.019167
0 0.732187 0.335833 0.009375 0.015
0 0.778125 0.094167 0.01 0.011667
0 0.65125 0.180833 0.0125 0.015
0 0.807187 0.347083 0.010625 0.015833
0 0.916562 0.40125 0.013125 0.019167
0 0.965313 0.442917 0.011875 0.0175
0 0.821562 0.469583 0.013125 0.014167
0 0.9575 0.536667 0.0125 0.016667
0 0.860938 0.56125 0.010625 0.015833
0 0.834063 0.55125 0.009375 0.0125
0 0.818125 0.588333 0.01 0.013333
0 0.934375 0.605833 0.015 0.016667
0 0.984375 0.71125 0.01125 0.0175
0 0.932187 0.654583 0.013125 0.0125
0 0.889375 0.66125 0.015 0.015833
0 0.878437 0.77375 0.014375 0.0175
0 0.847812 0.931667 0.011875 0.016667
0 0.76125 0.81375 0.00875 0.010833
0 0.68 0.818333 0.0125 0.016667
0 0.714063 0.85125 0.010625 0.015833
0 0.929688 0.770417 0.008125 0.0125
0 0.75 0.620417 0.01 0.015833
0 0.838437 0.652917 0.011875 0.010833
0 0.619375 0.213333 0.01 0.015
0 0.620625 0.249167 0.01125 0.015
0 0.596875 0.280417 0.01125 0.014167
0 0.558125 0.23125 0.01 0.0125
0 0.5125 0.24625 0.0125 0.0175
0 0.509687 0.196667 0.011875 0.018333
0 0.498125 0.2175 0.0125 0.013333
0 0.535312 0.133333 0.009375 0.015
0 0.581562 0.411667 0.013125 0.016667
0 0.655625 0.469583 0.01125 0.014167
0 0.601562 0.542917 0.014375 0.015833
0 0.582187 0.455 0.009375 0.011667
0 0.50875 0.58125 0.01 0.010833
0 0.564688 0.636667 0.014375 0.016667
0 0.72625 0.62375 0.01 0.0125
0 0.73375 0.949583 0.0075 0.014167
0 0.695625 0.932917 0.01 0.010833
0 0.704063 0.926667 0.009375 0.01
0 0.68 0.9225 0.00875 0.01
0 0.64375 0.9475 0.01125 0.016667
0 0.6225 0.944583 0.01125 0.015833
0 0.620938 0.870417 0.010625 0.015833
0 0.6325 0.765417 0.01125 0.015833
0 0.596875 0.75625 0.01 0.014167
0 0.72 0.9875 0.01 0.013333
0 0.893125 0.963333 0.01 0.018333
0 0.590625 0.969583 0.01125 0.014167
0 0.555625 0.995 0.0125 0.01
0 0.586875 0.99125 0.01125 0.015833
0 0.571562 0.95375 0.010625 0.015833
0 0.701562 0.217083 0.010625 0.019167
0 0.767813 0.110417 0.014375 0.014167
0 0.732187 0.05125 0.013125 0.0175
0 0.784687 0.19875 0.010625 0.0175
0 0.308125 0.00875 0.01 0.014167
0 0.4275 0.060833 0.00875 0.013333
0 0.375 0.1125 0.0125 0.015
0 0.306563 0.134167 0.013125 0.018333
0 0.398438 0.18625 0.009375 0.0125
0 0.466875 0.210833 0.01125 0.016667
0 0.416875 0.299583 0.01125 0.015833
0 0.474687 0.35375 0.010625 0.014167
0 0.386875 0.404167 0.01125 0.015
0 0.395313 0.46625 0.009375 0.014167
0 0.330313 0.365 0.010625 0.016667
0 0.28 0.320833 0.01125 0.015
0 0.365 0.454167 0.00875 0.013333
0 0.392813 0.492917 0.006875 0.010833
0 0.333125 0.499167 0.01 0.015
0 0.289687 0.479583 0.011875 0.015833
0 0.44625 0.55125 0.01 0.0125
0 0.438437 0.50375 0.010625 0.0175
0 0.416875 0.615 0.01 0.013333
0 0.439063 0.666667 0.010625 0.013333
0 0.337187 0.6325 0.008125 0.011667
0 0.349687 0.652917 0.010625 0.010833
0 0.3625 0.652917 0.01125 0.014167
0 0.391875 0.665417 0.00875 0.0125
0 0.47125 0.91 0.01125 0.016667
0 0.375 0.716667 0.01 0.015
0 0.297812 0.828333 0.010625 0.016667
0 0.2925 0.766667 0.00875 0.013333
0 0.300938 0.971667 0.008125 0.013333
0 0.259688 0.992083 0.011875 0.015833
0 0.197187 0.913333 0.011875 0.013333
0 0.14375 0.94625 0.01 0.0125
0 0.125 0.875417 0.01 0.014167
0 0.185938 0.870833 0.013125 0.013333
0 0.220938 0.852083 0.006875 0.015833
0 0.21375 0.835833 0.0125 0.016667
0 0.213438 0.81125 0.011875 0.014167
0 0.263437 0.83 0.006875 0.013333
0 0.236875 0.774167 0.01125 0.015
0 0.2425 0.7475 0.0125 0.015
0 0.265937 0.712083 0.011875 0.014167
0 0.281875 0.7725 0.00875 0.015
0 0.467187 0.81625 0.010625 0.015833
0 0.480625 0.602083 0.01125 0.0125
0 0.29875 0.635833 0.01 0.015
0 0.310937 0.643333 0.008125 0.011667
0 0.224688 0.560833 0.010625 0.015
0 0.1275 0.632917 0.01125 0.015833
0 0.198437 0.488333 0.008125 0.01
0 0.158125 0.368333 0.00875 0.011667
0 0.195625 0.314167 0.0125 0.018333
0 0.174687 0.2025 0.011875 0.016667
0 0.170625 0.10625 0.01125 0.015833
0 0.110625 0.2425 0.01375 0.016667
0 0.100625 0.219167 0.01 0.016667
0 0.07 0.215417 0.01125 0.015833
0 0.024375 0.4025 0.0125 0.016667
0 0.05875 0.642917 0.01125 0.0175
0 0.203437 0.406667 0.006875 0.013333
0 0.635 0.490833 0.0075 0.011667
0 0.555937 0.510833 0.008125 0.011667
0 0.559063 0.342083 0.013125 0.019167
0 0.46625 0.444167 0.00875 0.016667
