0 0.185 0.705833 0.0075 0.011667
0 0.291875 0.892083 0.01375 0.019167
0 0.177813 0.842083 0.010625 0.014167
0 0.146563 0.8175 0.009375 0.011667
0 0.134375 0.806667 0.01 0.013333
0 0.045312 0.791667 0.010625 0.016667
0 0.092813 0.836667 0.010625 0.013333
0 0.229063 0.989583 0.009375 0.0125
0 0.087188 0.550417 0.011875 0.0175
0 0.0725 0.597083 0.01125 0.0175
0 0.070625 0.660417 0.01375 0.0175
0 0.016563 0.416667 0.013125 0.015
0 0.175625 0.252917 0.0125 0.014167
0 0.199375 0.2125 0.01125 0.02
0 0.201563 0.25125 0.010625 0.0175
0 0.220625 0.330417 0.0125 0.014167
0 0.252188 0.300833 0.011875 0.016667
0 0.315937 0.230833 0.018125 0.016667
0 0.2925 0.07375 0.01125 0.015833
0 0.384688 0.30375 0.013125 0.019167
0 0.498437 0.312917 0.010625 0.015833
0 0.315 0.59375 0.01 0.0125
0 0.375 0.452917 0.0125 0.019167
0 0.495937 0.426667 0.011875 0.016667
0 0.54375 0.5725 0.01 0.015
0 0.473438 0.707083 0.013125 0.019167
0 0.451875 0.756667 0.01125 0.015
0 0.449688 0.7025 0.006875 0.011667
0 0.519687 0.15625 0.011875 0.014167
0 0.588437 0.233333 0.009375 0.013333
0 0.642813 0.250833 0.010625 0.015
0 0.605313 0.834167 0.011875 0.02
0 0.555937 0.940833 0.014375 0.018333
0 0.685625 0.94875 0.0125 0.015833
0 0.651875 0.775833 0.0125 0.015
0 0.647813 0.766667 0.013125 0.015
0 0.742188 0.705417 0.010625 0.014167
0 0.729062 0.180833 0.009375 0.015
0 0.77125 0.25625 0.01 0.0125
0 0.83125 0.219583 0.01375 0.0175
0 0.847187 0.269583 0.010625 0.019167
0 0.886563 0.07 0.010625 0.016667
0 0.801562 0.845833 0.010625 0.018333
0 0.830313 0.9175 0.013125 0.018333
0 0.497812 0.554167 0.010625 0.015
0 0.386875 0.204583 0.01125 0.0125
0 0.312188 0.213333 0.006875 0.013333
