0 0.0425 0.67 0.025 0.035
0 0.267188 0.74375 0.025625 0.034167
0 0.225312 0.770833 0.025625 0.031667
0 0.328125 0.813333 0.02125 0.031667
0 0.359375 0.74875 0.02625 0.0325
0 0.551562 0.8075 0.015625 0.025
0 0.54 0.592083 0.02375 0.035833
0 0.706562 0.904167 0.018125 0.023333
0 0.7975 0.953333 0.01875 0.023333
0 0.878125 0.92125 0.01875 0.0275
0 0.736563 0.710417 0.025625 0.029167
0 0.8225 0.655417 0.0275 0.034167
0 0.979062 0.66 0.021875 0.031667
0 0.730938 0.551667 0.020625 0.028333
0 0.920937 0.500417 0.025625 0.034167
0 0.937813 0.35375 0.025625 0.035833
0 0.917188 0.3375 0.024375 0.031667
0 0.743125 0.189167 0.02 0.031667
0 0.723437 0.185 0.021875 0.026667
0 0.701875 0.016667 0.02375 0.031667
0 0.634375 0.0925 0.02 0.031667
0 0.524062 0.28625 0.024375 0.0325
0 0.52 0.331667 0.0175 0.025
0 0.5475 0.353333 0.02 0.025
0 0.598437 0.43 0.023125 0.028333
0 0.38875 0.138333 0.025 0.031667
0 0.277187 0.0225 0.016875 0.021667
0 0.159688 0.3875 0.021875 0.026667
0 0.14875 0.40125 0.02375 0.0275
0 0.115 0.046667 0.02 0.028333
0 0.085 0.035 0.02375 0.031667
0 0.11875 0.497917 0.02 0.025833
0 0.10625 0.55625 0.025 0.030833
0 0.367812 0.60875 0.013125 0.020833
