0 0.166563 0.290417 0.009375 0.0125
0 0.861875 0.98 0.01125 0.015
0 0.9525 0.87875 0.01125 0.014167
0 0.909062 0.865417 0.010625 0.014167
0 0.831562 0.777917 0.011875 0.015833
0 0.899375 0.75625 0.01125 0.0175
0 0.92375 0.745 0.01375 0.016667
0 0.90375 0.724167 0.0125 0.013333
0 0.901875 0.702083 0.01 0.014167
0 0.879062 0.68375 0.010625 0.014167
0 0.830313 0.68 0.011875 0.015
0 0.730625 0.889583 0.0125 0.0175
0 0.756875 0.995417 0.00875 0.009167
0 0.714375 0.9775 0.01125 0.016667
0 0.693125 0.960833 0.0125 0.018333
0 0.627188 0.879583 0.011875 0.015833
0 0.558125 0.899583 0.01125 0.015833
0 0.594688 0.829583 0.010625 0.0175
0 0.5975 0.755417 0.01125 0.0175
0 0.636875 0.709583 0.01125 0.015833
0 0.760938 0.84125 0.011875 0.0175
0 0.78 0.717083 0.01125 0.014167
0 0.69375 0.708333 0.015 0.018333
0 0.677813 0.692083 0.011875 0.015833
0 0.671875 0.645833 0.0125 0.016667
0 0.705937 0.636667 0.010625 0.016667
0 0.844063 0.682083 0.010625 0.014167
0 0.835 0.649583 0.0125 0.015833
0 0.85625 0.62375 0.00875 0.014167
0 0.992812 0.594583 0.011875 0.015833
0 0.989375 0.509583 0.01 0.014167
0 0.820625 0.591667 0.01 0.015
0 0.809375 0.57 0.00875 0.015
0 0.794063 0.575417 0.008125 0.014167
0 0.995313 0.425 0.009375 0.015
0 0.994062 0.3675 0.008125 0.013333
0 0.805625 0.45 0.01 0.013333
0 0.887813 0.385833 0.008125 0.011667
0 0.720625 0.459583 0.01 0.014167
0 0.71125 0.455417 0.01 0.014167
0 0.716562 0.4475 0.010625 0.013333
0 0.742812 0.329167 0.010625 0.018333
0 0.9475 0.245 0.01 0.016667
0 0.955 0.252917 0.00875 0.0125
0 0.867812 0.290833 0.011875 0.015
0 0.815625 0.218333 0.0125 0.018333
0 0.86625 0.107917 0.00875 0.014167
0 0.859375 0.10375 0.0075 0.014167
0 0.86625 0.032083 0.0075 0.014167
0 0.88625 0.033333 0.00875 0.015
0 0.74125 0.08375 0.00875 0.0175
0 0.729688 0.085 0.010625 0.015
0 0.740625 0.099167 0.01125 0.015
0 0.67875 0.0525 0.01125 0.018333
0 0.65125 0.104583 0.01125 0.0175
0 0.615 0.079167 0.01 0.01
0 0.608125 0.063333 0.0125 0.016667
0 0.58 0.067917 0.015 0.015833
0 0.580937 0.037917 0.010625 0.014167
0 0.560937 0.014167 0.010625 0.016667
0 0.681875 0.169583 0.0125 0.019167
0 0.554688 0.171667 0.011875 0.016667
0 0.5325 0.14 0.01 0.015
0 0.52875 0.23375 0.01125 0.015833
0 0.605313 0.22875 0.011875 0.0125
0 0.9525 0.939167 0.01125 0.015
0 0.5175 0.992917 0.015 0.014167
0 0.475 0.857917 0.0125 0.0175
0 0.505313 0.838333 0.013125 0.013333
0 0.471562 0.823333 0.010625 0.015
0 0.4225 0.69625 0.01125 0.014167
0 0.617812 0.557917 0.011875 0.0175
0 0.5325 0.557917 0.0125 0.0125
0 0.5225 0.549167 0.00875 0.013333
0 0.514687 0.510417 0.011875 0.015833
0 0.63125 0.46625 0.01125 0.015833
0 0.54 0.461667 0.0125 0.015
0 0.461875 0.391667 0.01 0.015
0 0.446562 0.394583 0.009375 0.0125
0 0.654062 0.36375 0.011875 0.019167
0 0.662813 0.339583 0.010625 0.0175
0 0.628125 0.34375 0.01 0.014167
0 0.62125 0.334167 0.01 0.013333
0 0.4175 0.279167 0.01125 0.015
0 0.466562 0.195833 0.011875 0.016667
0 0.455313 0.180417 0.011875 0.0175
0 0.465 0.057083 0.01 0.0175
0 0.371563 0.16 0.009375 0.015
0 0.304063 0.100833 0.010625 0.013333
0 0.223438 0.059583 0.010625 0.014167
0 0.248438 0.14 0.011875 0.015
0 0.135313 0.127083 0.010625 0.014167
0 0.350313 0.031667 0.009375 0.018333
0 0.316563 0.205833 0.010625 0.016667
0 0.194375 0.207083 0.01 0.014167
0 0.13625 0.200417 0.01125 0.015833
0 0.089375 0.182917 0.015 0.0175
0 0.074063 0.215833 0.010625 0.013333
0 0.224688 0.30375 0.009375 0.0175
0 0.276875 0.284167 0.01125 0.015
0 0.320312 0.312083 0.013125 0.015833
0 0.334375 0.323333 0.01 0.015
0 0.36125 0.395833 0.01125 0.013333
0 0.359063 0.410417 0.010625 0.015833
0 0.29625 0.455417 0.01 0.015833
0 0.235313 0.439583 0.009375 0.0125
0 0.37 0.4775 0.01125 0.015
0 0.285938 0.485 0.011875 0.013333
0 0.27 0.50125 0.0125 0.019167
0 0.282187 0.521667 0.009375 0.013333
0 0.36875 0.53125 0.01375 0.0175
0 0.324062 0.595417 0.011875 0.015833
0 0.326875 0.973333 0.01375 0.015
0 0.347813 0.910417 0.010625 0.014167
0 0.377812 0.775417 0.013125 0.019167
0 0.359375 0.76375 0.00875 0.0175
0 0.214062 0.96 0.010625 0.016667
0 0.119375 0.94875 0.0125 0.014167
0 0.234687 0.899583 0.010625 0.015833
0 0.186875 0.848333 0.00875 0.015
0 0.111875 0.834583 0.01 0.015833
0 0.034063 0.84375 0.011875 0.0125
0 0.055625 0.7125 0.0125 0.018333
0 0.249688 0.817917 0.013125 0.0175
0 0.210625 0.762917 0.01125 0.014167
0 0.22625 0.685833 0.0125 0.016667
0 0.26875 0.554583 0.01 0.014167
0 0.201563 0.5575 0.011875 0.01
0 0.202813 0.547083 0.009375 0.0125
0 0.156875 0.577083 0.01 0.015833
0 0.111562 0.57375 0.011875 0.014167
0 0.086875 0.595417 0.01125 0.015833
0 0.069687 0.58125 0.009375 0.015833
0 0.124063 0.514167 0.011875 0.015
0 0.096875 0.486667 0.01375 0.018333
0 0.109063 0.464583 0.010625 0.015833
0 0.048125 0.468333 0.01125 0.016667
0 0.034688 0.476667 0.010625 0.013333
0 0.040625 0.3575 0.01 0.015
0 0.140313 0.363333 0.008125 0.015
