0 0.06875 0.975 0.0125 0.015
0 0.097812 0.93 0.009375 0.015
0 0.125 0.96125 0.00875 0.015833
0 0.158125 0.960417 0.01375 0.014167
0 0.259062 0.962083 0.011875 0.0175
0 0.243438 0.917917 0.013125 0.015833
0 0.235 0.907917 0.0125 0.0175
0 0.223438 0.90875 0.008125 0.0125
0 0.23125 0.881667 0.00875 0.013333
0 0.227187 0.872917 0.009375 0.010833
0 0.227187 0.865833 0.009375 0.011667
0 0.224375 0.848333 0.01 0.015
0 0.286875 0.925417 0.01125 0.015833
0 0.297812 0.905833 0.011875 0.016667
0 0.303438 0.948333 0.010625 0.015
0 0.317188 0.938333 0.011875 0.018333
0 0.331875 0.937917 0.01 0.014167
0 0.423438 0.9175 0.011875 0.018333
0 0.354063 0.960417 0.011875 0.015833
0 0.41375 0.88625 0.01 0.0125
0 0.388125 0.865417 0.01125 0.015833
0 0.129062 0.8525 0.010625 0.015
0 0.137813 0.826667 0.011875 0.015
0 0.181562 0.822917 0.011875 0.015833
0 0.08375 0.83375 0.01125 0.019167
0 0.065937 0.84375 0.009375 0.0125
0 0.055625 0.844167 0.00875 0.011667
0 0.01375 0.842083 0.0125 0.015833
0 0.065 0.812083 0.01125 0.015833
0 0.070625 0.800417 0.01 0.014167
0 0.07125 0.775417 0.0125 0.0175
0 0.031563 0.792083 0.010625 0.014167
0 0.12875 0.719167 0.0125 0.016667
0 0.205 0.756667 0.01125 0.016667
0 0.238437 0.777917 0.014375 0.019167
0 0.159375 0.71875 0.01125 0.014167
0 0.313125 0.820833 0.01125 0.015
0 0.327188 0.76875 0.011875 0.014167
0 0.318437 0.795 0.013125 0.016667
0 0.33625 0.757083 0.015 0.019167
0 0.388437 0.700833 0.011875 0.015
0 0.450625 0.73875 0.01125 0.015833
0 0.465625 0.991667 0.01125 0.016667
0 0.4675 0.94875 0.01 0.015833
0 0.540937 0.93375 0.010625 0.014167
0 0.594375 0.878333 0.01375 0.018333
0 0.548125 0.875417 0.01 0.014167
0 0.541562 0.868333 0.008125 0.011667
0 0.029375 0.651667 0.0125 0.018333
0 0.00375 0.634583 0.00625 0.020833
0 0.005625 0.599583 0.00875 0.014167
0 0.092188 0.601667 0.010625 0.015
0 0.104063 0.545417 0.009375 0.014167
0 0.094375 0.525417 0.01125 0.014167
0 0.00375 0.48 0.00625 0.018333
0 0.026875 0.506667 0.01375 0.018333
0 0.02625 0.478333 0.01 0.015
0 0.043125 0.475417 0.01125 0.015833
0 0.0625 0.42125 0.01375 0.0175
0 0.105 0.40875 0.01125 0.015833
0 0.047813 0.293333 0.013125 0.016667
0 0.038125 0.375 0.0125 0.015
0 0.131875 0.3225 0.01 0.011667
0 0.145 0.318333 0.00875 0.013333
0 0.195625 0.355 0.0125 0.016667
0 0.184062 0.572917 0.010625 0.014167
0 0.263437 0.70125 0.010625 0.015833
0 0.632812 0.997083 0.010625 0.005833
0 0.745 0.996667 0.01 0.006667
0 0.690937 0.978333 0.011875 0.016667
0 0.814375 0.985833 0.00875 0.013333
0 0.773438 0.912917 0.013125 0.014167
0 0.652813 0.874583 0.010625 0.015833
0 0.576875 0.820417 0.0125 0.015833
0 0.626875 0.819583 0.01125 0.015833
0 0.63375 0.810833 0.01125 0.015
0 0.694688 0.851667 0.010625 0.015
0 0.694063 0.801667 0.010625 0.015
0 0.784375 0.86 0.01 0.013333
0 0.946875 0.890417 0.01375 0.015833
0 0.941562 0.858333 0.010625 0.015
0 0.895 0.84375 0.0125 0.0125
0 0.85625 0.79 0.00875 0.011667
0 0.835 0.754167 0.00875 0.011667
0 0.990625 0.738333 0.00875 0.013333
0 0.969063 0.752917 0.009375 0.010833
0 0.859375 0.715 0.0125 0.016667
0 0.71875 0.705 0.01375 0.018333
0 0.700313 0.702917 0.010625 0.015833
0 0.671875 0.715 0.01 0.015
0 0.632188 0.708333 0.011875 0.013333
0 0.415 0.824167 0.0075 0.011667
0 0.140937 0.025 0.010625 0.015
0 0.163438 0.072917 0.008125 0.0125
0 0.160312 0.085 0.009375 0.013333
0 0.123125 0.105833 0.00875 0.013333
0 0.06375 0.15 0.0075 0.013333
0 0.102813 0.174167 0.010625 0.016667
0 0.175313 0.154167 0.011875 0.018333
0 0.204375 0.185 0.01125 0.016667
0 0.153125 0.235 0.00875 0.011667
0 0.2625 0.310417 0.0125 0.015833
0 0.157812 0.292917 0.013125 0.015833
0 0.207187 0.24625 0.011875 0.015833
0 0.170937 0.240833 0.009375 0.011667
0 0.290312 0.233333 0.013125 0.016667
0 0.289375 0.264167 0.01125 0.015
0 0.240313 0.379583 0.010625 0.014167
0 0.254688 0.42625 0.010625 0.015833
0 0.300625 0.389167 0.01 0.015
0 0.329062 0.38375 0.009375 0.014167
0 0.241875 0.669167 0.00875 0.011667
0 0.283438 0.53125 0.014375 0.0175
0 0.291563 0.484167 0.009375 0.013333
0 0.32125 0.473333 0.01 0.015
0 0.350625 0.467917 0.01125 0.014167
0 0.360312 0.515 0.010625 0.013333
0 0.368437 0.54125 0.011875 0.015833
0 0.413125 0.600833 0.01375 0.016667
0 0.241563 0.3225 0.009375 0.015
0 0.2375 0.304167 0.01125 0.016667
0 0.242188 0.10625 0.010625 0.014167
0 0.258125 0.117083 0.01 0.0125
0 0.288438 0.085417 0.011875 0.014167
0 0.196875 0.006667 0.01125 0.011667
0 0.123125 0.129583 0.015 0.0175
0 0.314063 0.274167 0.011875 0.015
0 0.320312 0.290833 0.009375 0.011667
0 0.354063 0.298333 0.010625 0.013333
0 0.33625 0.351667 0.01 0.013333
0 0.400625 0.307917 0.01125 0.015833
0 0.3525 0.050833 0.00875 0.016667
0 0.350938 0.097083 0.011875 0.019167
0 0.366875 0.146667 0.01125 0.013333
0 0.362187 0.472917 0.008125 0.0125
0 0.470938 0.609583 0.009375 0.0125
0 0.46125 0.598333 0.0075 0.01
0 0.462813 0.553333 0.011875 0.016667
0 0.380625 0.5025 0.0125 0.015
0 0.405313 0.4275 0.013125 0.016667
0 0.42375 0.316667 0.01375 0.016667
0 0.345938 0.28375 0.011875 0.015833
0 0.436875 0.235 0.0125 0.013333
0 0.41375 0.3675 0.00875 0.01
0 0.382812 0.65625 0.006875 0.010833
0 0.529375 0.640833 0.01 0.013333
0 0.810937 0.897917 0.010625 0.010833
0 0.97875 0.867917 0.01375 0.0175
0 0.803438 0.730417 0.008125 0.0125
0 0.747188 0.6675 0.011875 0.016667
0 0.6575 0.655833 0.01375 0.016667
0 0.853125 0.654583 0.01 0.014167
0 0.883125 0.650417 0.0075 0.010833
0 0.894375 0.647083 0.01125 0.014167
0 0.932187 0.654583 0.011875 0.015833
0 0.92625 0.610417 0.01125 0.015833
0 0.96875 0.593333 0.01375 0.018333
0 0.914375 0.5775 0.01375 0.016667
0 0.9075 0.540417 0.0125 0.0175
0 0.836562 0.574583 0.011875 0.014167
0 0.780625 0.58625 0.01375 0.0175
0 0.797188 0.5675 0.009375 0.011667
0 0.967812 0.479167 0.010625 0.016667
0 0.914062 0.49 0.010625 0.015
0 0.888125 0.472917 0.01375 0.0175
0 0.995313 0.395833 0.009375 0.013333
0 0.942187 0.32875 0.010625 0.0125
0 0.900625 0.290833 0.0125 0.016667
0 0.972187 0.235417 0.010625 0.014167
0 0.963437 0.107083 0.011875 0.0175
0 0.951875 0.0875 0.01375 0.015
0 0.925312 0.05125 0.009375 0.015833
0 0.928125 0.1175 0.0125 0.016667
0 0.876875 0.119167 0.01375 0.018333
0 0.852812 0.049583 0.011875 0.0175
0 0.797188 0.089167 0.011875 0.015
0 0.77375 0.07625 0.00875 0.0125
0 0.763437 0.107917 0.010625 0.015833
0 0.821562 0.197083 0.010625 0.014167
0 0.887188 0.399583 0.014375 0.019167
0 0.861563 0.382083 0.009375 0.0125
0 0.842812 0.3675 0.010625 0.016667
0 0.825313 0.39625 0.010625 0.014167
0 0.865625 0.442917 0.00875 0.0125
0 0.851562 0.46625 0.013125 0.0175
0 0.817813 0.51125 0.009375 0.0125
0 0.7925 0.514583 0.0125 0.015833
0 0.7775 0.498333 0.01 0.016667
0 0.762813 0.534167 0.010625 0.015
0 0.73125 0.525417 0.0075 0.010833
0 0.728125 0.477917 0.00875 0.014167
0 0.750938 0.472083 0.011875 0.019167
0 0.687187 0.56375 0.009375 0.014167
0 0.652188 0.5625 0.010625 0.015
0 0.213125 0.645833 0.01375 0.016667
0 0.385313 0.572083 0.008125 0.010833
0 0.572812 0.58625 0.008125 0.010833
0 0.56875 0.569167 0.01 0.013333
0 0.566875 0.531667 0.0125 0.015
0 0.601562 0.553333 0.011875 0.015
0 0.615938 0.54375 0.010625 0.015833
0 0.628437 0.530417 0.011875 0.0175
0 0.61375 0.509583 0.01 0.014167
0 0.601562 0.500833 0.009375 0.015
0 0.68125 0.47 0.00875 0.011667
0 0.61125 0.4425 0.01125 0.015
0 0.579688 0.43375 0.009375 0.0125
0 0.560312 0.451667 0.009375 0.011667
0 0.514062 0.38875 0.008125 0.010833
0 0.669063 0.377083 0.011875 0.0125
0 0.563125 0.305833 0.01375 0.018333
0 0.667813 0.300417 0.011875 0.014167
0 0.649375 0.349167 0.01375 0.018333
0 0.495 0.274583 0.0125 0.015833
0 0.51125 0.250833 0.01125 0.016667
0 0.53625 0.272917 0.01125 0.015833
0 0.452813 0.0825 0.009375 0.011667
0 0.470625 0.04875 0.0125 0.014167
0 0.576875 0.009167 0.0125 0.016667
0 0.900312 0.25 0.014375 0.018333
0 0.845625 0.027917 0.015 0.015833
0 0.824688 0.006667 0.009375 0.011667
0 0.81 0.013333 0.01 0.013333
0 0.797813 0.022917 0.009375 0.015833
0 0.789687 0.01875 0.008125 0.014167
0 0.750313 0.237083 0.009375 0.0125
0 0.670625 0.22875 0.01375 0.0175
0 0.615938 0.230417 0.013125 0.015833
0 0.6425 0.125417 0.01125 0.019167
0 0.538125 0.12 0.01375 0.016667
0 0.56125 0.035 0.01125 0.015
0 0.608437 0.0575 0.009375 0.013333
0 0.61875 0.050417 0.01 0.014167
0 0.577812 0.125417 0.008125 0.0125
0 0.690312 0.200417 0.008125 0.0125
0 0.659062 0.107917 0.009375 0.014167
