0 0.87625 0.959167 0.0125 0.016667
0 0.894062 0.942917 0.010625 0.015833
0 0.905625 0.915 0.01 0.016667
0 0.930312 0.88125 0.013125 0.020833
0 0.947187 0.880417 0.010625 0.0175
0 0.963437 0.872917 0.009375 0.014167
0 0.986875 0.841667 0.01125 0.013333
0 0.895312 0.805 0.011875 0.016667
0 0.880625 0.794583 0.00875 0.0125
0 0.890938 0.8675 0.016875 0.023333
0 0.933125 0.764583 0.0125 0.015833
0 0.918438 0.725833 0.013125 0.013333
0 0.992188 0.702083 0.013125 0.0225
0 0.94375 0.695 0.01125 0.016667
0 0.94 0.655417 0.01 0.015833
0 0.915937 0.5425 0.013125 0.015
0 0.896563 0.544583 0.013125 0.0175
0 0.900312 0.522917 0.013125 0.015833
0 0.950625 0.46125 0.01125 0.015833
0 0.907813 0.43625 0.011875 0.015833
0 0.889062 0.309583 0.009375 0.015833
0 0.900625 0.21125 0.01 0.015833
0 0.98 0.137917 0.00875 0.0125
0 0.95 0.087083 0.01375 0.014167
0 0.846562 0.05375 0.011875 0.015833
0 0.848125 0.03875 0.0125 0.0175
0 0.826562 0.0475 0.013125 0.018333
0 0.798125 0.452083 0.01 0.015833
0 0.770312 0.392917 0.010625 0.014167
0 0.755625 0.266667 0.0125 0.016667
0 0.85875 0.514583 0.01125 0.014167
0 0.844375 0.538333 0.0125 0.016667
0 0.809063 0.657083 0.009375 0.0125
0 0.8425 0.799167 0.01125 0.016667
0 0.825313 0.869167 0.010625 0.015
0 0.785312 0.980417 0.010625 0.015833
0 0.748125 0.87125 0.01375 0.020833
0 0.691875 0.919583 0.01125 0.015833
0 0.64375 0.966667 0.01 0.013333
0 0.7775 0.775833 0.0125 0.016667
0 0.71875 0.780417 0.01125 0.0125
0 0.756563 0.74 0.011875 0.016667
0 0.700937 0.745 0.010625 0.016667
0 0.7275 0.385 0.0125 0.018333
0 0.702812 0.354583 0.011875 0.019167
0 0.652188 0.280417 0.013125 0.014167
0 0.695625 0.223333 0.01125 0.015
0 0.666875 0.2075 0.01125 0.013333
0 0.734062 0.091667 0.011875 0.015
0 0.725 0.082917 0.01 0.015833
0 0.765625 0.06875 0.01125 0.0175
0 0.724063 0.059167 0.011875 0.016667
0 0.6725 0.035833 0.01125 0.016667
0 0.74125 0.825833 0.01 0.008333
0 0.740625 0.818333 0.01125 0.01
0 0.559063 0.890833 0.013125 0.018333
0 0.535312 0.895 0.011875 0.015
0 0.529062 0.867083 0.011875 0.0175
0 0.587187 0.820833 0.010625 0.015
0 0.62 0.824583 0.0125 0.0175
0 0.575625 0.705417 0.0125 0.015833
0 0.595625 0.644583 0.0125 0.015833
0 0.489063 0.633333 0.011875 0.015
0 0.504687 0.6175 0.010625 0.015
0 0.47375 0.549167 0.01125 0.016667
0 0.459688 0.520417 0.011875 0.0175
0 0.526875 0.489583 0.01125 0.015833
0 0.660312 0.503333 0.009375 0.013333
0 0.56125 0.459583 0.0125 0.015833
0 0.584063 0.435833 0.009375 0.013333
0 0.515625 0.424583 0.01 0.014167
0 0.479063 0.454167 0.011875 0.015
0 0.603437 0.37875 0.010625 0.015833
0 0.560937 0.307083 0.010625 0.014167
0 0.575937 0.187917 0.010625 0.014167
0 0.552188 0.199167 0.010625 0.016667
0 0.555625 0.169583 0.01125 0.015833
0 0.5525 0.145 0.01 0.016667
0 0.529687 0.1275 0.011875 0.016667
0 0.485 0.223333 0.01 0.015
0 0.498125 0.127917 0.01 0.014167
0 0.484375 0.124167 0.01125 0.016667
0 0.433125 0.162083 0.01 0.015833
0 0.508437 0.069583 0.010625 0.014167
0 0.4725 0.036667 0.0125 0.018333
0 0.459688 0.009583 0.009375 0.0175
0 0.488125 0.094167 0.01 0.016667
0 0.415 0.28875 0.0125 0.014167
0 0.267813 0.008333 0.013125 0.015
0 0.35625 0.08375 0.0125 0.0175
0 0.32375 0.095 0.01375 0.016667
0 0.330313 0.140417 0.013125 0.014167
0 0.346562 0.157917 0.011875 0.0175
0 0.290625 0.1575 0.01 0.015
0 0.250625 0.205417 0.01125 0.015833
0 0.24875 0.280417 0.0125 0.014167
0 0.2825 0.326667 0.01125 0.016667
0 0.38625 0.335417 0.01125 0.015833
0 0.347813 0.409167 0.011875 0.016667
0 0.368437 0.424167 0.011875 0.016667
0 0.375 0.577917 0.0125 0.015833
0 0.3275 0.615417 0.01125 0.015833
0 0.440937 0.7525 0.010625 0.015
0 0.444688 0.795833 0.011875 0.013333
0 0.4175 0.827917 0.01125 0.015833
0 0.339687 0.788333 0.010625 0.015
0 0.3275 0.755833 0.01125 0.015
0 0.237187 0.75375 0.009375 0.014167
0 0.248125 0.786667 0.01125 0.016667
0 0.396875 0.966667 0.01 0.016667
0 0.280938 0.960417 0.009375 0.015833
0 0.233437 0.9425 0.008125 0.016667
0 0.224375 0.8875 0.01 0.016667
0 0.21125 0.838333 0.01125 0.016667
0 0.192812 0.877917 0.010625 0.014167
0 0.527813 0.580417 0.013125 0.0175
0 0.409687 0.4425 0.010625 0.013333
0 0.099375 0.930833 0.0125 0.016667
0 0.09 0.894583 0.0125 0.014167
0 0.08875 0.8125 0.0125 0.016667
0 0.070938 0.796667 0.010625 0.015
0 0.0225 0.809167 0.01125 0.015
0 0.0125 0.780417 0.00875 0.014167
0 0.005625 0.740417 0.01 0.015833
0 0.117813 0.743333 0.009375 0.013333
0 0.07875 0.6675 0.01 0.015
0 0.139063 0.63 0.011875 0.013333
0 0.184688 0.60125 0.009375 0.014167
0 0.134687 0.572083 0.014375 0.015833
0 0.084375 0.575 0.0125 0.016667
0 0.202813 0.537917 0.006875 0.010833
0 0.17125 0.445833 0.0175 0.023333
0 0.2125 0.352917 0.01125 0.014167
0 0.128125 0.307917 0.01125 0.015833
0 0.15875 0.289583 0.01625 0.015833
0 0.12375 0.275417 0.0125 0.015833
0 0.028125 0.232083 0.01125 0.010833
0 0.073125 0.146667 0.01125 0.015
0 0.181875 0.00625 0.0125 0.010833
0 0.534375 0.506667 0.0125 0.02
0 0.641875 0.6375 0.01 0.015
0 0.438125 0.994583 0.01125 0.010833
