0 0.127812 0.033333 0.013125 0.018333
0 0.109063 0.092917 0.013125 0.0175
0 0.217812 0.034167 0.011875 0.016667
0 0.281562 0.022917 0.015625 0.019167
0 0.300938 0.029167 0.013125 0.018333
0 0.206875 0.076667 0.0125 0.015
0 0.191562 0.091667 0.015625 0.016667
0 0.251563 0.110417 0.015625 0.015833
0 0.266562 0.119583 0.009375 0.015833
0 0.313437 0.083333 0.009375 0.013333
0 0.323125 0.080833 0.00875 0.015
0 0.210625 0.1325 0.0125 0.013333
0 0.182812 0.12875 0.013125 0.0175
0 0.1025 0.167083 0.01 0.015833
0 0.032813 0.175 0.013125 0.02
0 0.060625 0.197917 0.01125 0.019167
0 0.179375 0.180417 0.01125 0.014167
0 0.12 0.171667 0.01375 0.016667
0 0.04125 0.2625 0.0125 0.018333
0 0.055313 0.285417 0.013125 0.019167
0 0.03125 0.302083 0.01375 0.019167
0 0.05 0.330833 0.01 0.018333
0 0.0825 0.372083 0.01 0.014167
0 0.035 0.4 0.00875 0.013333
0 0.028125 0.407917 0.01125 0.015833
0 0.036875 0.455417 0.0125 0.015833
0 0.031563 0.480417 0.011875 0.015833
0 0.023125 0.575 0.01125 0.015
0 0.025625 0.662917 0.0125 0.0175
0 0.010937 0.645417 0.010625 0.015833
0 0.065937 0.623333 0.013125 0.016667
0 0.04 0.56875 0.01 0.014167
0 0.064375 0.542917 0.01125 0.015833
0 0.104375 0.564167 0.01375 0.018333
0 0.09625 0.435 0.01 0.016667
0 0.133437 0.32375 0.015625 0.020833
0 0.144687 0.359167 0.011875 0.02
0 0.16875 0.397083 0.01125 0.019167
0 0.0625 0.583333 0.01 0.013333
0 0.07375 0.796667 0.015 0.018333
0 0.060625 0.813333 0.01125 0.015
0 0.05 0.885417 0.0125 0.014167
0 0.04875 0.897917 0.0125 0.014167
0 0.155938 0.259167 0.011875 0.015
0 0.2 0.2425 0.0125 0.016667
0 0.2425 0.241667 0.01375 0.018333
0 0.2675 0.230833 0.01 0.013333
0 0.287187 0.22375 0.011875 0.0175
0 0.241875 0.274167 0.01 0.015
0 0.229063 0.365 0.011875 0.016667
0 0.24875 0.411667 0.01 0.015
0 0.269375 0.402917 0.0125 0.015833
0 0.287813 0.3925 0.014375 0.016667
0 0.095 0.9325 0.0125 0.015
0 0.077813 0.90375 0.011875 0.014167
0 0.114375 0.969167 0.01375 0.018333
0 0.102813 0.911667 0.013125 0.015
0 0.17125 0.88875 0.01125 0.015833
0 0.126875 0.825417 0.01375 0.0175
0 0.1475 0.807917 0.0125 0.0175
0 0.127188 0.785 0.013125 0.016667
0 0.125625 0.768333 0.01375 0.016667
0 0.207187 0.96625 0.010625 0.020833
0 0.224062 0.9925 0.010625 0.015
0 0.228437 0.862917 0.013125 0.0175
0 0.200937 0.796667 0.010625 0.016667
0 0.183438 0.722083 0.009375 0.0175
0 0.207187 0.695 0.011875 0.015
0 0.15375 0.690417 0.00875 0.015833
0 0.15125 0.53625 0.0125 0.015833
0 0.195 0.5025 0.01125 0.015
0 0.391875 0.060833 0.0125 0.016667
0 0.36125 0.207083 0.015 0.015833
0 0.348438 0.256667 0.011875 0.015
0 0.375937 0.2725 0.010625 0.013333
0 0.388125 0.267083 0.01125 0.014167
0 0.362187 0.297917 0.010625 0.0175
0 0.371563 0.3 0.011875 0.02
0 0.347813 0.360833 0.008125 0.013333
0 0.359687 0.364167 0.011875 0.018333
0 0.224062 0.442083 0.010625 0.014167
0 0.282187 0.442917 0.010625 0.014167
0 0.305 0.450833 0.01125 0.015
0 0.352187 0.464167 0.013125 0.018333
0 0.30375 0.399583 0.01125 0.014167
0 0.315312 0.39875 0.011875 0.015833
0 0.251563 0.859167 0.009375 0.013333
0 0.276875 0.854583 0.01125 0.015833
0 0.288438 0.855 0.011875 0.018333
0 0.299375 0.900833 0.01375 0.015
0 0.31875 0.850833 0.01125 0.015
0 0.34625 0.8725 0.01125 0.015
0 0.349062 0.886667 0.010625 0.013333
0 0.305937 0.835833 0.009375 0.013333
0 0.328437 0.82 0.010625 0.018333
0 0.30875 0.794167 0.01375 0.016667
0 0.274062 0.775 0.015625 0.018333
0 0.336875 0.791667 0.01125 0.015
0 0.369688 0.822917 0.011875 0.014167
0 0.376875 0.841667 0.01125 0.015
0 0.405 0.869583 0.01125 0.0175
0 0.242188 0.7075 0.013125 0.016667
0 0.25375 0.665417 0.01125 0.014167
0 0.250937 0.620417 0.013125 0.015833
0 0.308125 0.710833 0.0125 0.016667
0 0.31875 0.705417 0.01125 0.0175
0 0.334062 0.706667 0.010625 0.015
0 0.312188 0.672917 0.008125 0.014167
0 0.284375 0.608333 0.01125 0.015
0 0.279687 0.5975 0.009375 0.015
0 0.202813 0.562917 0.008125 0.010833
0 0.28 0.523333 0.01375 0.018333
0 0.294375 0.509583 0.015 0.015833
0 0.303438 0.553333 0.013125 0.016667
0 0.297812 0.5725 0.013125 0.018333
0 0.236563 0.511667 0.011875 0.018333
0 0.434063 0.058333 0.019375 0.025
0 0.465938 0.090833 0.014375 0.016667
0 0.470938 0.160833 0.014375 0.02
0 0.495625 0.155417 0.015 0.019167
0 0.429688 0.182917 0.014375 0.0225
0 0.43625 0.211667 0.01625 0.018333
0 0.478125 0.206667 0.015 0.016667
0 0.415 0.382917 0.01375 0.0175
0 0.420312 0.41625 0.014375 0.019167
0 0.386562 0.470417 0.015625 0.0225
0 0.364687 0.498333 0.013125 0.016667
0 0.337813 0.533333 0.010625 0.015
0 0.35 0.541667 0.01 0.016667
0 0.347187 0.629583 0.018125 0.0275
0 0.369688 0.7225 0.013125 0.016667
0 0.395625 0.700833 0.0125 0.018333
0 0.39875 0.789583 0.0125 0.015833
0 0.381563 0.8 0.010625 0.015
0 0.410625 0.836667 0.01375 0.015
0 0.328125 0.971667 0.01125 0.013333
0 0.432188 0.97625 0.011875 0.0175
0 0.413438 0.990417 0.009375 0.0125
0 0.455625 0.919167 0.0125 0.018333
0 0.4125 0.88875 0.0125 0.014167
0 0.490938 0.865833 0.011875 0.015
0 0.509375 0.847083 0.0125 0.015833
0 0.47375 0.821667 0.0125 0.018333
0 0.484375 0.818333 0.00875 0.015
0 0.497812 0.80625 0.010625 0.015833
0 0.501875 0.780833 0.0175 0.025
0 0.514687 0.79375 0.011875 0.015833
0 0.474062 0.726667 0.013125 0.015
0 0.489687 0.722917 0.013125 0.014167
0 0.46375 0.700417 0.00875 0.0125
0 0.45375 0.59625 0.01375 0.0175
0 0.466562 0.602083 0.010625 0.014167
0 0.485625 0.619167 0.01125 0.018333
0 0.45375 0.5725 0.01375 0.016667
0 0.478438 0.50125 0.011875 0.014167
0 0.448437 0.471667 0.006875 0.011667
0 0.461875 0.455 0.00875 0.011667
0 0.468438 0.424583 0.010625 0.0125
0 0.459062 0.41 0.011875 0.015
0 0.496875 0.355417 0.01375 0.0175
0 0.495625 0.315 0.01 0.013333
0 0.505625 0.292083 0.0125 0.0175
0 0.47875 0.06125 0.01 0.0125
0 0.538438 0.013333 0.014375 0.02
0 0.556562 0.097917 0.011875 0.015833
0 0.57625 0.127083 0.0125 0.0175
0 0.563125 0.146667 0.01 0.013333
0 0.549375 0.166667 0.015 0.016667
0 0.521563 0.16125 0.009375 0.014167
0 0.542813 0.1825 0.010625 0.015
0 0.555312 0.203333 0.011875 0.015
0 0.5625 0.214583 0.01125 0.0175
0 0.546562 0.231667 0.011875 0.013333
0 0.559688 0.260417 0.011875 0.0175
0 0.500938 0.995833 0.011875 0.008333
0 0.515312 0.946667 0.009375 0.015
0 0.555937 0.914167 0.016875 0.018333
0 0.571562 0.868333 0.010625 0.013333
0 0.579688 0.853333 0.011875 0.016667
0 0.60875 0.886667 0.0125 0.016667
0 0.645312 0.919167 0.008125 0.011667
0 0.387813 0.767917 0.009375 0.0125
0 0.529062 0.742917 0.013125 0.015833
0 0.535312 0.713333 0.009375 0.013333
0 0.551875 0.642083 0.01125 0.015833
0 0.63875 0.947083 0.01125 0.0175
0 0.634687 0.995 0.008125 0.01
0 0.6525 0.969583 0.0125 0.015833
0 0.655312 0.93375 0.011875 0.0175
0 0.7125 0.903333 0.01375 0.021667
0 0.690312 0.889167 0.010625 0.015
0 0.69 0.855833 0.0125 0.018333
0 0.657813 0.806667 0.013125 0.018333
0 0.701562 0.808333 0.014375 0.018333
0 0.739688 0.844167 0.014375 0.02
0 0.704375 0.983333 0.0125 0.021667
0 0.764062 0.94375 0.009375 0.0125
0 0.82625 0.969167 0.01125 0.018333
0 0.786875 0.995417 0.0125 0.009167
0 0.849063 0.97375 0.014375 0.0175
0 0.860313 0.89875 0.013125 0.019167
0 0.834688 0.900833 0.013125 0.016667
0 0.777813 0.887917 0.011875 0.014167
0 0.755625 0.821667 0.01125 0.015
0 0.954688 0.920833 0.010625 0.016667
0 0.835313 0.869583 0.013125 0.020833
0 0.823125 0.84625 0.01 0.014167
0 0.884375 0.84125 0.01 0.014167
0 0.930312 0.871667 0.010625 0.016667
0 0.950937 0.841667 0.011875 0.015
0 0.963125 0.777917 0.0125 0.019167
0 0.949688 0.777917 0.014375 0.019167
0 0.903125 0.775 0.01625 0.02
0 0.62875 0.754167 0.01 0.013333
0 0.619687 0.722917 0.011875 0.015833
0 0.6675 0.69875 0.0125 0.0175
0 0.63125 0.675417 0.00875 0.0125
0 0.673125 0.626667 0.0125 0.016667
0 0.636875 0.575833 0.01 0.015
0 0.63125 0.539583 0.01125 0.015833
0 0.64375 0.534167 0.01125 0.016667
0 0.575625 0.498333 0.01125 0.013333
0 0.645312 0.46875 0.010625 0.015833
0 0.640938 0.517083 0.010625 0.014167
0 0.539062 0.365417 0.011875 0.015833
0 0.5675 0.379167 0.01125 0.016667
0 0.597187 0.303333 0.011875 0.018333
0 0.610625 0.315833 0.01125 0.018333
0 0.590313 0.2525 0.011875 0.018333
0 0.602187 0.223333 0.011875 0.015
0 0.569375 0.1875 0.01125 0.015
0 0.58125 0.164583 0.01375 0.0175
0 0.630938 0.109583 0.013125 0.015833
0 0.634375 0.032917 0.0125 0.0175
0 0.672188 0.054583 0.018125 0.0175
0 0.699688 0.005 0.013125 0.008333
0 0.751563 0.005833 0.010625 0.01
0 0.64625 0.131667 0.01375 0.018333
0 0.663438 0.17 0.009375 0.015
0 0.653438 0.2 0.014375 0.018333
0 0.65125 0.235417 0.01125 0.014167
0 0.663438 0.26625 0.014375 0.019167
0 0.682813 0.20875 0.010625 0.014167
0 0.70625 0.17 0.015 0.018333
0 0.63125 0.44375 0.01125 0.015833
0 0.645625 0.372083 0.0125 0.020833
0 0.7275 0.625833 0.0125 0.018333
0 0.735313 0.60125 0.009375 0.0125
0 0.723437 0.576667 0.014375 0.018333
0 0.72625 0.54875 0.01125 0.014167
0 0.706875 0.545 0.01125 0.015
0 0.757188 0.55625 0.011875 0.015833
0 0.752812 0.475 0.009375 0.013333
0 0.761875 0.473333 0.01 0.016667
0 0.734688 0.449583 0.011875 0.015833
0 0.7625 0.420833 0.01125 0.016667
0 0.724063 0.2625 0.014375 0.016667
0 0.776563 0.28875 0.014375 0.015833
0 0.782188 0.218333 0.013125 0.018333
0 0.750938 0.189583 0.016875 0.0175
0 0.7375 0.085833 0.015 0.018333
0 0.681562 0.035 0.013125 0.015
0 0.522813 0.239167 0.011875 0.013333
0 0.98625 0.742917 0.01375 0.020833
0 0.88 0.73125 0.0125 0.0125
0 0.855938 0.736667 0.010625 0.015
0 0.841875 0.732083 0.015 0.019167
0 0.820312 0.7025 0.011875 0.016667
0 0.800312 0.725833 0.013125 0.016667
0 0.77125 0.71125 0.01 0.014167
0 0.76625 0.672083 0.01375 0.019167
0 0.994062 0.686667 0.011875 0.013333
0 0.945937 0.687917 0.014375 0.015833
0 0.954688 0.651667 0.014375 0.02
0 0.879375 0.63375 0.01375 0.0175
0 0.873437 0.619167 0.013125 0.016667
0 0.805937 0.634583 0.013125 0.015833
0 0.834063 0.60375 0.009375 0.014167
0 0.82625 0.597917 0.0125 0.015833
0 0.766563 0.438333 0.011875 0.015
0 0.789687 0.511667 0.013125 0.016667
0 0.819063 0.461667 0.010625 0.018333
0 0.834688 0.379167 0.013125 0.015
0 0.877812 0.370417 0.014375 0.019167
0 0.908125 0.439167 0.01375 0.018333
0 0.926562 0.430417 0.013125 0.020833
0 0.915937 0.452083 0.011875 0.015833
0 0.887813 0.497083 0.013125 0.0175
0 0.875313 0.528333 0.009375 0.011667
0 0.859688 0.55125 0.010625 0.010833
0 0.919687 0.61375 0.013125 0.0175
0 0.8925 0.607917 0.00875 0.010833
0 0.935 0.597083 0.01125 0.0175
0 0.940625 0.585833 0.0125 0.015
0 0.986875 0.597917 0.01375 0.015833
0 0.978125 0.565833 0.0125 0.015
0 0.951875 0.5 0.0125 0.016667
0 0.989688 0.400417 0.014375 0.019167
0 0.955313 0.287917 0.013125 0.0175
0 0.9775 0.271667 0.01375 0.013333
0 0.948125 0.220417 0.0125 0.0175
0 0.898438 0.225833 0.011875 0.016667
0 0.888125 0.230417 0.01125 0.014167
0 0.831562 0.225 0.010625 0.013333
0 0.822187 0.200833 0.015625 0.015
0 0.795937 0.05375 0.010625 0.014167
0 0.8375 0.004167 0.00875 0.006667
0 0.898438 0.050833 0.011875 0.016667
0 0.927188 0.107083 0.014375 0.0175
0 0.875 0.123333 0.01 0.015
0 0.87375 0.137083 0.01125 0.0125
0 0.903125 0.135 0.01 0.011667
0 0.904375 0.15 0.01125 0.013333
0 0.844063 0.192917 0.015625 0.0175
0 0.855313 0.18 0.013125 0.016667
0 0.827187 0.110833 0.010625 0.015
0 0.886563 0.197083 0.014375 0.0175
0 0.39625 0.95375 0.01 0.014167
0 0.264375 0.54625 0.015 0.019167
