0 0.452188 0.009583 0.015625 0.0175
0 0.490938 0.129167 0.013125 0.016667
0 0.69875 0.018333 0.01625 0.02
0 0.779062 0.024583 0.014375 0.015833
0 0.9225 0.112083 0.01625 0.0225
0 0.745313 0.217917 0.021875 0.030833
0 0.67375 0.23 0.02875 0.025
0 0.875313 0.337083 0.021875 0.025833
0 0.916875 0.313333 0.01375 0.02
0 0.870625 0.37125 0.015 0.020833
0 0.839375 0.378333 0.01625 0.023333
0 0.702812 0.482917 0.021875 0.029167
0 0.82375 0.62375 0.0175 0.024167
0 0.6975 0.7125 0.015 0.021667
0 0.479375 0.612083 0.0175 0.0225
0 0.693438 0.35 0.014375 0.02
0 0.89125 0.82 0.01375 0.016667
0 0.594375 0.797083 0.01875 0.0275
0 0.349062 0.844167 0.013125 0.016667
0 0.328437 0.77625 0.019375 0.024167
0 0.269375 0.773333 0.01375 0.018333
0 0.348125 0.682917 0.02 0.0275
0 0.234063 0.665833 0.016875 0.021667
0 0.1325 0.79375 0.015 0.0175
0 0.259375 0.501667 0.015 0.018333
0 0.190312 0.341667 0.009375 0.015
0 0.2025 0.314167 0.01125 0.018333
0 0.307188 0.6675 0.011875 0.016667
0 0.460625 0.164583 0.01125 0.015833
0 0.405625 0.149583 0.01375 0.019167
0 0.895625 0.41875 0.0125 0.015833
