0 0.97125 0.0525 0.02875 0.041667
0 0.8775 0.197083 0.03 0.030833
0 0.728437 0.179583 0.018125 0.025833
0 0.6875 0.147917 0.02125 0.025833
0 0.109687 0.182917 0.026875 0.0375
0 0.23375 0.320417 0.02 0.025833
0 0.249375 0.70375 0.02375 0.029167
0 0.305 0.749583 0.02125 0.029167
0 0.438437 0.586667 0.019375 0.025
0 0.5475 0.73625 0.01875 0.0225
0 0.388437 0.87875 0.024375 0.0325
0 0.521875 0.888333 0.02125 0.03
0 0.987187 0.93625 0.018125 0.034167
0 0.843125 0.895417 0.015 0.020833
0 0.751875 0.756667 0.02375 0.028333
0 0.9 0.545417 0.0325 0.040833
