0 0.24125 0.060417 0.0125 0.0125
0 0.195937 0.010417 0.011875 0.015833
0 0.2775 0.004583 0.0125 0.0075
0 0.198125 0.0975 0.0125 0.016667
0 0.184062 0.08 0.009375 0.013333
0 0.209063 0.119167 0.006875 0.011667
0 0.098437 0.012917 0.013125 0.015833
0 0.073125 0.065417 0.01125 0.015833
0 0.139063 0.14625 0.013125 0.019167
0 0.169375 0.135417 0.01125 0.015833
0 0.050937 0.21625 0.010625 0.0125
0 0.023438 0.161667 0.016875 0.016667
0 0.1075 0.229167 0.01375 0.016667
0 0.124688 0.1975 0.008125 0.011667
0 0.150312 0.177917 0.011875 0.014167
0 0.174687 0.204167 0.010625 0.015
0 0.045312 0.3175 0.009375 0.013333
0 0.0825 0.287917 0.01 0.014167
0 0.103438 0.295 0.011875 0.015
0 0.086875 0.317083 0.0125 0.0175
0 0.100312 0.32375 0.013125 0.015833
0 0.044375 0.340417 0.01 0.0125
0 0.144375 0.289167 0.01375 0.018333
0 0.235313 0.250833 0.011875 0.016667
0 0.246875 0.234583 0.01375 0.019167
0 0.007188 0.646667 0.013125 0.016667
0 0.005 0.625 0.00875 0.013333
0 0.045 0.46 0.01 0.013333
0 0.054062 0.48 0.010625 0.013333
0 0.01375 0.504167 0.01 0.013333
0 0.047813 0.531667 0.011875 0.013333
0 0.06625 0.536667 0.01 0.015
0 0.037187 0.63375 0.010625 0.014167
0 0.030625 0.67 0.01125 0.015
0 0.044062 0.664583 0.009375 0.014167
0 0.033125 0.8275 0.0125 0.015
0 0.055 0.874583 0.00875 0.0125
0 0.051562 0.890833 0.011875 0.015
0 0.110312 0.899167 0.013125 0.015
0 0.1225 0.859167 0.01125 0.016667
0 0.1025 0.847083 0.01625 0.0175
0 0.144063 0.884167 0.013125 0.016667
0 0.162812 0.865833 0.011875 0.011667
0 0.178437 0.883333 0.013125 0.016667
0 0.191562 0.902917 0.011875 0.0175
0 0.098437 0.772083 0.011875 0.015833
0 0.065625 0.701667 0.00875 0.011667
0 0.075313 0.679583 0.010625 0.0125
0 0.107813 0.71625 0.013125 0.0175
0 0.103125 0.697917 0.00875 0.014167
0 0.100625 0.585833 0.0125 0.016667
0 0.100625 0.567917 0.01125 0.014167
0 0.1 0.544167 0.01 0.013333
0 0.113437 0.540417 0.010625 0.014167
0 0.096562 0.52125 0.010625 0.015833
0 0.114687 0.52375 0.010625 0.014167
0 0.216875 0.005833 0.0075 0.01
0 0.234063 0.020417 0.010625 0.014167
0 0.224062 0.320417 0.010625 0.014167
0 0.222188 0.333333 0.009375 0.01
0 0.185938 0.332083 0.008125 0.014167
0 0.171563 0.392917 0.010625 0.015833
0 0.134063 0.37875 0.008125 0.010833
0 0.131562 0.503333 0.009375 0.011667
0 0.170625 0.542917 0.01 0.014167
0 0.134687 0.613333 0.010625 0.013333
0 0.1525 0.56625 0.01125 0.015833
0 0.168437 0.577083 0.011875 0.0175
0 0.140625 0.831667 0.01125 0.016667
0 0.133125 0.75375 0.0075 0.010833
0 0.159375 0.722083 0.0125 0.015833
0 0.194375 0.77125 0.0125 0.015833
0 0.199375 0.784583 0.01125 0.0125
0 0.232187 0.79125 0.010625 0.0125
0 0.221875 0.735833 0.01125 0.013333
0 0.237813 0.743333 0.009375 0.011667
0 0.193125 0.969167 0.01375 0.02
0 0.238125 0.94 0.01125 0.016667
0 0.280625 0.984167 0.01125 0.011667
0 0.284062 0.924167 0.008125 0.013333
0 0.31625 0.879167 0.01 0.015
0 0.333125 0.975833 0.01125 0.015
0 0.365312 0.99375 0.011875 0.0125
0 0.380312 0.947917 0.010625 0.015833
0 0.297187 0.784583 0.010625 0.015833
0 0.260937 0.733333 0.009375 0.016667
0 0.2675 0.723333 0.01125 0.013333
0 0.280625 0.705 0.00875 0.013333
0 0.288438 0.700833 0.011875 0.015
0 0.261875 0.66875 0.01125 0.0125
0 0.263125 0.65875 0.00875 0.0125
0 0.214062 0.6 0.011875 0.016667
0 0.228437 0.594167 0.008125 0.013333
0 0.247812 0.592917 0.010625 0.014167
0 0.247188 0.5475 0.008125 0.013333
0 0.229063 0.494583 0.010625 0.014167
0 0.25375 0.532083 0.01125 0.015833
0 0.2925 0.54875 0.01 0.014167
0 0.269688 0.498333 0.010625 0.013333
0 0.271875 0.4625 0.01 0.013333
0 0.297812 0.484583 0.010625 0.014167
0 0.300312 0.599167 0.008125 0.011667
0 0.252188 0.3375 0.011875 0.013333
0 0.290312 0.405 0.010625 0.013333
0 0.337187 0.434583 0.011875 0.014167
0 0.359063 0.508333 0.011875 0.016667
0 0.330625 0.615 0.01125 0.015
0 0.33125 0.730833 0.01125 0.013333
0 0.329062 0.660417 0.010625 0.0125
0 0.387813 0.843333 0.009375 0.013333
0 0.392813 0.93875 0.008125 0.0125
0 0.429688 0.881667 0.009375 0.011667
0 0.394062 0.797917 0.010625 0.015833
0 0.370312 0.66375 0.011875 0.014167
0 0.393125 0.68375 0.0075 0.010833
0 0.412813 0.670833 0.010625 0.013333
0 0.434375 0.786667 0.0125 0.013333
0 0.269375 0.369167 0.01375 0.016667
0 0.27875 0.347083 0.01125 0.014167
0 0.300312 0.223333 0.011875 0.015
0 0.29875 0.20625 0.0125 0.014167
0 0.30125 0.260417 0.0125 0.015833
0 0.320937 0.244583 0.011875 0.014167
0 0.344375 0.328333 0.01 0.015
0 0.354687 0.167083 0.008125 0.0125
0 0.374688 0.23375 0.009375 0.014167
0 0.379688 0.134583 0.013125 0.014167
0 0.415 0.146667 0.01375 0.018333
0 0.425312 0.104167 0.009375 0.011667
0 0.423125 0.060833 0.0125 0.016667
0 0.45625 0.047083 0.01 0.010833
0 0.451562 0.035417 0.009375 0.0125
0 0.376875 0.00375 0.01 0.005833
0 0.46875 0.012083 0.0125 0.015833
0 0.519375 0.070833 0.01625 0.025
0 0.482812 0.1125 0.009375 0.013333
0 0.479063 0.15125 0.010625 0.014167
0 0.489063 0.144583 0.010625 0.015833
0 0.505313 0.145417 0.011875 0.014167
0 0.540625 0.1625 0.01375 0.016667
0 0.566875 0.140833 0.01125 0.016667
0 0.446562 0.216667 0.013125 0.015
0 0.480938 0.235417 0.010625 0.015833
0 0.508125 0.23125 0.01 0.015833
0 0.500938 0.260417 0.009375 0.015833
0 0.401562 0.300417 0.010625 0.014167
0 0.423125 0.299167 0.00875 0.013333
0 0.4475 0.29625 0.01125 0.015833
0 0.460313 0.291667 0.011875 0.018333
0 0.478125 0.27875 0.00875 0.010833
0 0.490938 0.290833 0.010625 0.015
0 0.5175 0.312083 0.00875 0.010833
0 0.519687 0.325417 0.008125 0.010833
0 0.469687 0.340833 0.011875 0.013333
0 0.354687 0.485833 0.008125 0.011667
0 0.38375 0.502917 0.0075 0.010833
0 0.415625 0.4825 0.01125 0.015
0 0.396875 0.502917 0.00875 0.010833
0 0.420625 0.50875 0.01125 0.014167
0 0.421875 0.54875 0.01375 0.015833
0 0.435937 0.552917 0.009375 0.0125
0 0.380937 0.402917 0.009375 0.015833
0 0.395625 0.431667 0.00875 0.011667
0 0.424687 0.44125 0.009375 0.014167
0 0.36375 0.46875 0.0075 0.009167
0 0.471875 0.44 0.015 0.016667
0 0.4925 0.505417 0.01125 0.015833
0 0.499063 0.411667 0.008125 0.01
0 0.376875 0.645417 0.0075 0.010833
0 0.391875 0.59 0.00875 0.013333
0 0.432188 0.5775 0.010625 0.015
0 0.409687 0.610417 0.009375 0.014167
0 0.460625 0.616667 0.01125 0.015
0 0.445 0.642917 0.01125 0.014167
0 0.443437 0.679167 0.009375 0.013333
0 0.480312 0.706667 0.010625 0.015
0 0.49125 0.878333 0.0125 0.016667
0 0.474375 0.9325 0.0125 0.016667
0 0.600938 0.959583 0.009375 0.0125
0 0.629062 0.965417 0.011875 0.015833
0 0.653438 0.969583 0.010625 0.014167
0 0.698125 0.99625 0.00875 0.0075
0 0.84875 0.9325 0.01125 0.013333
0 0.869687 0.937917 0.011875 0.014167
0 0.802188 0.889167 0.008125 0.011667
0 0.745 0.893333 0.00875 0.011667
0 0.649687 0.86125 0.010625 0.014167
0 0.635312 0.8675 0.009375 0.011667
0 0.787813 0.860833 0.011875 0.013333
0 0.761875 0.811667 0.01 0.013333
0 0.844063 0.795417 0.010625 0.014167
0 0.860938 0.807083 0.010625 0.014167
0 0.9175 0.94 0.01 0.011667
0 0.614375 0.82875 0.00875 0.0125
0 0.573125 0.806667 0.01 0.013333
0 0.517188 0.778333 0.010625 0.011667
0 0.513125 0.737083 0.0125 0.015833
0 0.54375 0.706667 0.00875 0.011667
0 0.512188 0.62 0.011875 0.015
0 0.510625 0.575 0.01 0.013333
0 0.47875 0.55625 0.01125 0.015833
0 0.52625 0.53875 0.0075 0.010833
0 0.53375 0.62375 0.01 0.014167
0 0.625625 0.013333 0.01125 0.015
0 0.625 0.03625 0.0125 0.015833
0 0.639375 0.042083 0.01 0.014167
0 0.657188 0.060417 0.011875 0.015833
0 0.559063 0.207917 0.008125 0.010833
0 0.570312 0.230833 0.013125 0.016667
0 0.55375 0.237917 0.01 0.015833
0 0.542813 0.26375 0.008125 0.010833
0 0.5475 0.281667 0.01 0.013333
0 0.582812 0.2775 0.011875 0.015
0 0.611875 0.77125 0.015 0.0175
0 0.699375 0.942917 0.01375 0.015833
0 0.70875 0.953333 0.0075 0.011667
0 0.580625 0.679167 0.0075 0.011667
0 0.592812 0.67125 0.010625 0.014167
0 0.604688 0.648333 0.011875 0.015
0 0.634375 0.67 0.01 0.011667
0 0.652188 0.6325 0.010625 0.013333
0 0.681875 0.596667 0.01 0.01
0 0.5775 0.5875 0.01 0.013333
0 0.614375 0.577083 0.01 0.010833
0 0.640625 0.563333 0.00875 0.013333
0 0.602187 0.52875 0.009375 0.0125
0 0.566562 0.471667 0.009375 0.011667
0 0.58625 0.465833 0.01 0.013333
0 0.582812 0.430417 0.008125 0.010833
0 0.60375 0.415833 0.01 0.015
0 0.671875 0.440833 0.01125 0.011667
0 0.649062 0.465 0.008125 0.01
0 0.584063 0.327917 0.010625 0.014167
0 0.577812 0.309167 0.008125 0.01
0 0.62875 0.35875 0.01125 0.015833
0 0.723125 0.08125 0.00875 0.0125
0 0.635 0.143333 0.0075 0.011667
0 0.645625 0.169167 0.01125 0.013333
0 0.662188 0.165 0.010625 0.011667
0 0.705 0.15375 0.0075 0.010833
0 0.700625 0.185417 0.01125 0.015833
0 0.673438 0.22125 0.015625 0.0275
0 0.685937 0.23625 0.010625 0.014167
0 0.669375 0.245833 0.00625 0.01
0 0.644062 0.261667 0.010625 0.013333
0 0.68 0.287083 0.01 0.015833
0 0.661563 0.3075 0.011875 0.016667
0 0.812813 0.759167 0.009375 0.011667
0 0.816562 0.72625 0.010625 0.015833
0 0.976562 0.746667 0.009375 0.013333
0 0.94 0.72125 0.00875 0.0125
0 0.95 0.680417 0.0125 0.015833
0 0.750313 0.6975 0.010625 0.013333
0 0.799375 0.648333 0.01 0.013333
0 0.825 0.643333 0.01 0.013333
0 0.847812 0.655417 0.010625 0.014167
0 0.92875 0.635 0.01125 0.013333
0 0.930625 0.741667 0.01125 0.013333
0 0.98125 0.570417 0.01875 0.015833
0 0.963125 0.550833 0.0125 0.016667
0 0.954375 0.595417 0.01 0.0125
0 0.9775 0.54625 0.01 0.0125
0 0.996563 0.540417 0.006875 0.0125
0 0.751875 0.643333 0.00875 0.011667
0 0.993125 0.47 0.0125 0.015
0 0.943438 0.506667 0.010625 0.013333
0 0.891563 0.542083 0.010625 0.014167
0 0.820312 0.559583 0.010625 0.014167
0 0.774687 0.565417 0.010625 0.0125
0 0.763125 0.55375 0.01125 0.010833
0 0.756875 0.538333 0.0125 0.016667
0 0.746875 0.516667 0.01 0.011667
0 0.716562 0.439583 0.009375 0.010833
0 0.741875 0.43 0.0075 0.01
0 0.760938 0.467917 0.013125 0.014167
0 0.791562 0.45 0.013125 0.015
0 0.806562 0.437083 0.009375 0.0125
0 0.995313 0.407917 0.009375 0.015833
0 0.958125 0.439167 0.01 0.013333
0 0.875938 0.422917 0.010625 0.0125
0 0.82375 0.407083 0.0125 0.015833
0 0.810625 0.3875 0.01 0.015
0 0.825937 0.374583 0.010625 0.014167
0 0.815625 0.36 0.00875 0.011667
0 0.724688 0.355 0.010625 0.013333
0 0.77875 0.328333 0.01125 0.015
0 0.740938 0.310833 0.008125 0.011667
0 0.750625 0.29375 0.00875 0.0125
0 0.949375 0.32875 0.01125 0.014167
0 0.994687 0.287083 0.010625 0.015833
0 0.883125 0.343333 0.0125 0.015
0 0.86 0.330833 0.01125 0.013333
0 0.859688 0.295 0.009375 0.015
0 0.911563 0.28375 0.011875 0.015833
0 0.929063 0.2625 0.010625 0.013333
0 0.873437 0.24875 0.011875 0.014167
0 0.830313 0.247917 0.011875 0.0175
0 0.79125 0.162917 0.01125 0.014167
0 0.800312 0.19375 0.006875 0.009167
0 0.974688 0.166667 0.010625 0.013333
0 0.94 0.11125 0.0125 0.015833
0 0.845625 0.067083 0.01125 0.015833
0 0.807813 0.01375 0.011875 0.014167
0 0.896563 0.015 0.011875 0.016667
0 0.908438 0.0425 0.009375 0.013333
0 0.918125 0.039167 0.00875 0.013333
0 0.9 0.065417 0.01125 0.015833
0 0.840313 0.139167 0.010625 0.011667
0 0.554063 0.538333 0.010625 0.01
0 0.494063 0.968333 0.008125 0.01
