0 0.946562 0.945417 0.014375 0.0175
0 0.939688 0.84375 0.015625 0.0225
0 0.96375 0.88875 0.01375 0.0225
0 0.815625 0.805833 0.0175 0.02
0 0.755313 0.979167 0.011875 0.02
0 0.758437 0.95625 0.011875 0.019167
0 0.727812 0.9525 0.014375 0.018333
0 0.6525 0.99 0.01375 0.02
0 0.673438 0.78375 0.013125 0.019167
0 0.897188 0.729167 0.011875 0.021667
0 0.914375 0.71375 0.01375 0.020833
0 0.925312 0.68375 0.014375 0.020833
0 0.84625 0.7025 0.01375 0.018333
0 0.860313 0.666667 0.015625 0.02
0 0.768437 0.706667 0.013125 0.02
0 0.654687 0.805833 0.014375 0.018333
0 0.539062 0.965417 0.014375 0.019167
0 0.51875 0.92375 0.01375 0.0175
0 0.50125 0.941667 0.01625 0.015
0 0.46875 0.937917 0.0125 0.0175
0 0.441563 0.903333 0.014375 0.021667
0 0.804688 0.519583 0.011875 0.015833
0 0.936562 0.502917 0.013125 0.020833
0 0.980625 0.519167 0.01125 0.02
0 0.850625 0.533333 0.01 0.018333
0 0.911875 0.387083 0.015 0.020833
0 0.889375 0.312917 0.01625 0.0175
0 0.896875 0.134167 0.015 0.023333
0 0.72625 0.13375 0.01125 0.015833
0 0.726562 0.0975 0.010625 0.016667
0 0.742812 0.034583 0.016875 0.020833
0 0.560312 0.0375 0.015625 0.021667
0 0.593437 0.110417 0.013125 0.019167
0 0.655312 0.370833 0.014375 0.02
0 0.984688 0.399167 0.014375 0.02
0 0.655 0.586667 0.0175 0.02
0 0.623437 0.575833 0.014375 0.021667
0 0.73125 0.591667 0.01375 0.02
0 0.735313 0.404583 0.011875 0.0225
0 0.692813 0.265833 0.015625 0.028333
0 0.548438 0.845417 0.014375 0.020833
0 0.360938 0.919583 0.010625 0.0175
0 0.333125 0.91875 0.015 0.020833
0 0.41125 0.7025 0.01375 0.02
0 0.4825 0.697917 0.015 0.020833
0 0.512813 0.72625 0.013125 0.020833
0 0.530625 0.637083 0.01125 0.015833
0 0.596875 0.43875 0.01375 0.015833
0 0.542813 0.492083 0.011875 0.015833
0 0.460625 0.490833 0.01375 0.018333
0 0.48375 0.395 0.015 0.016667
0 0.747812 0.169167 0.015625 0.021667
0 0.513125 0.082083 0.015 0.0175
0 0.462813 0.168333 0.014375 0.02
0 0.413438 0.245417 0.014375 0.0175
0 0.37875 0.22125 0.01625 0.020833
0 0.327813 0.067917 0.014375 0.020833
0 0.365625 0.110833 0.015 0.02
0 0.455937 0.260833 0.011875 0.018333
0 0.445 0.30625 0.0125 0.0175
0 0.466875 0.31875 0.01375 0.0175
0 0.560625 0.304583 0.01125 0.015833
0 0.387188 0.341667 0.011875 0.016667
0 0.52125 0.88125 0.01125 0.0175
0 0.265313 0.978333 0.010625 0.016667
0 0.14875 0.990417 0.01125 0.015833
0 0.13125 0.928333 0.015 0.02
0 0.0925 0.857917 0.01375 0.019167
0 0.274687 0.87125 0.013125 0.0225
0 0.242812 0.860417 0.013125 0.019167
0 0.26125 0.825 0.01375 0.02
0 0.241875 0.75625 0.01125 0.0175
0 0.217188 0.75875 0.014375 0.019167
0 0.10625 0.7425 0.01375 0.016667
0 0.115625 0.723333 0.01125 0.016667
0 0.274375 0.605 0.0125 0.016667
0 0.256563 0.619167 0.014375 0.018333
0 0.295 0.535 0.015 0.016667
0 0.345313 0.417917 0.011875 0.0175
0 0.032813 0.66875 0.011875 0.0175
0 0.067187 0.644583 0.011875 0.015833
0 0.081875 0.630417 0.01125 0.014167
0 0.100937 0.59125 0.014375 0.015833
0 0.024375 0.575417 0.0125 0.019167
0 0.049688 0.495417 0.014375 0.0175
0 0.080625 0.505833 0.01375 0.02
0 0.11375 0.46 0.01375 0.02
0 0.125312 0.437917 0.015625 0.015833
0 0.139063 0.38125 0.013125 0.019167
0 0.123125 0.372917 0.01375 0.019167
0 0.064375 0.34875 0.015 0.019167
0 0.014063 0.351667 0.010625 0.016667
0 0.005938 0.315417 0.010625 0.019167
0 0.13875 0.272917 0.01625 0.020833
0 0.053125 0.214167 0.015 0.021667
0 0.048125 0.185833 0.01375 0.021667
0 0.298438 0.232083 0.013125 0.020833
0 0.259688 0.2675 0.013125 0.02
0 0.275 0.292917 0.01625 0.020833
0 0.570625 0.719167 0.01375 0.016667
0 0.399062 0.615833 0.011875 0.018333
