0 0.009062 0.450417 0.016875 0.025833
0 0.192812 0.597917 0.019375 0.034167
0 0.204687 0.90625 0.024375 0.029167
0 0.301875 0.908333 0.02625 0.03
0 0.383125 0.849583 0.02 0.025833
0 0.485625 0.93 0.01875 0.028333
0 0.557187 0.62375 0.023125 0.0325
0 0.667188 0.442083 0.023125 0.025833
0 0.667813 0.424167 0.014375 0.016667
0 0.546562 0.325417 0.021875 0.029167
0 0.229063 0.288333 0.024375 0.026667
0 0.291563 0.096667 0.024375 0.03
0 0.475313 0.214167 0.019375 0.026667
0 0.910625 0.277917 0.02 0.0225
0 0.543125 0.059167 0.0175 0.028333
