0 0.035312 0.037083 0.018125 0.025833
0 0.1125 0.148333 0.03625 0.043333
0 0.0475 0.173333 0.02375 0.031667
0 0.228437 0.212917 0.026875 0.034167
0 0.210313 0.352917 0.016875 0.0225
0 0.16375 0.49125 0.02 0.025833
0 0.518437 0.891667 0.023125 0.031667
0 0.899687 0.897917 0.029375 0.0425
0 0.846875 0.797917 0.0225 0.030833
0 0.948125 0.487083 0.02 0.0275
0 0.684688 0.54 0.023125 0.03
0 0.599375 0.381667 0.02375 0.033333
0 0.920625 0.373333 0.03 0.035
0 0.635 0.202917 0.0225 0.0325
0 0.715313 0.173333 0.023125 0.031667
0 0.69375 0.151667 0.02625 0.031667
0 0.68 0.144167 0.0225 0.035
