0 0.943125 0.926667 0.01125 0.015
0 0.86875 0.95 0.01 0.013333
0 0.804063 0.8825 0.010625 0.015
0 0.742812 0.82125 0.009375 0.0125
0 0.938438 0.86625 0.008125 0.009167
0 0.943438 0.771667 0.010625 0.013333
0 0.97625 0.76125 0.01 0.0125
0 0.986875 0.76625 0.01 0.0125
0 0.870625 0.723333 0.01 0.013333
0 0.737187 0.679583 0.009375 0.010833
0 0.979062 0.630417 0.011875 0.014167
0 0.76875 0.5625 0.01 0.013333
0 0.77125 0.494167 0.01 0.016667
0 0.92 0.497917 0.00875 0.0125
0 0.962812 0.369167 0.011875 0.013333
0 0.9425 0.3525 0.01125 0.015
0 0.930937 0.398333 0.014375 0.015
0 0.895938 0.387083 0.009375 0.0125
0 0.902813 0.348333 0.010625 0.013333
0 0.79875 0.399583 0.01 0.014167
0 0.773125 0.405 0.01 0.013333
0 0.740938 0.3525 0.008125 0.011667
0 0.814375 0.3375 0.01125 0.016667
0 0.8125 0.322083 0.01 0.0125
0 0.812187 0.305 0.010625 0.013333
0 0.765625 0.219583 0.00875 0.0125
0 0.913125 0.225833 0.01125 0.016667
0 0.931875 0.194583 0.01125 0.014167
0 0.873437 0.172917 0.009375 0.0125
0 0.776563 0.164167 0.009375 0.011667
0 0.874062 0.127917 0.009375 0.014167
0 0.731875 0.021667 0.00875 0.013333
0 0.663125 0.075833 0.00875 0.013333
0 0.570312 0.170833 0.009375 0.01
0 0.64625 0.199167 0.01 0.015
0 0.580937 0.25 0.010625 0.015
0 0.520625 0.252917 0.01 0.0125
0 0.663125 0.30625 0.01 0.014167
0 0.591875 0.3275 0.01 0.015
0 0.548125 0.337083 0.01125 0.014167
0 0.542813 0.38375 0.009375 0.014167
0 0.55625 0.4325 0.01375 0.016667
0 0.594688 0.4 0.010625 0.015
0 0.643437 0.437917 0.010625 0.014167
0 0.645312 0.462083 0.010625 0.014167
0 0.523438 0.587917 0.010625 0.014167
0 0.555625 0.60875 0.01 0.014167
0 0.592187 0.632917 0.008125 0.014167
0 0.627812 0.599583 0.009375 0.0125
0 0.638125 0.605 0.01 0.015
0 0.654375 0.559583 0.01 0.0125
0 0.64 0.5225 0.00875 0.013333
0 0.686562 0.641667 0.009375 0.013333
0 0.587812 0.662083 0.010625 0.0125
0 0.71625 0.68125 0.01125 0.015833
0 0.678125 0.70875 0.01 0.0125
0 0.721875 0.750417 0.01 0.0125
0 0.639062 0.773333 0.010625 0.011667
0 0.595 0.770417 0.01125 0.014167
0 0.619062 0.860833 0.009375 0.011667
0 0.613437 0.881667 0.009375 0.013333
0 0.695312 0.885833 0.009375 0.013333
0 0.519062 0.818333 0.009375 0.01
0 0.578438 0.975 0.010625 0.013333
0 0.571562 0.920833 0.009375 0.013333
0 0.59375 0.917917 0.01 0.014167
0 0.432812 0.980417 0.009375 0.014167
0 0.36625 0.984583 0.00625 0.014167
0 0.364063 0.992917 0.008125 0.0125
0 0.262188 0.993333 0.013125 0.011667
0 0.466875 0.901667 0.01125 0.013333
0 0.495937 0.909583 0.009375 0.0125
0 0.457188 0.825417 0.009375 0.014167
0 0.51 0.834583 0.01 0.0125
0 0.325313 0.745 0.010625 0.015
0 0.300625 0.772083 0.00875 0.0125
0 0.2825 0.776667 0.00875 0.013333
0 0.437188 0.643333 0.009375 0.011667
0 0.410625 0.567083 0.01 0.010833
0 0.430312 0.52125 0.009375 0.0125
0 0.42625 0.455833 0.01 0.013333
0 0.399375 0.377917 0.00875 0.014167
0 0.493437 0.344583 0.009375 0.014167
0 0.499375 0.292917 0.01125 0.014167
0 0.504375 0.2675 0.01 0.015
0 0.500938 0.220417 0.013125 0.015833
0 0.294063 0.281667 0.010625 0.015
0 0.310312 0.2125 0.011875 0.016667
0 0.355625 0.21625 0.01125 0.015833
0 0.435312 0.21125 0.008125 0.010833
0 0.497812 0.103333 0.010625 0.013333
0 0.45 0.062917 0.01125 0.014167
0 0.070938 0.911667 0.010625 0.013333
0 0.060312 0.886667 0.008125 0.011667
0 0.101562 0.875417 0.010625 0.0125
0 0.24125 0.879583 0.01 0.014167
0 0.16 0.710833 0.01125 0.015
0 0.219688 0.648333 0.011875 0.013333
0 0.243125 0.624583 0.01 0.0125
0 0.220312 0.587917 0.010625 0.014167
0 0.190625 0.539167 0.01 0.013333
0 0.128438 0.535833 0.009375 0.013333
0 0.061875 0.557917 0.00875 0.0125
0 0.029687 0.564167 0.010625 0.016667
0 0.002812 0.455 0.004375 0.013333
0 0.12625 0.405833 0.00875 0.011667
0 0.147187 0.37875 0.008125 0.010833
0 0.140937 0.364583 0.008125 0.014167
0 0.2475 0.22125 0.00875 0.010833
0 0.17625 0.28625 0.0125 0.015833
0 0.036875 0.25 0.00875 0.013333
0 0.034063 0.225 0.011875 0.015
0 0.079375 0.1325 0.01125 0.016667
0 0.164375 0.078333 0.01125 0.015
0 0.070938 0.08625 0.009375 0.0125
0 0.102188 0.061667 0.008125 0.011667
0 0.11875 0.03625 0.00875 0.0125
0 0.160312 0.004167 0.011875 0.006667
0 0.241875 0.052917 0.01 0.010833
