0 0.885625 0.877083 0.01125 0.019167
0 0.86125 0.88 0.0125 0.018333
0 0.854375 0.851667 0.01125 0.018333
0 0.913125 0.807917 0.0125 0.0175
0 0.945937 0.81125 0.011875 0.014167
0 0.763437 0.979583 0.011875 0.015833
0 0.741875 0.810833 0.0125 0.016667
0 0.770938 0.78 0.013125 0.018333
0 0.76625 0.735 0.01125 0.016667
0 0.90125 0.69125 0.0125 0.014167
0 0.921875 0.630417 0.01125 0.0175
0 0.944375 0.542917 0.01 0.0125
0 0.989688 0.489583 0.009375 0.014167
0 0.984062 0.265 0.011875 0.015
0 0.93375 0.361667 0.01125 0.016667
0 0.934688 0.301667 0.010625 0.015
0 0.890625 0.290417 0.01125 0.015833
0 0.881875 0.180417 0.0125 0.015833
0 0.906875 0.172083 0.01125 0.015833
0 0.884375 0.152917 0.01375 0.0175
0 0.885 0.125833 0.01 0.016667
0 0.861563 0.109583 0.014375 0.0175
0 0.829375 0.110417 0.01125 0.015833
0 0.814688 0.104167 0.011875 0.015
0 0.813438 0.204583 0.015625 0.019167
0 0.911875 0.42 0.01125 0.016667
0 0.889062 0.442917 0.014375 0.019167
0 0.842812 0.405 0.011875 0.016667
0 0.805937 0.43625 0.013125 0.0175
0 0.855 0.4725 0.01125 0.02
0 0.854688 0.564167 0.011875 0.02
0 0.800312 0.531667 0.011875 0.016667
0 0.788125 0.503333 0.01125 0.018333
0 0.831562 0.601667 0.011875 0.018333
0 0.7225 0.94875 0.00875 0.0125
0 0.60375 0.93875 0.0125 0.0175
0 0.5575 0.92125 0.01125 0.015833
0 0.54875 0.86625 0.01125 0.019167
0 0.51875 0.8575 0.01125 0.016667
0 0.537188 0.817917 0.011875 0.015833
0 0.572187 0.764167 0.010625 0.016667
0 0.5625 0.733333 0.01 0.015
0 0.665 0.770417 0.0125 0.0175
0 0.65375 0.73625 0.0125 0.019167
0 0.652813 0.5975 0.011875 0.015
0 0.701875 0.558333 0.0125 0.015
0 0.695625 0.405417 0.0125 0.015833
0 0.675312 0.389167 0.014375 0.018333
0 0.714688 0.31625 0.011875 0.0175
0 0.744375 0.270417 0.01125 0.0175
0 0.76375 0.144167 0.01 0.016667
0 0.688125 0.062917 0.01125 0.0175
0 0.654062 0.074583 0.014375 0.019167
0 0.66 0.119583 0.0125 0.015833
0 0.675937 0.138333 0.014375 0.018333
0 0.619687 0.140417 0.014375 0.015833
0 0.580313 0.185 0.010625 0.016667
0 0.578125 0.26 0.0125 0.015
0 0.610938 0.3075 0.014375 0.018333
0 0.555937 0.471667 0.013125 0.016667
0 0.426875 0.904583 0.0125 0.0175
0 0.37375 0.96625 0.0125 0.019167
0 0.335625 0.99 0.01125 0.015
0 0.416563 0.87125 0.010625 0.015833
0 0.414687 0.78875 0.011875 0.0175
0 0.26375 0.919167 0.01375 0.013333
0 0.258437 0.9025 0.013125 0.015
0 0.273125 0.897083 0.01125 0.0175
0 0.321875 0.822083 0.01 0.0125
0 0.327813 0.81375 0.010625 0.014167
0 0.315937 0.813333 0.006875 0.01
0 0.349687 0.784583 0.013125 0.015833
0 0.340625 0.754583 0.01 0.0125
0 0.332813 0.715 0.009375 0.015
0 0.397188 0.774583 0.010625 0.014167
0 0.444375 0.71875 0.00875 0.0125
0 0.40625 0.643333 0.0125 0.018333
0 0.4675 0.607083 0.01125 0.014167
0 0.510938 0.58 0.010625 0.011667
0 0.52875 0.519167 0.01125 0.016667
0 0.46375 0.549167 0.01125 0.016667
0 0.413125 0.550833 0.0125 0.015
0 0.500625 0.423333 0.01375 0.018333
0 0.54 0.334167 0.01125 0.015
0 0.459062 0.28625 0.011875 0.015833
0 0.45375 0.254583 0.0125 0.015833
0 0.405313 0.127083 0.009375 0.0175
0 0.303438 0.023333 0.014375 0.016667
0 0.3425 0.19375 0.01125 0.015833
0 0.330313 0.340833 0.011875 0.016667
0 0.308437 0.404583 0.014375 0.019167
0 0.279375 0.457083 0.01125 0.015833
0 0.203437 0.922083 0.011875 0.014167
0 0.125 0.936667 0.01125 0.013333
0 0.144063 0.893333 0.010625 0.016667
0 0.123125 0.736667 0.0125 0.016667
0 0.015 0.65375 0.0125 0.015833
0 0.139375 0.627083 0.00875 0.010833
0 0.19125 0.622083 0.01375 0.0175
0 0.23875 0.61875 0.01 0.0125
0 0.141563 0.542917 0.010625 0.0175
0 0.134063 0.515417 0.010625 0.0125
0 0.006875 0.482083 0.0125 0.0175
0 0.003438 0.417083 0.005625 0.0125
0 0.145 0.445 0.0125 0.016667
0 0.102188 0.376667 0.014375 0.016667
0 0.197813 0.38875 0.011875 0.015833
0 0.2175 0.3275 0.01125 0.015
0 0.015938 0.272083 0.011875 0.0175
0 0.094375 0.264583 0.015 0.019167
0 0.17 0.277917 0.01125 0.015833
0 0.231875 0.249167 0.01125 0.015
0 0.192812 0.1925 0.013125 0.018333
0 0.037187 0.141667 0.013125 0.016667
0 0.2075 0.114167 0.0125 0.016667
0 0.360312 0.204583 0.011875 0.019167
0 0.485312 0.270417 0.008125 0.014167
0 0.4925 0.268333 0.01 0.013333
