0 0.094375 0.98875 0.02625 0.0225
0 0.215 0.942917 0.02625 0.0625
0 0.343125 0.55 0.02375 0.031667
0 0.186875 0.144583 0.02125 0.030833
0 0.428125 0.169167 0.0225 0.025
0 0.67375 0.145 0.01625 0.021667
0 0.6825 0.165 0.02 0.025
0 0.70375 0.285833 0.0225 0.03
0 0.95 0.19375 0.01625 0.025833
0 0.520938 0.4275 0.021875 0.028333
0 0.660312 0.48 0.023125 0.028333
0 0.52 0.492917 0.0225 0.0275
0 0.99 0.51875 0.02 0.034167
0 0.68625 0.704167 0.025 0.031667
0 0.559375 0.703333 0.02625 0.035
0 0.62875 0.599167 0.02 0.025
0 0.697187 0.917083 0.023125 0.030833
0 0.98125 0.840833 0.02375 0.038333
