0 0.8225 0.976667 0.015 0.02
0 0.81625 0.954583 0.01625 0.0175
0 0.761563 0.991667 0.011875 0.015
0 0.796562 0.857917 0.015625 0.0225
0 0.845313 0.688333 0.015625 0.02
0 0.649375 0.776667 0.01125 0.015
0 0.73375 0.726667 0.01125 0.015
0 0.771875 0.779167 0.01 0.016667
0 0.581875 0.7925 0.01125 0.015
0 0.565 0.936667 0.015 0.02
0 0.476562 0.937083 0.013125 0.0175
0 0.448125 0.841667 0.0075 0.015
0 0.461875 0.7 0.01 0.013333
0 0.452813 0.7125 0.010625 0.011667
0 0.470313 0.58 0.011875 0.016667
0 0.486563 0.602083 0.011875 0.019167
0 0.6225 0.965833 0.01 0.016667
0 0.74375 0.510833 0.01125 0.016667
0 0.635625 0.5625 0.01125 0.013333
0 0.595938 0.54625 0.008125 0.014167
0 0.586875 0.551667 0.01 0.013333
0 0.57875 0.512083 0.01 0.014167
0 0.434063 0.517083 0.009375 0.0125
0 0.429688 0.447917 0.010625 0.0175
0 0.46625 0.419583 0.01375 0.020833
0 0.484375 0.380417 0.01375 0.020833
0 0.526875 0.39375 0.0125 0.0175
0 0.519062 0.37 0.013125 0.015
0 0.557187 0.385417 0.009375 0.015833
0 0.685312 0.341667 0.014375 0.023333
0 0.671562 0.339583 0.011875 0.0225
0 0.706875 0.359583 0.01 0.014167
0 0.77125 0.280417 0.01 0.015833
0 0.655312 0.126667 0.013125 0.02
0 0.484687 0.171667 0.010625 0.018333
0 0.474687 0.171667 0.010625 0.013333
0 0.37625 0.965833 0.01125 0.015
0 0.356563 0.899583 0.011875 0.0175
0 0.400938 0.8425 0.013125 0.016667
0 0.130312 0.90125 0.011875 0.0175
0 0.034063 0.70375 0.013125 0.0175
0 0.1225 0.66625 0.0125 0.020833
0 0.074688 0.66125 0.010625 0.0175
0 0.063125 0.63875 0.01125 0.014167
0 0.005313 0.57 0.009375 0.013333
0 0.166563 0.5325 0.013125 0.018333
0 0.072188 0.497083 0.009375 0.015833
0 0.2125 0.622083 0.015 0.0175
0 0.316563 0.51125 0.010625 0.0175
0 0.3575 0.445 0.01125 0.015
0 0.274687 0.390417 0.013125 0.014167
0 0.045312 0.224167 0.011875 0.02
0 0.034688 0.228333 0.010625 0.016667
0 0.199063 0.239583 0.010625 0.019167
0 0.119688 0.132083 0.011875 0.0175
0 0.203437 0.057083 0.013125 0.0225
0 0.4375 0.277083 0.01 0.015833
0 0.41375 0.082917 0.015 0.019167
0 0.435312 0.0175 0.015625 0.023333
0 0.6425 0.5125 0.01 0.015
0 0.505313 0.300833 0.014375 0.018333
0 0.803125 0.6275 0.015 0.021667
0 0.355625 0.721667 0.01 0.016667
0 0.089375 0.355833 0.00875 0.015
0 0.099375 0.654583 0.0175 0.020833
0 0.27375 0.259583 0.01 0.015833
0 0.4875 0.75375 0.01 0.015833
0 0.48125 0.760417 0.01 0.0125
