0 0.035312 0.70625 0.031875 0.040833
0 0.041875 0.5825 0.03 0.035
0 0.173437 0.470833 0.018125 0.025
0 0.050313 0.385417 0.023125 0.0375
0 0.195312 0.3525 0.033125 0.043333
0 0.442188 0.6325 0.044375 0.035
0 0.578125 0.600833 0.0275 0.038333
0 0.623437 0.774167 0.023125 0.026667
0 0.618437 0.744583 0.015625 0.0225
0 0.764062 0.9325 0.019375 0.028333
0 0.759375 0.80125 0.01875 0.025833
0 0.722812 0.64875 0.019375 0.024167
0 0.923125 0.523333 0.02375 0.033333
0 0.846875 0.333333 0.03125 0.036667
0 0.674375 0.210833 0.02875 0.04
0 0.410625 0.08625 0.02375 0.030833
0 0.124688 0.407917 0.016875 0.025833
