0 0.630313 0.685 0.021875 0.03
0 0.751563 0.361667 0.021875 0.028333
0 0.989688 0.31375 0.020625 0.034167
0 0.977812 0.72375 0.025625 0.0375
0 0.879375 0.687917 0.02375 0.035833
0 0.853125 0.959583 0.02 0.024167
0 0.757812 0.925 0.021875 0.036667
0 0.69875 0.9175 0.0225 0.035
0 0.659062 0.963333 0.024375 0.033333
0 0.590313 0.987083 0.023125 0.025833
0 0.539062 0.901667 0.018125 0.03
0 0.367812 0.687083 0.021875 0.029167
0 0.229687 0.70375 0.021875 0.0325
0 0.059062 0.507917 0.023125 0.030833
0 0.188438 0.4675 0.019375 0.026667
0 0.008438 0.449583 0.015625 0.034167
0 0.088438 0.410833 0.019375 0.025
0 0.359687 0.366667 0.019375 0.028333
0 0.0875 0.280833 0.01875 0.026667
0 0.130312 0.23375 0.021875 0.025833
0 0.31875 0.2575 0.0225 0.025
0 0.294063 0.188333 0.021875 0.028333
