0 0.033125 0.586667 0.035 0.036667
0 0.016875 0.602917 0.02875 0.040833
0 0.010937 0.448333 0.020625 0.048333
0 0.031875 0.338333 0.01625 0.021667
0 0.041875 0.499583 0.02 0.0275
0 0.124063 0.58125 0.020625 0.025833
0 0.21 0.300417 0.02875 0.044167
0 0.118125 0.20625 0.0175 0.024167
0 0.257188 0.447083 0.024375 0.035833
0 0.269688 0.600417 0.023125 0.029167
0 0.205937 0.810833 0.028125 0.038333
0 0.194062 0.880833 0.020625 0.028333
0 0.424375 0.705833 0.0275 0.033333
0 0.6 0.74625 0.03125 0.0475
0 0.628125 0.706667 0.035 0.05
0 0.71625 0.791667 0.03 0.045
0 0.88375 0.787917 0.03 0.0375
0 0.771563 0.71625 0.019375 0.024167
0 0.795 0.58625 0.0275 0.034167
0 0.993125 0.42625 0.01375 0.025833
0 0.89375 0.312083 0.01875 0.024167
0 0.993437 0.23875 0.013125 0.024167
0 0.908125 0.194167 0.02 0.028333
0 0.498125 0.405417 0.025 0.0325
0 0.58 0.967917 0.01375 0.019167
0 0.5225 0.0525 0.02625 0.038333
0 0.874062 0.019167 0.029375 0.036667
