0 0.86375 0.76375 0.015 0.020833
0 0.725938 0.872083 0.011875 0.019167
0 0.748125 0.855417 0.0125 0.0175
0 0.727812 0.810833 0.011875 0.018333
0 0.83375 0.762083 0.01125 0.015833
0 0.827187 0.745833 0.010625 0.016667
0 0.814688 0.745833 0.010625 0.013333
0 0.867812 0.939583 0.011875 0.014167
0 0.961562 0.749583 0.011875 0.014167
0 0.948438 0.715 0.008125 0.015
0 0.938438 0.710833 0.011875 0.021667
0 0.829063 0.714583 0.009375 0.014167
0 0.774375 0.662083 0.01125 0.015833
0 0.759687 0.629583 0.013125 0.0175
0 0.896875 0.621667 0.01125 0.015
0 0.904375 0.5725 0.01125 0.018333
0 0.869062 0.5725 0.010625 0.016667
0 0.79125 0.525 0.01125 0.016667
0 0.825 0.491667 0.01125 0.018333
0 0.85125 0.473333 0.0125 0.018333
0 0.889375 0.439583 0.01375 0.019167
0 0.932187 0.510417 0.013125 0.0175
0 0.94875 0.531667 0.01 0.015
0 0.990938 0.504167 0.014375 0.018333
0 0.929375 0.402917 0.01 0.015833
0 0.98 0.394167 0.0125 0.02
0 0.930937 0.370833 0.013125 0.016667
0 0.911875 0.334583 0.0125 0.015833
0 0.943438 0.299167 0.011875 0.015
0 0.857187 0.255 0.010625 0.016667
0 0.8825 0.242083 0.01125 0.019167
0 0.95375 0.160417 0.01375 0.020833
0 0.847187 0.176667 0.010625 0.015
0 0.804688 0.135833 0.011875 0.018333
0 0.81 0.10125 0.0125 0.015833
0 0.833438 0.057083 0.011875 0.015833
0 0.730313 0.094583 0.013125 0.014167
0 0.736875 0.222083 0.01375 0.020833
0 0.718125 0.264167 0.015 0.016667
0 0.736875 0.319583 0.01125 0.014167
0 0.715 0.34 0.0125 0.016667
0 0.662813 0.34 0.009375 0.013333
0 0.67125 0.401667 0.01375 0.015
0 0.691562 0.445 0.014375 0.018333
0 0.692813 0.471667 0.010625 0.016667
0 0.705937 0.529167 0.009375 0.016667
0 0.699688 0.56375 0.009375 0.014167
0 0.689375 0.582917 0.01125 0.015833
0 0.718125 0.629167 0.01 0.015
0 0.637813 0.93375 0.011875 0.015833
0 0.65125 0.8325 0.01 0.013333
0 0.547813 0.927917 0.010625 0.015833
0 0.540625 0.890417 0.01125 0.0175
0 0.395937 0.937083 0.009375 0.0125
0 0.351562 0.989167 0.011875 0.015
0 0.368437 0.957917 0.011875 0.0175
0 0.377188 0.919583 0.010625 0.014167
0 0.573125 0.939583 0.01 0.014167
0 0.5775 0.816667 0.01 0.013333
0 0.460313 0.742083 0.013125 0.019167
0 0.606875 0.685 0.01 0.015
0 0.581875 0.633333 0.01 0.015
0 0.51 0.663333 0.01125 0.016667
0 0.452813 0.686667 0.010625 0.013333
0 0.424063 0.753333 0.010625 0.016667
0 0.44375 0.6675 0.0125 0.018333
0 0.384062 0.70125 0.013125 0.019167
0 0.363438 0.752917 0.014375 0.019167
0 0.451562 0.547917 0.013125 0.0175
0 0.45375 0.37875 0.0125 0.0175
0 0.513437 0.339167 0.010625 0.013333
0 0.548438 0.29625 0.011875 0.015833
0 0.615625 0.210417 0.01375 0.015833
0 0.63 0.138333 0.015 0.016667
0 0.67625 0.1175 0.0125 0.015
0 0.610625 0.10125 0.0125 0.0175
0 0.576562 0.11625 0.013125 0.019167
0 0.564063 0.120833 0.009375 0.015
0 0.433125 0.069167 0.01125 0.015
0 0.449688 0.10875 0.011875 0.0175
0 0.48375 0.175833 0.0125 0.016667
0 0.4425 0.235833 0.0125 0.018333
0 0.406562 0.494167 0.010625 0.013333
0 0.038125 0.92625 0.01375 0.019167
0 0.02 0.892083 0.01375 0.020833
0 0.080937 0.8925 0.011875 0.016667
0 0.19375 0.941667 0.0125 0.018333
0 0.193125 0.88125 0.01125 0.0175
0 0.227813 0.845417 0.011875 0.015833
0 0.283125 0.857083 0.0125 0.015833
0 0.300938 0.66625 0.010625 0.014167
0 0.355 0.5375 0.01125 0.016667
0 0.34625 0.519583 0.0125 0.015833
0 0.31375 0.500833 0.01375 0.018333
0 0.329062 0.49875 0.011875 0.015833
0 0.35875 0.46 0.01375 0.018333
0 0.240625 0.527917 0.01125 0.014167
0 0.245625 0.707917 0.01375 0.0175
0 0.327813 0.637917 0.014375 0.0175
0 0.185625 0.44875 0.01125 0.0125
0 0.223438 0.433333 0.013125 0.015
0 0.235 0.406667 0.01125 0.015
0 0.276875 0.390417 0.01375 0.0175
0 0.283438 0.356667 0.010625 0.011667
0 0.347813 0.252083 0.014375 0.019167
0 0.327813 0.201667 0.010625 0.016667
0 0.374375 0.15375 0.01 0.015833
0 0.330937 0.129583 0.015625 0.015833
0 0.187812 0.019167 0.014375 0.021667
0 0.109375 0.17375 0.01 0.0175
0 0.12125 0.23625 0.01125 0.019167
0 0.128125 0.295833 0.0125 0.018333
0 0.180625 0.295417 0.0125 0.0175
0 0.186562 0.340417 0.011875 0.015833
0 0.055 0.290833 0.01125 0.018333
0 0.030625 0.403333 0.015 0.023333
0 0.099062 0.512083 0.013125 0.0175
0 0.0575 0.514583 0.0125 0.019167
0 0.058125 0.537917 0.0125 0.0175
0 0.020625 0.549167 0.01125 0.016667
0 0.093438 0.575 0.013125 0.016667
0 0.158438 0.632083 0.010625 0.0175
0 0.019688 0.679583 0.013125 0.0175
0 0.122813 0.727917 0.013125 0.0175
0 0.420938 0.3325 0.011875 0.011667
0 0.57625 0.049583 0.0175 0.020833
0 0.365625 0.190833 0.01125 0.018333
0 0.356875 0.043333 0.01125 0.016667
0 0.146875 0.817917 0.015 0.020833
0 0.15125 0.424167 0.0125 0.018333
