0 0.299375 0.039167 0.01625 0.025
0 0.401562 0.070417 0.018125 0.0225
0 0.375625 0.142083 0.02125 0.025833
0 0.274687 0.23125 0.015625 0.0225
0 0.176563 0.209167 0.018125 0.025
0 0.15125 0.211667 0.02 0.023333
0 0.045625 0.35875 0.02125 0.025833
0 0.291875 0.3975 0.01875 0.026667
0 0.412187 0.376667 0.015625 0.021667
0 0.336875 0.469167 0.01375 0.018333
0 0.187188 0.504167 0.015625 0.021667
0 0.1475 0.520833 0.0125 0.016667
0 0.032813 0.529583 0.021875 0.029167
0 0.080312 0.29125 0.014375 0.019167
0 0.24625 0.542917 0.015 0.020833
0 0.263125 0.54125 0.015 0.020833
0 0.23 0.940833 0.02125 0.028333
0 0.23 0.968333 0.0175 0.023333
0 0.262813 0.888333 0.013125 0.018333
0 0.294687 0.810833 0.018125 0.023333
0 0.516875 0.699583 0.0175 0.0225
0 0.535312 0.840833 0.011875 0.016667
0 0.578125 0.765833 0.01375 0.02
0 0.615625 0.785 0.01625 0.021667
0 0.68875 0.880417 0.0125 0.015833
0 0.82125 0.90625 0.015 0.019167
0 0.922813 0.767083 0.019375 0.0275
0 0.622188 0.697083 0.015625 0.015833
0 0.906875 0.670833 0.01625 0.023333
0 0.929063 0.617083 0.016875 0.024167
0 0.7625 0.502917 0.01625 0.0225
0 0.714375 0.61 0.015 0.023333
0 0.739375 0.32 0.02 0.028333
0 0.719688 0.2625 0.013125 0.02
0 0.9 0.12 0.01875 0.026667
0 0.626563 0.22375 0.026875 0.0325
0 0.624687 0.25875 0.020625 0.0275
0 0.611563 0.251667 0.015625 0.028333
0 0.573125 0.25125 0.015 0.024167
0 0.528125 0.268333 0.015 0.018333
0 0.493437 0.349583 0.014375 0.0175
0 0.70375 0.130833 0.01125 0.016667
0 0.649062 0.094167 0.014375 0.02
0 0.635312 0.095833 0.014375 0.02
0 0.590938 0.118333 0.015625 0.021667
0 0.732812 0.745 0.015625 0.018333
0 0.71625 0.09 0.01625 0.02
0 0.780937 0.19 0.015625 0.015
