0 0.1425 0.752083 0.02875 0.039167
0 0.194375 0.893333 0.01875 0.023333
0 0.224062 0.904167 0.019375 0.028333
0 0.404687 0.83375 0.023125 0.0275
0 0.395625 0.701667 0.02 0.026667
0 0.339375 0.675833 0.02625 0.03
0 0.312188 0.660417 0.023125 0.039167
0 0.330937 0.648333 0.020625 0.033333
0 0.22375 0.56625 0.0225 0.030833
0 0.324688 0.5625 0.018125 0.025
0 0.405625 0.587917 0.01625 0.024167
0 0.033438 0.577917 0.026875 0.0375
0 0.2675 0.402083 0.01875 0.025833
0 0.171563 0.369167 0.020625 0.031667
0 0.409687 0.345417 0.023125 0.029167
0 0.592187 0.382083 0.026875 0.0375
0 0.087188 0.07 0.020625 0.03
0 0.57625 0.060417 0.02 0.029167
0 0.621875 0.22875 0.02125 0.035833
0 0.624062 0.29 0.021875 0.031667
0 0.591562 0.311667 0.019375 0.028333
0 0.442812 0.310833 0.015625 0.021667
0 0.207813 0.49875 0.014375 0.0225
0 0.27125 0.70125 0.015 0.019167
0 0.518125 0.68625 0.02 0.020833
0 0.573438 0.722917 0.015625 0.0225
0 0.567187 0.660417 0.019375 0.025833
0 0.640312 0.689167 0.018125 0.02
0 0.731875 0.716667 0.0175 0.023333
0 0.760625 0.790417 0.0225 0.030833
0 0.922813 0.847917 0.021875 0.0375
0 0.77375 0.609583 0.02625 0.034167
0 0.69625 0.59875 0.01375 0.019167
0 0.725625 0.5325 0.0275 0.04
0 0.709063 0.505 0.016875 0.028333
0 0.730938 0.495417 0.020625 0.0275
0 0.707812 0.072083 0.016875 0.0225
0 0.7925 0.38375 0.015 0.019167
0 0.828125 0.22 0.01875 0.023333
0 0.916875 0.208333 0.01875 0.028333
0 0.886875 0.0575 0.015 0.018333
0 0.958125 0.134583 0.015 0.020833
0 0.980313 0.175417 0.021875 0.029167
0 0.919063 0.4775 0.019375 0.026667
0 0.9775 0.474167 0.0175 0.03
0 0.86 0.546667 0.02875 0.04
0 0.68625 0.4025 0.02875 0.035
