0 0.005625 0.599167 0.01 0.028333
0 0.142187 0.600417 0.025625 0.030833
0 0.124688 0.881667 0.023125 0.026667
0 0.32 0.835833 0.0175 0.021667
0 0.114062 0.395 0.015625 0.023333
0 0.134063 0.20875 0.018125 0.025833
0 0.268125 0.115833 0.02125 0.035
0 0.24125 0.284167 0.02125 0.023333
0 0.204375 0.432917 0.025 0.0275
0 0.395625 0.444583 0.0225 0.0325
0 0.391562 0.47625 0.016875 0.025833
0 0.389062 0.502083 0.025625 0.0275
0 0.391875 0.521667 0.025 0.028333
0 0.411562 0.512083 0.023125 0.025833
0 0.405938 0.49 0.014375 0.016667
0 0.41 0.704583 0.01625 0.024167
0 0.405938 0.25 0.023125 0.035
0 0.492812 0.41875 0.016875 0.0225
0 0.608125 0.378333 0.01875 0.023333
0 0.489375 0.035 0.01875 0.025
0 0.5075 0.190833 0.02125 0.03
0 0.616875 0.016667 0.02125 0.028333
0 0.705625 0.01125 0.02125 0.020833
0 0.729062 0.0125 0.020625 0.023333
0 0.83375 0.0775 0.0325 0.036667
0 0.8575 0.1225 0.02375 0.035
0 0.654687 0.140417 0.025625 0.0325
0 0.834063 0.207083 0.020625 0.025833
0 0.870625 0.325417 0.02625 0.029167
0 0.825625 0.398333 0.0225 0.03
0 0.820937 0.465833 0.019375 0.031667
0 0.625625 0.495417 0.01875 0.024167
0 0.709375 0.591667 0.0225 0.031667
0 0.756563 0.902083 0.019375 0.025833
0 0.609062 0.822083 0.023125 0.029167
0 0.950313 0.771667 0.018125 0.028333
