0 0.641875 0.753333 0.015 0.018333
0 0.835 0.97 0.015 0.018333
0 0.871563 0.914167 0.011875 0.016667
0 0.80875 0.896667 0.01125 0.018333
0 0.820625 0.86125 0.015 0.019167
0 0.936875 0.862083 0.0125 0.0175
0 0.863437 0.819167 0.010625 0.016667
0 0.968125 0.7025 0.015 0.016667
0 0.729375 0.949583 0.0125 0.019167
0 0.528438 0.964583 0.011875 0.0175
0 0.590938 0.94875 0.010625 0.015833
0 0.740625 0.910417 0.01 0.019167
0 0.727187 0.861667 0.011875 0.016667
0 0.745938 0.845 0.011875 0.018333
0 0.695937 0.844167 0.011875 0.021667
0 0.686875 0.8125 0.01 0.013333
0 0.606563 0.758333 0.011875 0.016667
0 0.6 0.740833 0.01 0.013333
0 0.614062 0.725 0.010625 0.016667
0 0.763437 0.796667 0.010625 0.015
0 0.775937 0.794167 0.010625 0.016667
0 0.750938 0.717917 0.009375 0.014167
0 0.630625 0.60375 0.01375 0.015833
0 0.769062 0.604167 0.014375 0.018333
0 0.859375 0.540417 0.0125 0.015833
0 0.910937 0.523333 0.010625 0.015
0 0.92 0.520417 0.01125 0.015833
0 0.774687 0.532917 0.013125 0.0175
0 0.739688 0.529167 0.011875 0.016667
0 0.724063 0.52875 0.013125 0.0175
0 0.676562 0.5525 0.013125 0.015
0 0.953438 0.440417 0.010625 0.014167
0 0.962187 0.435 0.013125 0.016667
0 0.956562 0.35625 0.011875 0.014167
0 0.971562 0.30125 0.011875 0.015833
0 0.95 0.255833 0.01375 0.016667
0 0.815312 0.235833 0.010625 0.013333
0 0.82625 0.219167 0.01625 0.016667
0 0.683438 0.196667 0.013125 0.015
0 0.763437 0.391667 0.011875 0.015
0 0.765 0.36875 0.0125 0.0175
0 0.66375 0.21625 0.01375 0.0175
0 0.681875 0.695 0.01375 0.02
0 0.66 0.400833 0.0125 0.016667
0 0.771563 0.435417 0.013125 0.019167
0 0.654687 0.428333 0.013125 0.018333
0 0.606563 0.419167 0.015625 0.02
0 0.606875 0.478333 0.01375 0.016667
0 0.575625 0.529167 0.01375 0.02
0 0.634375 0.86625 0.015 0.019167
0 0.547813 0.841667 0.010625 0.018333
0 0.465938 0.95 0.010625 0.02
0 0.492188 0.93625 0.010625 0.014167
0 0.401875 0.945417 0.01125 0.019167
0 0.30625 0.965 0.01125 0.018333
0 0.295625 0.96125 0.01125 0.0175
0 0.329375 0.916667 0.0125 0.018333
0 0.345938 0.9125 0.009375 0.015
0 0.357187 0.88125 0.009375 0.014167
0 0.277813 0.884167 0.010625 0.015
0 0.278125 0.80125 0.01375 0.019167
0 0.239687 0.79 0.011875 0.015
0 0.253437 0.751667 0.013125 0.02
0 0.272188 0.739583 0.011875 0.019167
0 0.232187 0.685 0.013125 0.016667
0 0.4575 0.835 0.015 0.018333
0 0.520625 0.714583 0.01125 0.014167
0 0.532188 0.668333 0.009375 0.015
0 0.4025 0.72125 0.015 0.019167
0 0.485 0.590417 0.015 0.019167
0 0.359063 0.642917 0.013125 0.014167
0 0.255625 0.617917 0.01375 0.015833
0 0.290312 0.605417 0.010625 0.015833
0 0.3575 0.610417 0.01125 0.015833
0 0.359063 0.574167 0.010625 0.015
0 0.431875 0.4975 0.01 0.016667
0 0.412813 0.487083 0.015625 0.019167
0 0.36625 0.495833 0.01375 0.018333
0 0.364375 0.456667 0.0125 0.018333
0 0.302187 0.505417 0.013125 0.015833
0 0.256563 0.487917 0.010625 0.0175
0 0.280938 0.47375 0.013125 0.015833
0 0.909062 0.141667 0.013125 0.02
0 0.928125 0.12625 0.01 0.015833
0 0.858437 0.115417 0.011875 0.014167
0 0.55875 0.255833 0.01375 0.016667
0 0.471562 0.777083 0.010625 0.015833
0 0.548438 0.373333 0.011875 0.013333
0 0.478438 0.34625 0.011875 0.015833
0 0.452188 0.307917 0.009375 0.014167
0 0.52875 0.33375 0.0125 0.0175
0 0.511875 0.350417 0.015 0.015833
0 0.53 0.29125 0.0125 0.015833
0 0.52375 0.135 0.01375 0.018333
0 0.495625 0.108333 0.01375 0.016667
0 0.422187 0.109167 0.013125 0.018333
0 0.371875 0.328333 0.01 0.016667
0 0.3425 0.326667 0.01375 0.016667
0 0.540937 0.045833 0.010625 0.015
0 0.42875 0.030833 0.01625 0.016667
0 0.410313 0.014167 0.008125 0.013333
0 0.285938 0.00875 0.013125 0.015833
0 0.252812 0.15875 0.010625 0.019167
0 0.227813 0.162083 0.013125 0.019167
0 0.272188 0.230833 0.013125 0.02
0 0.254063 0.265 0.015625 0.018333
0 0.284375 0.277083 0.01375 0.020833
0 0.125 0.122083 0.01 0.015833
0 0.094062 0.02875 0.010625 0.0175
0 0.078125 0.0425 0.01125 0.016667
0 0.04375 0.066667 0.015 0.018333
0 0.1175 0.141667 0.0125 0.016667
0 0.103125 0.2575 0.01375 0.018333
0 0.068437 0.31625 0.010625 0.014167
0 0.024063 0.338333 0.013125 0.015
0 0.141563 0.329167 0.015625 0.02
0 0.195937 0.435417 0.014375 0.0175
0 0.093438 0.414167 0.014375 0.02
0 0.016875 0.501667 0.01125 0.018333
0 0.089688 0.591667 0.014375 0.018333
0 0.090313 0.612917 0.013125 0.0175
0 0.00875 0.636667 0.015 0.018333
0 0.16 0.950417 0.01125 0.015833
0 0.202187 0.855417 0.014375 0.0175
0 0.325937 0.954583 0.008125 0.010833
0 0.114687 0.88625 0.011875 0.015833
0 0.13375 0.816667 0.0125 0.02
0 0.149688 0.799583 0.011875 0.0175
0 0.178125 0.710417 0.01125 0.0175
0 0.105625 0.72625 0.0125 0.019167
0 0.092813 0.7325 0.010625 0.016667
0 0.03375 0.685417 0.01375 0.0175
0 0.232187 0.6325 0.011875 0.015
0 0.158125 0.39 0.01125 0.013333
0 0.575625 0.215417 0.015 0.020833
0 0.547188 0.312917 0.013125 0.019167
0 0.580625 0.130417 0.01375 0.020833
0 0.779375 0.119583 0.01625 0.020833
0 0.6675 0.005 0.01625 0.008333
0 0.605313 0.890833 0.014375 0.02
