0 0.099375 0.1425 0.0225 0.03
0 0.245 0.085833 0.01625 0.023333
0 0.030312 0.242917 0.018125 0.0275
0 0.060937 0.349583 0.021875 0.029167
0 0.100312 0.5125 0.023125 0.03
0 0.148438 0.749583 0.018125 0.024167
0 0.175313 0.74875 0.018125 0.025833
0 0.19375 0.724167 0.01375 0.023333
0 0.173437 0.815833 0.019375 0.026667
0 0.372188 0.802083 0.015625 0.024167
0 0.429063 0.895833 0.015625 0.026667
0 0.4875 0.915417 0.02 0.0275
0 0.371875 0.75 0.02375 0.025
0 0.362812 0.731667 0.023125 0.031667
0 0.471562 0.664583 0.023125 0.030833
0 0.339062 0.474167 0.014375 0.02
0 0.469687 0.575417 0.019375 0.030833
0 0.50375 0.579583 0.0175 0.0225
0 0.219062 0.365833 0.020625 0.023333
0 0.328437 0.042083 0.018125 0.0275
0 0.61375 0.1275 0.0125 0.018333
0 0.74875 0.166667 0.02 0.028333
0 0.713125 0.22375 0.01875 0.024167
0 0.540312 0.29 0.019375 0.025
0 0.5625 0.343333 0.02125 0.026667
0 0.585938 0.429583 0.021875 0.029167
0 0.65125 0.95 0.0225 0.033333
0 0.632188 0.989167 0.019375 0.018333
0 0.697812 0.694167 0.015625 0.021667
0 0.718437 0.68125 0.018125 0.0225
0 0.686562 0.562917 0.023125 0.035833
0 0.6575 0.54125 0.01875 0.030833
0 0.7725 0.555 0.02 0.031667
0 0.785625 0.70875 0.01625 0.025833
0 0.870938 0.614167 0.014375 0.023333
0 0.905312 0.355833 0.029375 0.031667
0 0.944688 0.6175 0.014375 0.018333
0 0.823438 0.962917 0.023125 0.030833
