0 0.955 0.315417 0.01 0.014167
0 0.925625 0.297917 0.01 0.0125
0 0.911875 0.279583 0.00875 0.0125
0 0.900312 0.267917 0.009375 0.0125
0 0.930937 0.19875 0.008125 0.014167
0 0.92625 0.161667 0.0125 0.018333
0 0.849375 0.167917 0.0125 0.0175
0 0.811875 0.149167 0.01 0.015
0 0.75125 0.078333 0.00875 0.011667
0 0.76625 0.052917 0.01 0.010833
0 0.763125 0.044167 0.01 0.01
0 0.746875 0.013333 0.01 0.013333
0 0.682813 0.0375 0.009375 0.011667
0 0.724375 0.134167 0.01 0.011667
0 0.693125 0.062083 0.00625 0.009167
0 0.717812 0.195417 0.009375 0.014167
0 0.774375 0.24625 0.01 0.0125
0 0.831562 0.219167 0.010625 0.013333
0 0.805312 0.285833 0.009375 0.011667
0 0.865313 0.25875 0.010625 0.0125
0 0.843125 0.287083 0.0075 0.0125
0 0.835313 0.426667 0.010625 0.015
0 0.858125 0.4625 0.01 0.013333
0 0.657813 0.022083 0.008125 0.010833
0 0.654375 0.036667 0.01 0.011667
0 0.6725 0.0125 0.01 0.011667
0 0.640938 0.140417 0.009375 0.0125
0 0.615625 0.01875 0.00875 0.010833
0 0.595938 0.043333 0.010625 0.015
0 0.543438 0.065833 0.009375 0.013333
0 0.563125 0.099167 0.01 0.015
0 0.810312 0.392917 0.011875 0.015833
0 0.721562 0.455417 0.009375 0.0125
0 0.740313 0.485833 0.010625 0.015
0 0.822812 0.544167 0.009375 0.011667
0 0.79625 0.5325 0.00875 0.011667
0 0.816562 0.510833 0.010625 0.013333
0 0.974375 0.592917 0.00875 0.0125
0 0.940937 0.592917 0.009375 0.0125
0 0.939063 0.6225 0.010625 0.015
0 0.91875 0.615833 0.01 0.011667
0 0.937813 0.66 0.010625 0.013333
0 0.91125 0.648333 0.01 0.011667
0 0.9025 0.632083 0.00875 0.010833
0 0.887188 0.60375 0.009375 0.010833
0 0.879687 0.646667 0.008125 0.013333
0 0.869375 0.678333 0.00875 0.011667
0 0.843125 0.692917 0.01 0.014167
0 0.833438 0.6375 0.010625 0.011667
0 0.8025 0.590417 0.00875 0.0125
0 0.779687 0.621667 0.011875 0.015
0 0.792188 0.665417 0.010625 0.014167
0 0.831562 0.7225 0.011875 0.013333
0 0.890312 0.747917 0.008125 0.0125
0 0.77 0.7275 0.01125 0.015
0 0.820625 0.78 0.01 0.011667
0 0.805312 0.8425 0.010625 0.015
0 0.863437 0.8625 0.010625 0.015
0 0.822812 0.96875 0.011875 0.014167
0 0.823125 0.957083 0.01125 0.010833
0 0.889375 0.89125 0.00875 0.014167
0 0.79 0.898333 0.00875 0.011667
0 0.774375 0.875417 0.01 0.0125
0 0.760938 0.883333 0.011875 0.015
0 0.751875 0.969167 0.00875 0.011667
0 0.7175 0.981667 0.01125 0.015
0 0.753437 0.746667 0.009375 0.011667
0 0.801875 0.764583 0.00875 0.010833
0 0.656875 0.9875 0.01 0.011667
0 0.650937 0.97625 0.009375 0.0125
0 0.628125 0.985417 0.00875 0.010833
0 0.622188 0.970833 0.009375 0.011667
0 0.652188 0.956667 0.009375 0.013333
0 0.63125 0.935 0.00875 0.011667
0 0.674063 0.932083 0.009375 0.0175
0 0.660625 0.914583 0.01 0.010833
0 0.656563 0.899583 0.011875 0.014167
0 0.63625 0.8875 0.01 0.008333
0 0.635938 0.878333 0.008125 0.011667
0 0.650625 0.86625 0.01 0.014167
0 0.604375 0.842083 0.01 0.014167
0 0.60375 0.826667 0.01 0.013333
0 0.577812 0.84 0.008125 0.011667
0 0.668438 0.755 0.010625 0.011667
0 0.699375 0.718333 0.00875 0.013333
0 0.72875 0.697917 0.00875 0.0125
0 0.70125 0.678333 0.01125 0.013333
0 0.709688 0.67 0.010625 0.011667
0 0.668438 0.7025 0.009375 0.013333
0 0.723437 0.615833 0.006875 0.011667
0 0.716875 0.6125 0.00625 0.011667
0 0.694688 0.560833 0.013125 0.015
0 0.685312 0.4675 0.008125 0.01
0 0.64875 0.44 0.01 0.011667
0 0.640938 0.371667 0.009375 0.011667
0 0.679688 0.350417 0.009375 0.014167
0 0.48125 0.087083 0.01125 0.014167
0 0.446875 0.079167 0.01 0.013333
0 0.472813 0.10625 0.009375 0.0125
0 0.547813 0.138333 0.008125 0.013333
0 0.477812 0.15375 0.008125 0.010833
0 0.479375 0.164583 0.0075 0.010833
0 0.4375 0.16125 0.0075 0.010833
0 0.550625 0.206667 0.01125 0.015
0 0.49125 0.223333 0.00875 0.011667
0 0.425 0.255 0.00875 0.011667
0 0.542188 0.244167 0.010625 0.015
0 0.4825 0.28875 0.00875 0.0125
0 0.486875 0.315 0.0075 0.01
0 0.575625 0.322917 0.01 0.014167
0 0.393125 0.095417 0.00875 0.0125
0 0.3775 0.07375 0.0075 0.010833
0 0.304688 0.062083 0.010625 0.0125
0 0.384062 0.178333 0.008125 0.011667
0 0.369688 0.18375 0.008125 0.0125
0 0.300625 0.197083 0.01375 0.015833
0 0.308437 0.19 0.010625 0.013333
0 0.317812 0.1825 0.008125 0.011667
0 0.324062 0.330417 0.009375 0.015833
0 0.375625 0.348333 0.00875 0.011667
0 0.431563 0.342083 0.010625 0.0125
0 0.4475 0.352917 0.01 0.0125
0 0.451562 0.364167 0.009375 0.011667
0 0.481563 0.354167 0.010625 0.013333
0 0.494375 0.352917 0.00875 0.0125
0 0.54125 0.393333 0.00875 0.011667
0 0.556562 0.402917 0.008125 0.010833
0 0.565937 0.4075 0.008125 0.011667
0 0.364687 0.417083 0.008125 0.0125
0 0.427187 0.477083 0.009375 0.0125
0 0.508125 0.445417 0.01 0.0125
0 0.5575 0.447083 0.01 0.014167
0 0.587812 0.475833 0.009375 0.011667
0 0.52375 0.48125 0.00875 0.010833
0 0.404375 0.4875 0.01 0.011667
0 0.406562 0.502917 0.009375 0.0125
0 0.553125 0.522917 0.01 0.0125
0 0.560937 0.55 0.008125 0.011667
0 0.54 0.5425 0.01 0.013333
0 0.513125 0.522917 0.01 0.0125
0 0.489687 0.5275 0.010625 0.011667
0 0.45625 0.546667 0.0075 0.011667
0 0.41 0.539583 0.01 0.014167
0 0.385313 0.555 0.009375 0.013333
0 0.366875 0.544167 0.01 0.011667
0 0.368125 0.562917 0.01 0.0125
0 0.295 0.500833 0.01 0.013333
0 0.300938 0.555417 0.010625 0.014167
0 0.620938 0.4925 0.010625 0.013333
0 0.618437 0.525833 0.008125 0.011667
0 0.612187 0.53125 0.006875 0.010833
0 0.66 0.526667 0.01125 0.013333
0 0.639375 0.519167 0.00875 0.011667
0 0.621875 0.578333 0.00875 0.011667
0 0.611875 0.57875 0.00875 0.0125
0 0.59875 0.62625 0.00875 0.0125
0 0.633437 0.665417 0.009375 0.014167
0 0.609062 0.712917 0.009375 0.0125
0 0.595313 0.725833 0.010625 0.015
0 0.56625 0.700833 0.01125 0.011667
0 0.553125 0.644583 0.0075 0.0125
0 0.546875 0.620417 0.01125 0.015833
0 0.378437 0.6975 0.010625 0.015
0 0.480938 0.702083 0.009375 0.014167
0 0.466562 0.702917 0.009375 0.0125
0 0.44375 0.715417 0.00875 0.0125
0 0.422187 0.7425 0.009375 0.011667
0 0.35625 0.754583 0.0075 0.010833
0 0.5125 0.74 0.00875 0.013333
0 0.53625 0.725833 0.00875 0.011667
0 0.5375 0.755 0.01 0.011667
0 0.52375 0.7775 0.0125 0.016667
0 0.422187 0.785 0.008125 0.011667
0 0.415625 0.794167 0.00875 0.013333
0 0.406562 0.796667 0.008125 0.011667
0 0.487187 0.811667 0.006875 0.01
0 0.483438 0.81625 0.009375 0.010833
0 0.42125 0.84625 0.0075 0.010833
0 0.360625 0.811667 0.00875 0.013333
0 0.355312 0.842917 0.009375 0.014167
0 0.37375 0.849583 0.00875 0.0125
0 0.40375 0.899583 0.00875 0.0125
0 0.541875 0.88625 0.00875 0.010833
0 0.489687 0.900833 0.010625 0.013333
0 0.523125 0.915833 0.01 0.013333
0 0.515312 0.93 0.009375 0.011667
0 0.539687 0.972917 0.010625 0.015833
0 0.460625 0.9775 0.01 0.013333
0 0.43 0.981667 0.0125 0.016667
0 0.391562 0.995 0.009375 0.01
0 0.360625 0.9725 0.01 0.011667
0 0.324062 0.955833 0.009375 0.015
0 0.259062 0.970417 0.011875 0.015833
0 0.315937 0.931667 0.009375 0.013333
0 0.302187 0.960833 0.010625 0.011667
0 0.2325 0.95625 0.01 0.014167
0 0.176563 0.914583 0.010625 0.0125
0 0.215625 0.88875 0.00875 0.014167
0 0.212188 0.86625 0.011875 0.015833
0 0.219688 0.83875 0.010625 0.014167
0 0.260313 0.843333 0.011875 0.016667
0 0.275 0.830417 0.01125 0.015833
0 0.168125 0.79125 0.00875 0.0125
0 0.084687 0.808333 0.009375 0.015
0 0.125625 0.78 0.01 0.011667
0 0.154375 0.764583 0.01125 0.015833
0 0.199687 0.76875 0.010625 0.014167
0 0.291875 0.006667 0.0075 0.011667
0 0.278125 0.373333 0.01 0.013333
0 0.31 0.604167 0.00875 0.013333
0 0.334375 0.636667 0.00875 0.013333
0 0.31875 0.653333 0.00875 0.013333
0 0.30375 0.625 0.0075 0.011667
0 0.350938 0.694583 0.009375 0.010833
0 0.334688 0.725417 0.009375 0.010833
0 0.327188 0.734167 0.008125 0.013333
0 0.31375 0.684583 0.01 0.015833
0 0.328437 0.772083 0.009375 0.0125
0 0.056875 0.725833 0.01 0.013333
0 0.073438 0.709167 0.008125 0.013333
0 0.13375 0.74625 0.01 0.014167
0 0.143437 0.72 0.009375 0.011667
0 0.113437 0.695 0.010625 0.013333
0 0.118438 0.661667 0.010625 0.016667
0 0.215312 0.709583 0.009375 0.014167
0 0.228125 0.713333 0.01125 0.011667
0 0.239687 0.660833 0.009375 0.016667
0 0.229375 0.658333 0.01 0.013333
0 0.072188 0.675 0.009375 0.011667
0 0.0925 0.662083 0.00875 0.0125
0 0.252812 0.603333 0.009375 0.013333
0 0.265937 0.591667 0.008125 0.011667
0 0.259375 0.587083 0.00875 0.010833
0 0.046562 0.57875 0.009375 0.0125
0 0.190312 0.610417 0.009375 0.0125
0 0.166563 0.55875 0.009375 0.0125
0 0.19 0.546667 0.00875 0.011667
0 0.26125 0.554167 0.01 0.013333
0 0.05 0.552917 0.0075 0.010833
0 0.04625 0.56125 0.00875 0.010833
0 0.057813 0.520417 0.009375 0.014167
0 0.064062 0.537917 0.009375 0.0125
0 0.08875 0.522917 0.00875 0.0125
0 0.148438 0.538333 0.009375 0.013333
0 0.183125 0.492083 0.00875 0.0125
0 0.219688 0.469583 0.009375 0.0125
0 0.215 0.4475 0.00875 0.013333
0 0.179375 0.46625 0.01125 0.014167
0 0.147187 0.447083 0.009375 0.0125
0 0.120625 0.439167 0.01 0.011667
0 0.10875 0.4325 0.00875 0.011667
0 0.105 0.412083 0.00875 0.0125
0 0.071563 0.372917 0.009375 0.014167
0 0.153438 0.405 0.010625 0.013333
0 0.15375 0.38625 0.01125 0.014167
0 0.256875 0.319167 0.01125 0.013333
0 0.142187 0.29125 0.010625 0.014167
0 0.2125 0.299583 0.01125 0.015833
0 0.101875 0.308333 0.01 0.013333
0 0.075938 0.2675 0.010625 0.015
0 0.220625 0.240417 0.00875 0.014167
0 0.19 0.225833 0.0125 0.013333
0 0.195625 0.169583 0.00875 0.015833
0 0.210313 0.161667 0.010625 0.013333
0 0.224375 0.109167 0.00875 0.013333
0 0.229687 0.0825 0.010625 0.015
0 0.467813 0.487917 0.010625 0.014167
0 0.268437 0.34625 0.008125 0.0125
0 0.224688 0.3675 0.014375 0.015
0 0.381875 0.8875 0.00875 0.01
0 0.204687 0.494167 0.011875 0.016667
0 0.269688 0.605417 0.011875 0.0125
0 0.081875 0.582917 0.01 0.009167
0 0.081875 0.574167 0.01 0.011667
0 0.431563 0.913333 0.014375 0.02
0 0.75625 0.192083 0.00875 0.0125
