0 0.926875 0.054167 0.0125 0.018333
0 0.908125 0.053333 0.0125 0.02
0 0.9275 0.2225 0.01 0.015
0 0.920937 0.21125 0.008125 0.014167
0 0.898438 0.192083 0.010625 0.014167
0 0.889062 0.184167 0.010625 0.013333
0 0.770312 0.038333 0.008125 0.01
0 0.649687 0.105833 0.010625 0.018333
0 0.794687 0.365 0.010625 0.015
0 0.81375 0.427083 0.01 0.015833
0 0.721875 0.571667 0.01125 0.018333
0 0.788125 0.65 0.01375 0.021667
0 0.932813 0.68 0.010625 0.015
0 0.776875 0.700833 0.00875 0.015
0 0.877188 0.759167 0.013125 0.016667
0 0.926875 0.747917 0.0125 0.014167
0 0.889687 0.835 0.010625 0.013333
0 0.919375 0.790833 0.01125 0.016667
0 0.879687 0.969583 0.008125 0.014167
0 0.900625 0.874583 0.00875 0.014167
0 0.800625 0.943333 0.01 0.015
0 0.715938 0.902917 0.009375 0.0125
0 0.681875 0.961667 0.01125 0.015
0 0.629687 0.955417 0.011875 0.014167
0 0.604688 0.97125 0.010625 0.0125
0 0.695625 0.785417 0.01375 0.020833
0 0.724375 0.450833 0.0125 0.015
0 0.620938 0.527917 0.011875 0.015833
0 0.544687 0.963333 0.013125 0.018333
0 0.5475 0.9375 0.01375 0.018333
0 0.584375 0.914583 0.01125 0.019167
0 0.5975 0.7475 0.01375 0.018333
0 0.536875 0.738333 0.0125 0.015
0 0.54625 0.72625 0.0125 0.014167
0 0.544375 0.6675 0.01125 0.013333
0 0.596875 0.595833 0.00875 0.011667
0 0.565937 0.584583 0.013125 0.015833
0 0.434688 0.57375 0.010625 0.0125
0 0.434063 0.557083 0.010625 0.0125
0 0.510625 0.520417 0.01125 0.014167
0 0.555 0.472083 0.015 0.019167
0 0.42625 0.370417 0.01375 0.0175
0 0.4275 0.284167 0.0125 0.016667
0 0.474375 0.160417 0.0125 0.0175
0 0.514375 0.131667 0.01125 0.015
0 0.500313 0.13125 0.010625 0.014167
0 0.53875 0.112083 0.01125 0.0175
0 0.46875 0.035417 0.01375 0.019167
0 0.44125 0.039167 0.01125 0.015
0 0.423125 0.024583 0.01375 0.019167
0 0.570625 0.35625 0.00875 0.015833
0 0.335 0.995833 0.01125 0.008333
0 0.29625 0.990417 0.00875 0.0125
0 0.290938 0.95 0.010625 0.015
0 0.295625 0.87125 0.01375 0.019167
0 0.32625 0.89125 0.01 0.015833
0 0.2625 0.8175 0.01 0.016667
0 0.24125 0.699583 0.01 0.0125
0 0.296875 0.744583 0.01 0.0125
0 0.395313 0.672083 0.013125 0.015833
0 0.137813 0.62 0.015625 0.018333
0 0.135 0.57 0.0125 0.015
0 0.225312 0.4925 0.015625 0.021667
0 0.010937 0.493333 0.011875 0.016667
0 0.003438 0.4125 0.005625 0.018333
0 0.040625 0.41625 0.01375 0.015833
0 0.168437 0.4175 0.013125 0.02
0 0.298438 0.33 0.011875 0.018333
0 0.340938 0.299583 0.015625 0.020833
0 0.333125 0.592083 0.01375 0.0175
0 0.181875 0.06375 0.01375 0.0175
0 0.185 0.112917 0.01375 0.0175
0 0.224375 0.0725 0.01625 0.02
0 0.1925 0.061667 0.00875 0.011667
0 0.289062 0.075833 0.008125 0.01
0 0.911875 0.412083 0.01 0.0175
0 0.839688 0.3 0.011875 0.016667
