0 0.120313 0.035417 0.011875 0.0175
0 0.283438 0.015417 0.010625 0.0175
0 0.317188 0.0475 0.011875 0.013333
0 0.32 0.035833 0.0125 0.013333
0 0.356875 0.065833 0.01125 0.015
0 0.429688 0.075417 0.010625 0.014167
0 0.466875 0.027083 0.01375 0.019167
0 0.580625 0.057917 0.01 0.015833
0 0.67375 0.149167 0.0125 0.02
0 0.5575 0.138333 0.01125 0.015
0 0.426875 0.143333 0.01125 0.015
0 0.42875 0.13125 0.0125 0.0125
0 0.432188 0.114167 0.010625 0.013333
0 0.324688 0.109583 0.011875 0.015833
0 0.3525 0.125833 0.00875 0.011667
0 0.379375 0.165833 0.00875 0.011667
0 0.096875 0.07 0.01 0.013333
0 0.208437 0.095833 0.011875 0.015
0 0.219688 0.126667 0.010625 0.013333
0 0.144687 0.154583 0.009375 0.014167
0 0.272813 0.158333 0.010625 0.013333
0 0.246875 0.1825 0.01125 0.018333
0 0.115937 0.2025 0.013125 0.016667
0 0.100937 0.2025 0.013125 0.015
0 0.103438 0.275 0.013125 0.015
0 0.107813 0.287917 0.011875 0.014167
0 0.131875 0.264583 0.0125 0.014167
0 0.14625 0.242083 0.0125 0.015833
0 0.178437 0.257917 0.011875 0.015833
0 0.257188 0.245417 0.009375 0.0125
0 0.269062 0.35875 0.010625 0.0175
0 0.222188 0.296667 0.014375 0.016667
0 0.01 0.370833 0.0125 0.016667
0 0.014687 0.405833 0.009375 0.013333
0 0.064375 0.472083 0.01125 0.015833
0 0.009062 0.6225 0.010625 0.013333
0 0.012188 0.7925 0.010625 0.016667
0 0.075625 0.780833 0.01125 0.015
0 0.120938 0.782917 0.013125 0.0175
0 0.200625 0.77375 0.00875 0.014167
0 0.267813 0.784167 0.011875 0.016667
0 0.271875 0.830833 0.01 0.015
0 0.266562 0.8575 0.010625 0.015
0 0.25875 0.908333 0.0125 0.016667
0 0.264062 0.66875 0.013125 0.015833
0 0.217812 0.628333 0.011875 0.015
0 0.255937 0.5525 0.009375 0.015
0 0.125625 0.537083 0.01125 0.015833
0 0.231875 0.47625 0.01 0.0125
0 0.212812 0.448333 0.011875 0.013333
0 0.215 0.433333 0.01375 0.016667
0 0.38 0.245833 0.00875 0.013333
0 0.356563 0.33 0.013125 0.015
0 0.412813 0.365833 0.010625 0.011667
0 0.164687 0.94375 0.009375 0.0125
0 0.3175 0.898333 0.00875 0.013333
0 0.31 0.949167 0.0125 0.015
0 0.324688 0.995417 0.014375 0.009167
0 0.362812 0.96625 0.011875 0.015833
0 0.361875 0.890833 0.01 0.013333
0 0.348438 0.812917 0.013125 0.015833
0 0.290625 0.8225 0.01125 0.015
0 0.337813 0.735 0.010625 0.011667
0 0.415 0.760417 0.01125 0.0175
0 0.430625 0.870417 0.01 0.0125
0 0.43 0.64 0.01 0.015
0 0.391875 0.4225 0.0125 0.016667
0 0.52625 0.169583 0.01125 0.019167
0 0.549063 0.1875 0.010625 0.013333
0 0.7175 0.139583 0.0075 0.0125
0 0.595 0.283333 0.0125 0.016667
0 0.590313 0.40875 0.011875 0.015833
0 0.722812 0.322083 0.009375 0.0175
0 0.714375 0.072917 0.01125 0.014167
0 0.725 0.022917 0.01 0.014167
0 0.794687 0.042917 0.010625 0.015833
0 0.827187 0.048333 0.011875 0.016667
0 0.847187 0.037083 0.011875 0.015833
0 0.8925 0.030833 0.01125 0.016667
0 0.856875 0.08875 0.01125 0.015833
0 0.797188 0.1 0.013125 0.021667
0 0.747812 0.174583 0.010625 0.014167
0 0.965313 0.077083 0.011875 0.0175
0 0.990625 0.1425 0.01 0.015
0 0.950937 0.129167 0.014375 0.015
0 0.938125 0.28375 0.01125 0.015833
0 0.815312 0.25875 0.014375 0.0175
0 0.778125 0.30875 0.01375 0.0175
0 0.73375 0.324583 0.00875 0.014167
0 0.77 0.367083 0.01 0.014167
0 0.695312 0.435 0.008125 0.016667
0 0.4975 0.587083 0.01125 0.015833
0 0.51125 0.91375 0.01 0.015833
0 0.542188 0.963333 0.014375 0.02
0 0.563438 0.960417 0.013125 0.019167
0 0.583125 0.900417 0.01125 0.014167
0 0.579375 0.885833 0.01 0.015
0 0.578438 0.867083 0.010625 0.0125
0 0.530937 0.780833 0.010625 0.011667
0 0.5425 0.7275 0.00875 0.013333
0 0.638437 0.4925 0.010625 0.015
0 0.658125 0.505417 0.01 0.0175
0 0.699688 0.463333 0.011875 0.016667
0 0.7275 0.476667 0.01 0.011667
0 0.720313 0.510417 0.008125 0.0125
0 0.711562 0.57375 0.010625 0.0125
0 0.642813 0.69 0.010625 0.011667
0 0.64 0.736667 0.01125 0.015
0 0.698438 0.754167 0.010625 0.015
0 0.679688 0.790417 0.010625 0.014167
0 0.66875 0.910833 0.01 0.015
0 0.662813 0.952083 0.009375 0.0125
0 0.69875 0.962917 0.01375 0.019167
0 0.730625 0.948333 0.01 0.016667
0 0.729062 0.934583 0.010625 0.0125
0 0.707812 0.920417 0.013125 0.019167
0 0.800937 0.975833 0.010625 0.013333
0 0.851562 0.63875 0.011875 0.015833
0 0.869375 0.64 0.01 0.015
0 0.782813 0.665833 0.011875 0.016667
0 0.76 0.647917 0.01125 0.014167
0 0.794687 0.623333 0.009375 0.013333
0 0.789687 0.549167 0.010625 0.011667
0 0.954688 0.378333 0.011875 0.015
0 0.867812 0.395833 0.010625 0.013333
0 0.9625 0.48625 0.01 0.014167
0 0.902813 0.59875 0.010625 0.014167
0 0.879062 0.712083 0.014375 0.015833
0 0.900312 0.757917 0.011875 0.0175
0 0.887188 0.973333 0.011875 0.016667
0 0.9775 0.897917 0.0125 0.014167
0 0.96 0.844167 0.01 0.011667
0 0.960313 0.82375 0.010625 0.010833
0 0.935625 0.836667 0.0075 0.01
0 0.929063 0.78 0.011875 0.018333
0 0.949375 0.682083 0.01125 0.014167
0 0.995313 0.559167 0.009375 0.015
0 0.888437 0.299167 0.011875 0.011667
0 0.952812 0.280833 0.011875 0.018333
