0 0.133125 0.984167 0.01 0.011667
0 0.157812 0.953333 0.008125 0.01
0 0.1475 0.941667 0.00875 0.013333
0 0.183438 0.86125 0.011875 0.014167
0 0.04625 0.827083 0.01 0.014167
0 0.041875 0.80375 0.01125 0.014167
0 0.003125 0.74875 0.005 0.019167
0 0.043437 0.74125 0.010625 0.010833
0 0.086875 0.708333 0.01375 0.018333
0 0.07875 0.66375 0.00875 0.0125
0 0.172813 0.65625 0.011875 0.015833
0 0.111562 0.640833 0.009375 0.011667
0 0.12875 0.610417 0.01 0.0125
0 0.10875 0.5625 0.01125 0.015
0 0.015625 0.52375 0.01 0.0125
0 0.090938 0.499583 0.010625 0.014167
0 0.131875 0.52 0.01 0.011667
0 0.161875 0.521667 0.01125 0.015
0 0.169375 0.5775 0.01 0.015
0 0.043437 0.427083 0.008125 0.014167
0 0.028125 0.450833 0.01 0.013333
0 0.120938 0.36875 0.009375 0.014167
0 0.0825 0.059167 0.00875 0.013333
0 0.113125 0.044167 0.01125 0.015
0 0.126875 0.006667 0.01 0.011667
0 0.142813 0.013333 0.009375 0.01
0 0.150625 0.089167 0.01 0.013333
0 0.216875 0.079167 0.01 0.015
0 0.203125 0.14375 0.01125 0.015833
0 0.218438 0.195 0.010625 0.015
0 0.166875 0.260417 0.00875 0.0125
0 0.146875 0.262917 0.01 0.014167
0 0.249688 0.235 0.009375 0.011667
0 0.123438 0.4625 0.009375 0.013333
0 0.14875 0.427083 0.01 0.014167
0 0.197187 0.430833 0.010625 0.015
0 0.230313 0.40125 0.009375 0.0125
0 0.253125 0.38 0.0125 0.016667
0 0.258125 0.414167 0.00875 0.011667
0 0.255312 0.7975 0.008125 0.011667
0 0.405938 0.950833 0.009375 0.015
0 0.3025 0.850833 0.00875 0.015
0 0.318437 0.787083 0.010625 0.014167
0 0.363438 0.789167 0.013125 0.016667
0 0.25125 0.629583 0.01 0.010833
0 0.306875 0.48125 0.00875 0.0125
0 0.339687 0.079583 0.009375 0.014167
0 0.363438 0.046667 0.011875 0.016667
0 0.387813 0.164167 0.008125 0.013333
0 0.343438 0.212083 0.008125 0.0125
0 0.357812 0.212083 0.011875 0.014167
0 0.387188 0.250833 0.013125 0.018333
0 0.374063 0.27375 0.009375 0.0125
0 0.345625 0.285 0.01 0.013333
0 0.350625 0.295833 0.00875 0.011667
0 0.368437 0.547917 0.008125 0.010833
0 0.604062 0.9725 0.009375 0.015
0 0.55125 0.95625 0.01125 0.014167
0 0.500313 0.9175 0.010625 0.013333
0 0.442188 0.78 0.008125 0.011667
0 0.458125 0.634583 0.01125 0.014167
0 0.496563 0.560833 0.010625 0.015
0 0.473125 0.48375 0.01 0.0125
0 0.454375 0.45625 0.01 0.0125
0 0.456875 0.44125 0.0125 0.014167
0 0.51 0.366667 0.01 0.015
0 0.420938 0.267917 0.010625 0.014167
0 0.496875 0.257917 0.01125 0.014167
0 0.489375 0.19 0.01125 0.018333
0 0.51375 0.168333 0.01125 0.013333
0 0.46 0.137083 0.01 0.014167
0 0.45 0.105 0.00875 0.013333
0 0.490938 0.004583 0.010625 0.0075
0 0.560625 0.04625 0.01 0.0125
0 0.55875 0.05625 0.00875 0.010833
0 0.597187 0.073333 0.009375 0.011667
0 0.524375 0.023333 0.00875 0.011667
0 0.56375 0.11625 0.01125 0.015833
0 0.5925 0.135 0.01 0.013333
0 0.620625 0.174167 0.01 0.013333
0 0.620313 0.255 0.010625 0.015
0 0.598437 0.33875 0.009375 0.0125
0 0.652813 0.373333 0.010625 0.013333
0 0.630625 0.435833 0.01 0.015
0 0.505313 0.6775 0.010625 0.013333
0 0.57875 0.743333 0.00875 0.011667
0 0.527188 0.83 0.008125 0.013333
0 0.513125 0.83875 0.01 0.015833
0 0.505938 0.862917 0.009375 0.0125
0 0.557187 0.907083 0.009375 0.014167
0 0.602187 0.896667 0.010625 0.013333
0 0.588437 0.81875 0.011875 0.015833
0 0.65375 0.76625 0.01 0.014167
0 0.672188 0.879583 0.010625 0.0125
0 0.75125 0.92 0.00875 0.01
0 0.783125 0.970833 0.01 0.015
0 0.805937 0.967917 0.010625 0.014167
0 0.82375 0.91 0.01125 0.015
0 0.82375 0.894167 0.01 0.011667
0 0.820625 0.875833 0.01 0.013333
0 0.772188 0.79 0.009375 0.011667
0 0.781563 0.734583 0.008125 0.014167
0 0.67125 0.647083 0.01 0.014167
0 0.737812 0.592917 0.009375 0.0125
0 0.667188 0.153333 0.010625 0.013333
0 0.668438 0.140833 0.011875 0.01
0 0.672813 0.124583 0.010625 0.0125
0 0.670625 0.084167 0.01 0.015
0 0.708438 0.035417 0.011875 0.015833
0 0.7625 0.007917 0.01 0.014167
0 0.823438 0.064167 0.009375 0.013333
0 0.915625 0.155417 0.0125 0.0175
0 0.76625 0.177083 0.00875 0.014167
0 0.79 0.197083 0.01125 0.014167
0 0.836562 0.290417 0.011875 0.0175
0 0.8325 0.415 0.01125 0.016667
0 0.88125 0.744583 0.01 0.0125
0 0.884375 0.69875 0.01125 0.0125
0 0.94 0.7625 0.01 0.015
0 0.912188 0.921667 0.010625 0.013333
0 0.90625 0.9625 0.01 0.013333
0 0.951562 0.932083 0.011875 0.0175
0 0.92125 0.799583 0.0125 0.015833
0 0.46375 0.305417 0.00875 0.0125
0 0.509375 0.791667 0.0125 0.016667
0 0.94375 0.973333 0.01 0.015
0 0.971562 0.94375 0.009375 0.014167
0 0.955937 0.582083 0.009375 0.0125
0 0.617812 0.49375 0.008125 0.0125
0 0.957187 0.08 0.013125 0.016667
0 0.959688 0.145417 0.010625 0.014167
0 0.990625 0.180833 0.01125 0.015
0 0.964688 0.331667 0.010625 0.016667
0 0.975938 0.33375 0.009375 0.010833
0 0.940937 0.470417 0.010625 0.0125
0 0.937187 0.441667 0.009375 0.015
0 0.879062 0.50125 0.008125 0.010833
0 0.899062 0.514167 0.009375 0.015
0 0.961562 0.518333 0.010625 0.011667
0 0.970625 0.484583 0.0125 0.0125
