0 0.785625 0.745417 0.0125 0.0175
0 0.773438 0.75 0.011875 0.02
0 0.855313 0.285417 0.010625 0.015833
0 0.665937 0.175 0.008125 0.015
0 0.704688 0.354583 0.013125 0.019167
0 0.474062 0.489583 0.008125 0.014167
0 0.466562 0.48625 0.009375 0.014167
0 0.529062 0.495833 0.013125 0.015
0 0.323437 0.608333 0.011875 0.016667
0 0.311563 0.5975 0.011875 0.018333
0 0.192188 0.78625 0.010625 0.0175
0 0.250312 0.331667 0.013125 0.018333
0 0.52375 0.767917 0.015 0.0175
0 0.525625 0.751667 0.0125 0.016667
0 0.513125 0.756667 0.015 0.018333
0 0.301875 0.725417 0.01 0.0175
0 0.633125 0.592917 0.01625 0.024167
0 0.75 0.788333 0.015 0.023333
