0 0.204687 0.183333 0.015625 0.023333
0 0.219688 0.1825 0.021875 0.028333
0 0.416563 0.113333 0.021875 0.03
0 0.304688 0.26375 0.013125 0.0175
0 0.419063 0.2375 0.019375 0.028333
0 0.553125 0.344167 0.01625 0.025
0 0.317812 0.478333 0.018125 0.026667
0 0.30875 0.574167 0.02125 0.03
0 0.187188 0.644167 0.018125 0.023333
0 0.375625 0.62875 0.0175 0.029167
0 0.583125 0.5625 0.0175 0.023333
0 0.072188 0.379167 0.016875 0.021667
0 0.33375 0.0625 0.0175 0.021667
0 0.270625 0.745417 0.01875 0.0275
0 0.306875 0.980833 0.01875 0.028333
0 0.439063 0.845833 0.014375 0.02
0 0.537188 0.92875 0.018125 0.0275
0 0.6825 0.95875 0.0175 0.0225
0 0.827812 0.949167 0.018125 0.023333
0 0.756563 0.86625 0.016875 0.025833
0 0.711875 0.814583 0.01625 0.0225
0 0.65125 0.600833 0.01375 0.02
0 0.665312 0.480417 0.015625 0.020833
0 0.957812 0.5 0.016875 0.021667
0 0.761875 0.333333 0.01375 0.018333
0 0.849063 0.242917 0.014375 0.020833
0 0.9025 0.215 0.015 0.021667
0 0.739062 0.125 0.015625 0.02
0 0.439375 0.455417 0.02125 0.024167
