0 0.839375 0.890417 0.0125 0.015833
0 0.946562 0.79625 0.011875 0.014167
0 0.765 0.84375 0.01375 0.0175
0 0.71875 0.879583 0.0125 0.015833
0 0.743125 0.956667 0.01 0.011667
0 0.9625 0.52875 0.00875 0.014167
0 0.950937 0.538333 0.010625 0.016667
0 0.94125 0.499167 0.0125 0.02
0 0.889687 0.363333 0.010625 0.016667
0 0.848437 0.365417 0.011875 0.015833
0 0.7775 0.085417 0.01125 0.015833
0 0.637813 0.360417 0.011875 0.0175
0 0.562187 0.225417 0.010625 0.014167
0 0.530625 0.53375 0.015 0.0175
0 0.410625 0.2225 0.00875 0.016667
0 0.569063 0.062083 0.010625 0.015833
0 0.798438 0.02125 0.011875 0.0175
0 0.636563 0.264167 0.010625 0.013333
0 0.48875 0.66375 0.01 0.0175
0 0.465313 0.656667 0.010625 0.016667
0 0.40125 0.705417 0.0125 0.0175
0 0.847187 0.759583 0.011875 0.015833
0 0.847812 0.742083 0.008125 0.014167
0 0.852187 0.604167 0.013125 0.018333
0 0.834063 0.528333 0.010625 0.018333
0 0.795312 0.507917 0.010625 0.0125
0 0.817813 0.451667 0.010625 0.015
0 0.791875 0.447917 0.01 0.014167
0 0.363438 0.499167 0.011875 0.018333
0 0.348438 0.559583 0.013125 0.014167
0 0.4375 0.500417 0.00875 0.015833
0 0.399062 0.555417 0.011875 0.019167
0 0.354063 0.83 0.011875 0.021667
0 0.374063 0.787917 0.013125 0.0175
0 0.351875 0.922917 0.01375 0.020833
0 0.495937 0.886667 0.010625 0.015
0 0.223438 0.879167 0.015625 0.015
0 0.27 0.844167 0.01375 0.02
0 0.109063 0.614167 0.013125 0.02
0 0.155938 0.57875 0.013125 0.0225
0 0.164375 0.534583 0.0125 0.014167
0 0.092188 0.966667 0.011875 0.016667
0 0.055625 0.454583 0.01375 0.019167
0 0.27 0.370417 0.0125 0.014167
0 0.154375 0.290833 0.00875 0.018333
0 0.258437 0.386667 0.008125 0.011667
0 0.348125 0.19625 0.00875 0.0125
0 0.280625 0.109167 0.01375 0.016667
