0 0.126875 0.992083 0.01 0.015833
0 0.036875 0.952083 0.01125 0.015833
0 0.034375 0.901667 0.01625 0.02
0 0.00625 0.764583 0.01125 0.020833
0 0.037187 0.739167 0.015625 0.018333
0 0.049063 0.727917 0.016875 0.0225
0 0.064375 0.73125 0.0125 0.019167
0 0.149062 0.809583 0.011875 0.015833
0 0.129375 0.835417 0.01375 0.0175
0 0.12625 0.867917 0.0125 0.015833
0 0.099062 0.8125 0.011875 0.018333
0 0.109375 0.779583 0.01375 0.015833
0 0.090625 0.767083 0.01 0.010833
0 0.107813 0.745833 0.015625 0.015
0 0.133437 0.708333 0.010625 0.015
0 0.146875 0.958333 0.0125 0.013333
0 0.149062 0.942083 0.010625 0.0125
0 0.205937 0.850417 0.011875 0.015833
0 0.261562 0.984167 0.011875 0.016667
0 0.248125 0.852917 0.01 0.014167
0 0.259062 0.85375 0.008125 0.010833
0 0.260937 0.842083 0.010625 0.0125
0 0.277187 0.842083 0.011875 0.0175
0 0.257812 0.819167 0.011875 0.016667
0 0.264375 0.810833 0.01125 0.015
0 0.26375 0.78375 0.0125 0.0175
0 0.224062 0.800833 0.010625 0.011667
0 0.039375 0.642917 0.0125 0.019167
0 0.350625 0.969167 0.01375 0.015
0 0.3225 0.860833 0.01 0.015
0 0.330625 0.835833 0.01375 0.015
0 0.374063 0.831667 0.011875 0.016667
0 0.110312 0.607083 0.015625 0.0225
0 0.058438 0.589167 0.015625 0.016667
0 0.084375 0.555833 0.01125 0.015
0 0.174063 0.63625 0.010625 0.014167
0 0.194062 0.643333 0.013125 0.02
0 0.223125 0.660833 0.0125 0.016667
0 0.19875 0.61 0.01 0.013333
0 0.020313 0.40125 0.010625 0.015833
0 0.009687 0.402917 0.008125 0.010833
0 0.025625 0.354583 0.015 0.019167
0 0.087813 0.427083 0.011875 0.015833
0 0.117813 0.445 0.009375 0.013333
0 0.125625 0.445833 0.00875 0.011667
0 0.135937 0.43875 0.009375 0.014167
0 0.109063 0.404583 0.009375 0.014167
0 0.1025 0.31375 0.01125 0.015833
0 0.118125 0.290833 0.01125 0.016667
0 0.197187 0.1 0.010625 0.018333
0 0.18625 0.112083 0.01375 0.019167
0 0.2 0.1225 0.01375 0.016667
0 0.080937 0.07125 0.013125 0.0175
0 0.09125 0.128333 0.01375 0.016667
0 0.111875 0.151667 0.00875 0.01
0 0.140313 0.140833 0.014375 0.018333
0 0.1825 0.180833 0.01375 0.016667
0 0.15625 0.21375 0.01125 0.014167
0 0.240937 0.304583 0.013125 0.0175
0 0.23125 0.385833 0.0125 0.016667
0 0.255625 0.4325 0.01375 0.016667
0 0.297187 0.419167 0.010625 0.015
0 0.194062 0.49 0.011875 0.02
0 0.180312 0.51125 0.011875 0.0175
0 0.219375 0.516667 0.01375 0.018333
0 0.219375 0.489167 0.01 0.013333
0 0.236563 0.486667 0.010625 0.015
0 0.1775 0.581667 0.00875 0.013333
0 0.284375 0.61125 0.0125 0.014167
0 0.320937 0.727917 0.013125 0.015833
0 0.416875 0.96125 0.0175 0.019167
0 0.45 0.969583 0.0125 0.015833
0 0.414062 0.917917 0.009375 0.0125
0 0.29125 0.939167 0.01 0.015
0 0.425 0.919167 0.00875 0.013333
0 0.426875 0.914583 0.0125 0.0125
0 0.423438 0.889583 0.008125 0.010833
0 0.418438 0.8825 0.009375 0.011667
0 0.419063 0.87375 0.009375 0.009167
0 0.415 0.856667 0.01125 0.015
0 0.429375 0.78625 0.015 0.0175
0 0.39625 0.765833 0.0125 0.016667
0 0.350625 0.728333 0.01 0.013333
0 0.295 0.555833 0.01 0.015
0 0.287187 0.535 0.010625 0.013333
0 0.25625 0.16125 0.00875 0.0125
0 0.294375 0.18625 0.01 0.015833
0 0.315 0.119583 0.00875 0.0125
0 0.355312 0.08375 0.008125 0.010833
0 0.35125 0.09625 0.01 0.014167
0 0.334062 0.0375 0.010625 0.015
0 0.38875 0.017083 0.01125 0.015833
0 0.366875 0.16625 0.01125 0.019167
0 0.395937 0.195 0.013125 0.018333
0 0.323437 0.332917 0.009375 0.014167
0 0.335938 0.329583 0.009375 0.0125
0 0.345 0.24625 0.00875 0.0125
0 0.362812 0.25 0.008125 0.011667
0 0.3975 0.2575 0.01125 0.015
0 0.349687 0.303333 0.013125 0.016667
0 0.387813 0.365 0.011875 0.015
0 0.375 0.5825 0.01125 0.013333
0 0.40375 0.655417 0.015 0.015833
0 0.454375 0.710833 0.01125 0.015
0 0.318437 0.96875 0.009375 0.015833
0 0.477812 0.935833 0.011875 0.015
0 0.488125 0.91625 0.0125 0.015833
0 0.495625 0.958333 0.0125 0.015
0 0.522813 0.946667 0.010625 0.015
0 0.545312 0.970833 0.011875 0.016667
0 0.504687 0.831667 0.011875 0.013333
0 0.509375 0.803333 0.0125 0.018333
0 0.527188 0.766667 0.013125 0.018333
0 0.5175 0.77875 0.0125 0.015833
0 0.474062 0.5425 0.015625 0.02
0 0.483125 0.495 0.01125 0.015
0 0.445 0.438333 0.01125 0.016667
0 0.430937 0.390417 0.010625 0.014167
0 0.431563 0.332917 0.010625 0.015833
0 0.428438 0.315417 0.011875 0.0175
0 0.455 0.320833 0.0125 0.016667
0 0.316875 0.140833 0.01375 0.02
0 0.433437 0.117083 0.011875 0.015833
0 0.449375 0.1275 0.01 0.013333
0 0.48 0.097083 0.01125 0.015833
0 0.4475 0.075833 0.01 0.013333
0 0.482187 0.245 0.011875 0.016667
0 0.480312 0.273333 0.011875 0.015
0 0.505938 0.284583 0.011875 0.0175
0 0.511875 0.300833 0.01 0.013333
0 0.544063 0.307917 0.010625 0.014167
0 0.556562 0.1575 0.011875 0.015
0 0.540312 0.11 0.011875 0.02
0 0.542813 0.062083 0.009375 0.0175
0 0.558125 0.009583 0.015 0.0175
0 0.491563 0.4 0.010625 0.016667
0 0.518437 0.394167 0.009375 0.015
0 0.52625 0.362083 0.00875 0.014167
0 0.51125 0.48375 0.01125 0.015833
0 0.540625 0.478333 0.01125 0.015
0 0.433125 0.681667 0.00875 0.011667
0 0.578438 0.71125 0.011875 0.015833
0 0.603125 0.6125 0.0125 0.016667
0 0.557187 0.552083 0.011875 0.014167
0 0.550312 0.52625 0.010625 0.014167
0 0.57125 0.512917 0.0125 0.015833
0 0.595625 0.436667 0.0125 0.016667
0 0.579063 0.873333 0.011875 0.015
0 0.604688 0.89625 0.010625 0.015833
0 0.614062 0.9275 0.011875 0.018333
0 0.656563 0.996667 0.010625 0.006667
0 0.658125 0.959583 0.01 0.0125
0 0.732187 0.946667 0.011875 0.015
0 0.785312 0.889167 0.014375 0.02
0 0.883437 0.99125 0.013125 0.0175
0 0.739375 0.88625 0.00875 0.014167
0 0.7325 0.879167 0.00875 0.011667
0 0.844688 0.885833 0.011875 0.018333
0 0.818125 0.83 0.01125 0.016667
0 0.82625 0.822917 0.01 0.015833
0 0.768125 0.8325 0.01375 0.018333
0 0.888125 0.862917 0.01125 0.015833
0 0.979062 0.8725 0.009375 0.013333
0 0.60625 0.835 0.0075 0.011667
0 0.640938 0.749583 0.011875 0.015833
0 0.82375 0.719583 0.01125 0.0125
0 0.885312 0.810833 0.009375 0.016667
0 0.863125 0.725833 0.01 0.015
0 0.84875 0.66625 0.01375 0.0175
0 0.8925 0.7125 0.01125 0.016667
0 0.909687 0.716667 0.014375 0.016667
0 0.938438 0.677917 0.013125 0.0175
0 0.720625 0.651667 0.01 0.015
0 0.572812 0.66625 0.006875 0.010833
0 0.660312 0.62 0.009375 0.013333
0 0.653438 0.56375 0.011875 0.0175
0 0.76375 0.59625 0.0075 0.009167
0 0.75875 0.57875 0.01125 0.014167
0 0.758437 0.542917 0.010625 0.014167
0 0.783438 0.550833 0.015625 0.018333
0 0.793438 0.562917 0.011875 0.015833
0 0.806562 0.554167 0.010625 0.015
0 0.820312 0.54125 0.011875 0.0175
0 0.803125 0.51875 0.01 0.014167
0 0.7925 0.509583 0.01 0.015833
0 0.843125 0.574583 0.01 0.015833
0 0.878437 0.574583 0.010625 0.015833
0 0.751875 0.46125 0.01125 0.015833
0 0.802813 0.452917 0.010625 0.014167
0 0.769375 0.442083 0.00875 0.010833
0 0.535312 0.29375 0.011875 0.015833
0 0.59125 0.317917 0.01125 0.015833
0 0.614062 0.326667 0.011875 0.016667
0 0.627188 0.245833 0.010625 0.013333
0 0.685625 0.284583 0.01125 0.014167
0 0.700625 0.260417 0.01125 0.014167
0 0.726562 0.282917 0.010625 0.014167
0 0.753125 0.314583 0.0125 0.0175
0 0.643125 0.093333 0.00875 0.011667
0 0.66125 0.059167 0.01125 0.013333
0 0.751875 0.04375 0.01125 0.014167
0 0.768437 0.018333 0.011875 0.015
0 0.799375 0.065 0.00875 0.011667
0 0.810312 0.059583 0.008125 0.0125
0 0.966562 0.085417 0.010625 0.014167
0 0.95625 0.117917 0.0125 0.015833
0 0.83375 0.135417 0.01125 0.0175
0 0.8075 0.240417 0.0125 0.0175
0 0.86125 0.23875 0.01375 0.0175
0 0.858437 0.310833 0.011875 0.015
0 0.840625 0.359583 0.0125 0.0175
0 0.60375 0.379167 0.01 0.011667
0 0.861563 0.38625 0.010625 0.0125
0 0.72875 0.13125 0.0125 0.014167
0 0.190625 0.3025 0.00875 0.013333
0 0.972812 0.597083 0.014375 0.0175
0 0.990313 0.577917 0.010625 0.0125
0 0.955937 0.543333 0.010625 0.015
0 0.92 0.4875 0.01125 0.013333
0 0.872188 0.48 0.009375 0.011667
0 0.942813 0.482917 0.013125 0.019167
0 0.970625 0.509167 0.01125 0.016667
0 0.985313 0.525 0.013125 0.016667
0 0.92375 0.535833 0.00625 0.01
0 0.492188 0.59375 0.009375 0.010833
0 0.575937 0.582917 0.008125 0.010833
0 0.704063 0.93875 0.008125 0.0125
