0 0.208125 0.118333 0.0075 0.015
0 0.215312 0.11875 0.006875 0.014167
0 0.264375 0.06 0.01 0.013333
0 0.389688 0.0975 0.009375 0.016667
0 0.397188 0.101667 0.008125 0.011667
0 0.36 0.146667 0.00875 0.013333
0 0.358438 0.1575 0.009375 0.01
0 0.360938 0.169583 0.013125 0.014167
0 0.403125 0.152917 0.00875 0.010833
0 0.186875 0.126667 0.0125 0.015
0 0.196875 0.13 0.00625 0.011667
0 0.444063 0.1025 0.011875 0.015
0 0.150625 0.145833 0.00875 0.013333
0 0.061875 0.209583 0.01125 0.014167
0 0.059375 0.200417 0.01 0.010833
0 0.17625 0.324167 0.01 0.015
0 0.192188 0.32 0.010625 0.015
0 0.2875 0.304167 0.01125 0.015
0 0.093125 0.40875 0.01125 0.015833
0 0.093125 0.424583 0.0075 0.010833
0 0.188125 0.420833 0.01375 0.015
0 0.062812 0.572917 0.011875 0.0125
0 0.149688 0.559583 0.013125 0.014167
0 0.145625 0.598333 0.01 0.013333
0 0.173125 0.58875 0.00875 0.014167
0 0.24625 0.599167 0.00875 0.018333
0 0.283438 0.559167 0.010625 0.013333
0 0.100625 0.671667 0.01 0.015
0 0.135937 0.62375 0.009375 0.0175
0 0.043125 0.814583 0.01 0.0175
0 0.087813 0.81625 0.010625 0.015833
0 0.120938 0.83125 0.008125 0.015833
0 0.140937 0.9475 0.009375 0.015
0 0.146563 0.944167 0.008125 0.011667
0 0.103125 0.970417 0.00875 0.010833
0 0.203125 0.975417 0.01125 0.015833
0 0.243125 0.909167 0.01 0.015
0 0.2875 0.87375 0.01125 0.015833
0 0.262813 0.83375 0.010625 0.0175
0 0.312812 0.835417 0.013125 0.015833
0 0.319375 0.7975 0.01125 0.018333
0 0.270625 0.698333 0.00875 0.013333
0 0.348438 0.37125 0.013125 0.020833
0 0.341875 0.600833 0.01125 0.015
0 0.357812 0.6725 0.009375 0.013333
0 0.467813 0.982917 0.009375 0.015833
0 0.34875 0.98875 0.00875 0.0125
0 0.425312 0.922917 0.008125 0.0125
0 0.405313 0.890417 0.008125 0.0125
0 0.40125 0.80375 0.00625 0.0125
0 0.458437 0.850417 0.010625 0.015833
0 0.460625 0.69875 0.0075 0.0125
0 0.399375 0.63625 0.01375 0.019167
0 0.494688 0.6025 0.009375 0.016667
0 0.5075 0.6525 0.0075 0.013333
0 0.497812 0.6525 0.008125 0.013333
0 0.49125 0.53875 0.01125 0.014167
0 0.452188 0.514583 0.010625 0.0125
0 0.41875 0.47625 0.0125 0.015833
0 0.446875 0.334583 0.0125 0.014167
0 0.486875 0.319583 0.01 0.014167
0 0.625938 0.2075 0.010625 0.015
0 0.66625 0.205417 0.01125 0.015833
0 0.67875 0.18375 0.0125 0.020833
0 0.719063 0.1375 0.011875 0.015
0 0.735625 0.128333 0.01 0.018333
0 0.770312 0.162083 0.011875 0.014167
0 0.761563 0.179583 0.010625 0.0125
0 0.724063 0.020417 0.009375 0.019167
0 0.774062 0.08875 0.009375 0.0125
0 0.74375 0.26875 0.01125 0.010833
0 0.616563 0.337083 0.008125 0.014167
0 0.623437 0.337083 0.005625 0.009167
0 0.610938 0.335833 0.004375 0.01
0 0.635312 0.37375 0.010625 0.0125
0 0.651875 0.367917 0.00875 0.014167
0 0.680312 0.29375 0.010625 0.014167
0 0.711875 0.38375 0.01125 0.014167
0 0.726562 0.546667 0.008125 0.016667
0 0.715625 0.552083 0.01 0.015833
0 0.66 0.635 0.01375 0.016667
0 0.638437 0.650417 0.008125 0.0125
0 0.597812 0.650417 0.013125 0.0175
0 0.599063 0.7525 0.009375 0.015
0 0.54125 0.770833 0.01 0.015
0 0.661563 0.731667 0.011875 0.016667
0 0.738125 0.758333 0.00875 0.013333
0 0.757188 0.8725 0.011875 0.02
0 0.715938 0.895 0.009375 0.01
0 0.770312 0.938333 0.009375 0.018333
0 0.862812 0.974167 0.008125 0.015
0 0.856563 0.972083 0.006875 0.0125
0 0.945312 0.79375 0.010625 0.015833
0 0.91375 0.765 0.01 0.013333
0 0.916875 0.752917 0.01 0.015833
0 0.774062 0.815417 0.015625 0.0175
0 0.838437 0.684583 0.009375 0.015833
0 0.807187 0.625833 0.013125 0.016667
0 0.893437 0.69 0.010625 0.015
0 0.956562 0.704583 0.009375 0.0125
0 0.859688 0.560417 0.006875 0.010833
0 0.8675 0.560417 0.01 0.0125
0 0.9925 0.48875 0.01125 0.015833
0 0.811562 0.443333 0.010625 0.013333
0 0.8075 0.4525 0.00875 0.011667
0 0.844063 0.422083 0.011875 0.014167
0 0.948125 0.3125 0.0075 0.013333
0 0.896563 0.302083 0.008125 0.0175
0 0.894062 0.274167 0.006875 0.015
0 0.820625 0.287083 0.0075 0.010833
0 0.865938 0.105833 0.011875 0.011667
0 0.89125 0.18125 0.00875 0.0125
0 0.924063 0.18125 0.010625 0.015833
0 0.659687 0.915833 0.013125 0.013333
0 0.598125 0.867917 0.0125 0.015833
0 0.637813 0.789167 0.008125 0.013333
0 0.450937 0.40625 0.008125 0.014167
0 0.504375 0.334583 0.0125 0.015833
