0 0.095625 0.094167 0.02125 0.028333
0 0.077813 0.21125 0.019375 0.0275
0 0.079375 0.794583 0.01375 0.019167
0 0.3725 0.684583 0.0125 0.015833
0 0.415 0.819167 0.01625 0.023333
0 0.545625 0.9175 0.01625 0.025
0 0.382812 0.31 0.016875 0.021667
0 0.428125 0.26375 0.0175 0.0225
0 0.385625 0.231667 0.01875 0.023333
0 0.654062 0.53 0.018125 0.025
0 0.839375 0.805833 0.01625 0.021667
0 0.915937 0.92875 0.019375 0.025833
0 0.960938 0.699167 0.014375 0.021667
0 0.879375 0.500417 0.015 0.019167
0 0.676562 0.471667 0.010625 0.016667
