0 0.154062 0.5075 0.013125 0.02
0 0.294063 0.03125 0.014375 0.0175
0 0.304375 0.072917 0.01375 0.019167
0 0.259375 0.22375 0.015 0.0225
0 0.267813 0.37875 0.018125 0.0225
0 0.33375 0.591667 0.015 0.023333
0 0.28625 0.8025 0.01875 0.025
0 0.41875 0.939583 0.01375 0.019167
0 0.449062 0.737917 0.020625 0.0275
0 0.414375 0.729583 0.01875 0.024167
0 0.846875 0.977917 0.0175 0.0225
0 0.892813 0.829167 0.018125 0.025
0 0.7825 0.755417 0.02 0.0275
0 0.753125 0.745417 0.01875 0.025833
0 0.698438 0.723333 0.016875 0.021667
0 0.659375 0.8 0.0125 0.018333
0 0.624375 0.673333 0.01625 0.018333
0 0.949375 0.49 0.01625 0.021667
0 0.629062 0.417917 0.015625 0.020833
0 0.526563 0.39375 0.014375 0.0175
0 0.470625 0.359167 0.01625 0.021667
0 0.425625 0.475417 0.01375 0.020833
0 0.909687 0.308333 0.018125 0.021667
0 0.84375 0.27875 0.0175 0.0225
0 0.834063 0.22125 0.019375 0.025833
0 0.861875 0.11375 0.01875 0.025833
0 0.710625 0.250417 0.015 0.024167
0 0.910937 0.714167 0.010625 0.013333
