0 0.048438 0.1225 0.011875 0.016667
0 0.250312 0.333333 0.010625 0.016667
0 0.0725 0.194583 0.01 0.014167
0 0.043437 0.449583 0.008125 0.014167
0 0.078125 0.423333 0.0075 0.01
0 0.218438 0.336667 0.006875 0.01
0 0.21125 0.4175 0.01 0.013333
0 0.2725 0.4225 0.00875 0.011667
0 0.2825 0.42375 0.0075 0.010833
0 0.00375 0.492083 0.00625 0.010833
0 0.03875 0.8025 0.01 0.011667
0 0.052812 0.779167 0.008125 0.01
0 0.102813 0.785833 0.009375 0.013333
0 0.145625 0.801667 0.01 0.013333
0 0.286562 0.688333 0.009375 0.011667
0 0.268125 0.680417 0.0075 0.010833
0 0.202187 0.495 0.009375 0.011667
0 0.456875 0.080833 0.0075 0.01
0 0.366563 0.558333 0.006875 0.011667
0 0.509687 0.414167 0.011875 0.013333
0 0.424687 0.652917 0.010625 0.0125
0 0.495312 0.763333 0.009375 0.011667
0 0.715625 0.717917 0.01 0.014167
0 0.711875 0.76375 0.00875 0.010833
0 0.71625 0.877083 0.01 0.014167
0 0.801875 0.744167 0.00875 0.013333
0 0.911875 0.727917 0.01125 0.014167
0 0.860938 0.652917 0.010625 0.0125
0 0.650312 0.239583 0.013125 0.015833
0 0.680312 0.209583 0.008125 0.0125
0 0.757812 0.207083 0.009375 0.0125
0 0.660937 0.0675 0.009375 0.013333
0 0.397188 0.476667 0.010625 0.018333
0 0.569063 0.771667 0.008125 0.011667
0 0.227187 0.73375 0.011875 0.0125
0 0.265313 0.612083 0.008125 0.010833
0 0.13625 0.702917 0.01 0.014167
0 0.093125 0.650833 0.0075 0.011667
0 0.08125 0.790833 0.01 0.01
0 0.029375 0.549583 0.00875 0.0125
0 0.155312 0.47 0.009375 0.008333
0 0.312188 0.647917 0.013125 0.014167
0 0.84 0.062917 0.00875 0.0125
0 0.351562 0.97875 0.008125 0.0125
0 0.529062 0.15 0.010625 0.013333
