0 0.850625 0.99125 0.01 0.0125
0 0.8625 0.95625 0.01125 0.015833
0 0.84625 0.954167 0.00875 0.011667
0 0.793125 0.945833 0.0125 0.016667
0 0.74625 0.9325 0.01 0.015
0 0.699063 0.9325 0.010625 0.013333
0 0.681562 0.923333 0.010625 0.013333
0 0.773125 0.910833 0.01125 0.013333
0 0.802813 0.93125 0.008125 0.0125
0 0.886563 0.937083 0.013125 0.0175
0 0.906563 0.925833 0.011875 0.011667
0 0.966875 0.857917 0.01 0.015833
0 0.941562 0.81375 0.013125 0.015833
0 0.617812 0.855 0.011875 0.013333
0 0.632188 0.88125 0.008125 0.0125
0 0.674687 0.7875 0.009375 0.015
0 0.691875 0.800417 0.00875 0.0125
0 0.810312 0.83 0.013125 0.016667
0 0.809688 0.892083 0.009375 0.015833
0 0.865313 0.809167 0.009375 0.015
0 0.797813 0.9875 0.006875 0.01
0 0.852187 0.847083 0.010625 0.014167
0 0.98125 0.840833 0.0125 0.015
0 0.808438 0.796667 0.008125 0.013333
0 0.863125 0.780417 0.01 0.0125
0 0.895312 0.741667 0.010625 0.013333
0 0.944063 0.74875 0.010625 0.014167
0 0.99375 0.742083 0.01125 0.015833
0 0.968125 0.710417 0.01 0.0125
0 0.913125 0.677917 0.01 0.015833
0 0.805 0.741667 0.00875 0.015
0 0.881875 0.6525 0.00875 0.013333
0 0.870938 0.663333 0.010625 0.015
0 0.850938 0.684167 0.010625 0.015
0 0.840938 0.692083 0.008125 0.015833
0 0.829063 0.683333 0.008125 0.01
0 0.778438 0.673333 0.013125 0.016667
0 0.770312 0.714167 0.009375 0.013333
0 0.759375 0.73625 0.01125 0.015833
0 0.7575 0.629583 0.01125 0.014167
0 0.971875 0.61375 0.01125 0.014167
0 0.7825 0.59 0.0075 0.011667
0 0.573438 0.887917 0.008125 0.010833
0 0.5925 0.80625 0.01 0.014167
0 0.645 0.754583 0.01 0.0125
0 0.646875 0.719583 0.01 0.014167
0 0.6775 0.650417 0.01125 0.014167
0 0.654687 0.640417 0.010625 0.010833
0 0.63 0.641667 0.01 0.013333
0 0.580313 0.6925 0.011875 0.011667
0 0.579375 0.63625 0.01 0.010833
0 0.985625 0.553333 0.01125 0.015
0 0.938125 0.562083 0.01125 0.0125
0 0.97875 0.538333 0.01 0.015
0 0.991563 0.53875 0.010625 0.015833
0 0.96875 0.524167 0.00875 0.011667
0 0.975625 0.49 0.01 0.016667
0 0.946875 0.50625 0.0075 0.010833
0 0.853125 0.525 0.01 0.013333
0 0.825313 0.533333 0.009375 0.011667
0 0.806562 0.54 0.010625 0.011667
0 0.791562 0.545417 0.011875 0.015833
0 0.990313 0.490833 0.009375 0.015
0 0.839063 0.488333 0.009375 0.016667
0 0.821562 0.465 0.014375 0.016667
0 0.772813 0.502083 0.011875 0.014167
0 0.786875 0.433333 0.01 0.015
0 0.825937 0.402083 0.010625 0.015833
0 0.809063 0.563333 0.018125 0.015
0 0.800937 0.589167 0.006875 0.011667
0 0.791875 0.585 0.0075 0.011667
0 0.720938 0.53875 0.010625 0.0125
0 0.754062 0.709583 0.011875 0.015833
0 0.678438 0.559167 0.010625 0.015
0 0.649375 0.55375 0.0125 0.0125
0 0.605 0.56125 0.01125 0.014167
0 0.595938 0.549583 0.010625 0.010833
0 0.5875 0.535833 0.01 0.016667
0 0.850625 0.412083 0.0125 0.015833
0 0.865 0.382083 0.0075 0.010833
0 0.859375 0.33625 0.00875 0.014167
0 0.953438 0.352083 0.010625 0.015833
0 0.985938 0.31125 0.009375 0.015833
0 0.995625 0.3175 0.0075 0.013333
0 0.9325 0.304583 0.01125 0.015833
0 0.95125 0.274167 0.01125 0.013333
0 0.961562 0.211667 0.011875 0.018333
0 0.949375 0.211667 0.01375 0.018333
0 0.884062 0.277917 0.008125 0.010833
0 0.8375 0.334167 0.0125 0.013333
0 0.83625 0.304167 0.01125 0.015
0 0.82375 0.282917 0.01125 0.014167
0 0.986563 0.178333 0.011875 0.016667
0 0.90375 0.212083 0.0125 0.015833
0 0.880625 0.167083 0.01375 0.014167
0 0.856875 0.17125 0.00875 0.0125
0 0.9475 0.12875 0.01125 0.015833
0 0.956562 0.087083 0.010625 0.0125
0 0.922813 0.052083 0.008125 0.0125
0 0.936562 0.033333 0.010625 0.013333
0 0.941875 0.021667 0.01 0.013333
0 0.880625 0.06875 0.0125 0.015833
0 0.875313 0.055 0.010625 0.013333
0 0.806875 0.069583 0.0125 0.0175
0 0.8275 0.0325 0.00875 0.013333
0 0.835625 0.03625 0.01 0.014167
0 0.74625 0.035 0.00875 0.015
0 0.735938 0.038333 0.008125 0.011667
0 0.725625 0.009167 0.01 0.015
0 0.726875 0.06375 0.01125 0.0175
0 0.767188 0.1075 0.011875 0.018333
0 0.674375 0.06375 0.01125 0.015833
0 0.635938 0.011667 0.011875 0.015
0 0.821875 0.136667 0.01125 0.015
0 0.843125 0.167083 0.0125 0.0175
0 0.80125 0.1625 0.01 0.013333
0 0.770938 0.147917 0.008125 0.010833
0 0.61875 0.16125 0.01125 0.015833
0 0.660312 0.24375 0.013125 0.015833
0 0.702812 0.245833 0.011875 0.015
0 0.740625 0.278333 0.01 0.016667
0 0.7775 0.324583 0.01 0.014167
0 0.705313 0.417917 0.011875 0.014167
0 0.576562 0.512917 0.009375 0.010833
0 0.589688 0.464583 0.013125 0.014167
0 0.6225 0.445417 0.01125 0.015833
0 0.636563 0.432917 0.009375 0.0125
0 0.654062 0.402083 0.011875 0.015833
0 0.639687 0.382083 0.011875 0.015833
0 0.655 0.370417 0.01125 0.014167
0 0.645625 0.355417 0.0075 0.0125
0 0.711875 0.33875 0.0125 0.015833
0 0.756563 0.255417 0.008125 0.0125
0 0.68875 0.290417 0.01 0.014167
0 0.689063 0.326667 0.009375 0.013333
0 0.6675 0.859167 0.01 0.01
0 0.53 0.936667 0.015 0.015
0 0.48625 0.966667 0.01 0.013333
0 0.460313 0.960833 0.010625 0.013333
0 0.4325 0.956667 0.01 0.013333
0 0.48 0.859167 0.01125 0.013333
0 0.445625 0.82625 0.0075 0.010833
0 0.405625 0.993333 0.0125 0.013333
0 0.437188 0.9075 0.009375 0.01
0 0.442812 0.7675 0.016875 0.016667
0 0.465625 0.666667 0.01125 0.011667
0 0.512813 0.59125 0.010625 0.0125
0 0.481563 0.630833 0.013125 0.013333
0 0.474062 0.55875 0.009375 0.010833
0 0.572812 0.427083 0.008125 0.010833
0 0.548438 0.4375 0.008125 0.011667
0 0.59625 0.362083 0.00875 0.0125
0 0.610313 0.324583 0.010625 0.015833
0 0.555937 0.349583 0.011875 0.014167
0 0.570312 0.30625 0.008125 0.0125
0 0.581875 0.286667 0.01 0.011667
0 0.629062 0.19 0.008125 0.011667
0 0.631875 0.114583 0.0075 0.0125
0 0.551562 0.0775 0.010625 0.013333
0 0.485938 0.055 0.011875 0.016667
0 0.4675 0.03625 0.01 0.0125
0 0.45375 0.032083 0.0125 0.0175
0 0.454062 0.008333 0.011875 0.015
0 0.534687 0.150417 0.008125 0.010833
0 0.529687 0.17875 0.013125 0.0175
0 0.492812 0.160833 0.010625 0.013333
0 0.47625 0.163333 0.0125 0.015
0 0.46375 0.139167 0.00875 0.013333
0 0.516563 0.230417 0.009375 0.015833
0 0.498437 0.242083 0.008125 0.010833
0 0.475 0.258333 0.01125 0.015
0 0.510312 0.282083 0.010625 0.015833
0 0.491875 0.302917 0.01125 0.015833
0 0.45875 0.355 0.0125 0.016667
0 0.501563 0.436667 0.009375 0.011667
0 0.48 0.459583 0.00875 0.014167
0 0.466562 0.863333 0.010625 0.013333
0 0.403438 0.802917 0.009375 0.0125
0 0.325 0.965417 0.01 0.0125
0 0.30625 0.93125 0.0125 0.015833
0 0.321875 0.87375 0.0125 0.0175
0 0.3475 0.777083 0.00875 0.0125
0 0.344062 0.732917 0.011875 0.014167
0 0.374688 0.70375 0.009375 0.0125
0 0.35625 0.7125 0.0125 0.015
0 0.365312 0.79625 0.011875 0.015833
0 0.412187 0.675833 0.008125 0.011667
0 0.424375 0.665 0.01125 0.015
0 0.43625 0.640417 0.0125 0.015833
0 0.445625 0.5725 0.01 0.013333
0 0.4325 0.525833 0.01 0.011667
0 0.417187 0.46125 0.011875 0.015833
0 0.434375 0.412083 0.01125 0.014167
0 0.4125 0.42875 0.00875 0.0125
0 0.485 0.255 0.00875 0.01
0 0.415312 0.319583 0.010625 0.014167
0 0.408438 0.30375 0.010625 0.0125
0 0.40125 0.390417 0.01 0.0125
0 0.412813 0.272917 0.013125 0.015833
0 0.399062 0.225417 0.013125 0.014167
0 0.389062 0.202917 0.008125 0.0125
0 0.398125 0.138333 0.01125 0.015
0 0.370625 0.159167 0.0125 0.015
0 0.336562 0.14125 0.009375 0.014167
0 0.319375 0.140833 0.01125 0.015
0 0.309063 0.147917 0.013125 0.014167
0 0.312188 0.10875 0.010625 0.014167
0 0.349062 0.065417 0.016875 0.024167
0 0.347813 0.30875 0.010625 0.010833
0 0.349375 0.321667 0.00875 0.011667
0 0.376563 0.279167 0.010625 0.013333
0 0.3725 0.259583 0.00875 0.0125
0 0.383125 0.234583 0.01 0.014167
0 0.33875 0.22375 0.01375 0.015833
0 0.330313 0.252917 0.009375 0.014167
0 0.31 0.232083 0.0125 0.014167
0 0.288438 0.059167 0.008125 0.011667
0 0.285 0.043333 0.01 0.011667
0 0.280313 0.031667 0.008125 0.011667
0 0.297187 0.007083 0.010625 0.0125
0 0.252812 0.05625 0.011875 0.0175
0 0.254063 0.1 0.009375 0.015
0 0.243438 0.142917 0.013125 0.0175
0 0.275938 0.210833 0.011875 0.015
0 0.321562 0.28625 0.010625 0.015833
0 0.503437 0.216667 0.015625 0.025
0 0.299375 0.336667 0.01375 0.013333
0 0.309063 0.275 0.008125 0.011667
0 0.329688 0.4075 0.009375 0.011667
0 0.396875 0.465417 0.01125 0.014167
0 0.385 0.534167 0.01125 0.011667
0 0.408438 0.58375 0.010625 0.014167
0 0.36375 0.619167 0.01125 0.013333
0 0.344062 0.61625 0.013125 0.015833
0 0.31 0.703333 0.01125 0.013333
0 0.283438 0.98 0.018125 0.025
0 0.260937 0.879167 0.010625 0.013333
0 0.265 0.78375 0.01125 0.0125
0 0.224062 0.795 0.010625 0.015
0 0.217812 0.840833 0.009375 0.013333
0 0.221562 0.937083 0.010625 0.015833
0 0.21 0.945833 0.0125 0.018333
0 0.194062 0.9925 0.011875 0.015
0 0.1625 0.975833 0.01125 0.016667
0 0.114687 0.922083 0.010625 0.0125
0 0.145313 0.877083 0.011875 0.014167
0 0.1425 0.858333 0.00875 0.011667
0 0.125938 0.781667 0.011875 0.015
0 0.06125 0.789583 0.01 0.0125
0 0.0275 0.78375 0.01 0.0125
0 0.02125 0.769583 0.01125 0.015833
0 0.050937 0.732917 0.009375 0.014167
0 0.065625 0.74 0.00875 0.011667
0 0.088125 0.732917 0.0125 0.020833
0 0.095625 0.72375 0.01375 0.015833
0 0.109063 0.701667 0.009375 0.015
0 0.118438 0.697917 0.010625 0.015833
0 0.160625 0.725417 0.01125 0.014167
0 0.089375 0.668333 0.0125 0.015
0 0.090313 0.6575 0.008125 0.01
0 0.1575 0.657083 0.01125 0.015833
0 0.199687 0.660417 0.011875 0.014167
0 0.221875 0.682083 0.00875 0.010833
0 0.24375 0.667083 0.0125 0.0125
0 0.274062 0.67625 0.008125 0.0125
0 0.275938 0.641667 0.009375 0.015
0 0.290625 0.613333 0.0125 0.018333
0 0.34125 0.5725 0.01 0.013333
0 0.321562 0.502083 0.011875 0.015833
0 0.30875 0.552083 0.01125 0.015833
0 0.264375 0.57375 0.01 0.014167
0 0.240625 0.6075 0.00875 0.015
0 0.210313 0.640417 0.009375 0.010833
0 0.221562 0.586667 0.009375 0.013333
0 0.266562 0.549583 0.008125 0.0125
0 0.252188 0.547083 0.013125 0.015833
0 0.16 0.610417 0.0125 0.014167
0 0.25125 0.507083 0.01 0.014167
0 0.304063 0.43375 0.013125 0.0175
0 0.246875 0.479167 0.01 0.015
0 0.187812 0.50375 0.011875 0.015833
0 0.182812 0.481667 0.008125 0.011667
0 0.214062 0.499583 0.008125 0.010833
0 0.226875 0.49625 0.00875 0.0125
0 0.255937 0.439583 0.009375 0.014167
0 0.194688 0.463333 0.008125 0.013333
0 0.210313 0.399167 0.009375 0.015
0 0.166875 0.43 0.0125 0.013333
0 0.117188 0.4 0.009375 0.011667
0 0.291563 0.287083 0.010625 0.015833
0 0.279375 0.293333 0.00875 0.013333
0 0.2525 0.297083 0.0075 0.0125
0 0.232813 0.294167 0.009375 0.013333
0 0.17375 0.321667 0.01 0.015
0 0.207813 0.13 0.011875 0.013333
0 0.184062 0.162917 0.008125 0.014167
0 0.202813 0.23 0.010625 0.015
0 0.15 0.24 0.01 0.011667
0 0.12875 0.217917 0.0125 0.014167
0 0.128125 0.200833 0.0125 0.015
0 0.075313 0.229583 0.014375 0.019167
0 0.063437 0.246667 0.010625 0.015
0 0.129375 0.25625 0.0125 0.015833
0 0.107188 0.3425 0.010625 0.013333
0 0.097812 0.36625 0.013125 0.0175
0 0.154375 0.124167 0.00875 0.015
0 0.052187 0.317917 0.010625 0.0125
0 0.013125 0.328333 0.01 0.015
0 0.050625 0.330417 0.01 0.009167
0 0.078437 0.33125 0.013125 0.014167
0 0.100312 0.460417 0.010625 0.015833
0 0.126562 0.480417 0.010625 0.014167
0 0.097187 0.495417 0.011875 0.014167
0 0.056563 0.4925 0.010625 0.015
0 0.084375 0.52875 0.00875 0.014167
0 0.074063 0.54375 0.010625 0.0125
0 0.122188 0.545417 0.011875 0.015833
0 0.041563 0.599583 0.010625 0.015833
0 0.057188 0.592917 0.009375 0.0125
0 0.076563 0.59125 0.011875 0.015833
0 0.129375 0.597083 0.01 0.0125
0 0.067812 0.939167 0.013125 0.013333
