0 0.610938 0.43625 0.014375 0.019167
0 0.925625 0.1425 0.00875 0.011667
0 0.93 0.190833 0.0125 0.013333
0 0.96625 0.201667 0.01125 0.018333
0 0.966562 0.219167 0.011875 0.016667
0 0.838125 0.21125 0.0125 0.0175
0 0.804375 0.019583 0.015 0.015833
0 0.723125 0.038333 0.01125 0.015
0 0.71375 0.120417 0.01375 0.014167
0 0.701562 0.164167 0.013125 0.015
0 0.692187 0.276667 0.011875 0.02
0 0.68625 0.39125 0.01125 0.015833
0 0.690625 0.519583 0.00625 0.009167
0 0.735 0.537083 0.0125 0.014167
0 0.936562 0.672917 0.006875 0.0125
0 0.8425 0.742083 0.015 0.014167
0 0.84 0.73 0.015 0.013333
0 0.797188 0.798333 0.013125 0.016667
0 0.833438 0.788333 0.010625 0.015
0 0.746875 0.907083 0.01375 0.019167
0 0.876875 0.9125 0.0125 0.013333
0 0.939063 0.829167 0.011875 0.015
0 0.918125 0.799167 0.0125 0.015
0 0.87 0.766667 0.01125 0.02
0 0.864375 0.85375 0.00875 0.020833
0 0.874687 0.552917 0.009375 0.0175
0 0.8675 0.549167 0.00875 0.015
0 0.968437 0.394167 0.010625 0.015
0 0.911875 0.27 0.01 0.013333
0 0.686875 0.9125 0.01 0.015
0 0.482812 0.85375 0.011875 0.019167
0 0.544375 0.858333 0.00875 0.013333
0 0.545312 0.904167 0.010625 0.015
0 0.420625 0.949583 0.0125 0.0175
0 0.643437 0.7175 0.009375 0.018333
0 0.664375 0.6725 0.0125 0.018333
0 0.641875 0.66625 0.00875 0.0125
0 0.58875 0.63375 0.0075 0.0125
0 0.5275 0.721667 0.01125 0.015
0 0.507188 0.557083 0.011875 0.015833
0 0.566562 0.415833 0.010625 0.013333
0 0.576875 0.267083 0.0125 0.0175
0 0.508125 0.19375 0.015 0.0125
0 0.654062 0.0525 0.010625 0.015
0 0.55 0.131667 0.01 0.013333
0 0.520312 0.177083 0.013125 0.0175
0 0.505 0.17375 0.0075 0.009167
0 0.594063 0.29 0.010625 0.015
0 0.581875 0.16625 0.00875 0.0125
0 0.611563 0.570417 0.008125 0.010833
0 0.865 0.689167 0.01 0.015
0 0.81125 0.690833 0.01125 0.013333
0 0.3175 0.975 0.015 0.02
0 0.279375 0.95625 0.01375 0.020833
0 0.329062 0.9525 0.009375 0.011667
0 0.334375 0.922917 0.01375 0.0175
0 0.375312 0.905 0.010625 0.013333
0 0.369375 0.802917 0.01375 0.020833
0 0.338438 0.778333 0.014375 0.016667
0 0.32875 0.764167 0.00875 0.013333
0 0.284062 0.795833 0.008125 0.015
0 0.238437 0.750833 0.011875 0.015
0 0.217188 0.849167 0.008125 0.01
0 0.204375 0.882917 0.00875 0.0125
0 0.165625 0.83875 0.00875 0.0125
0 0.1575 0.815833 0.01 0.011667
0 0.16125 0.731667 0.01125 0.015
0 0.03375 0.646667 0.0125 0.018333
0 0.189688 0.63125 0.010625 0.015833
0 0.263437 0.620833 0.013125 0.015
0 0.259375 0.571667 0.01125 0.013333
0 0.345313 0.664583 0.013125 0.015833
0 0.387188 0.66125 0.009375 0.014167
0 0.344062 0.837083 0.006875 0.010833
0 0.42625 0.710833 0.01125 0.015
0 0.422812 0.778333 0.006875 0.011667
0 0.415625 0.012083 0.01625 0.019167
0 0.52625 0.02875 0.01125 0.014167
0 0.599688 0.175833 0.009375 0.013333
0 0.443437 0.20625 0.008125 0.014167
0 0.394688 0.21375 0.013125 0.0175
0 0.369688 0.214167 0.010625 0.015
0 0.365625 0.1875 0.01 0.013333
0 0.444375 0.260833 0.0125 0.018333
0 0.412813 0.294167 0.014375 0.02
0 0.369063 0.515833 0.009375 0.015
0 0.355 0.507083 0.00875 0.009167
0 0.332813 0.34875 0.009375 0.0125
0 0.295 0.269583 0.00875 0.014167
0 0.513437 0.454167 0.010625 0.013333
0 0.3975 0.61125 0.01 0.014167
0 0.420625 0.591667 0.01 0.011667
0 0.31125 0.577083 0.0125 0.0125
0 0.288438 0.575833 0.009375 0.016667
0 0.265937 0.55625 0.011875 0.015833
0 0.28 0.510417 0.01125 0.0175
0 0.394375 0.51 0.00875 0.011667
0 0.392188 0.486667 0.008125 0.015
0 0.406562 0.373333 0.009375 0.013333
0 0.02625 0.545833 0.01125 0.016667
0 0.047813 0.565 0.009375 0.011667
0 0.154062 0.54 0.011875 0.015
0 0.210938 0.37625 0.011875 0.0175
0 0.19875 0.32625 0.015 0.019167
0 0.150312 0.31375 0.010625 0.0175
0 0.126562 0.3275 0.009375 0.013333
0 0.025313 0.355833 0.011875 0.016667
0 0.0925 0.399167 0.0125 0.016667
0 0.199687 0.217083 0.013125 0.015833
0 0.043437 0.1275 0.013125 0.02
0 0.165937 0.07125 0.011875 0.014167
0 0.171875 0.084583 0.01375 0.0125
0 0.25375 0.064167 0.0125 0.015
0 0.215938 0.139583 0.008125 0.015833
0 0.300625 0.214583 0.01375 0.014167
0 0.313125 0.230417 0.01125 0.0125
0 0.31125 0.2 0.01125 0.015
0 0.239375 0.379583 0.0075 0.0125
0 0.2575 0.344167 0.01 0.013333
0 0.13375 0.27875 0.01125 0.014167
0 0.091875 0.302917 0.00875 0.0125
0 0.634062 0.820833 0.014375 0.016667
0 0.631563 0.619583 0.010625 0.0125
0 0.561875 0.2275 0.01125 0.016667
