0 0.099375 0.083333 0.02 0.026667
0 0.147187 0.087917 0.019375 0.0275
0 0.215312 0.19625 0.023125 0.0275
0 0.39375 0.109583 0.025 0.034167
0 0.408125 0.294583 0.01625 0.019167
0 0.416563 0.33 0.019375 0.025
0 0.131875 0.402083 0.02375 0.034167
0 0.169375 0.41375 0.04125 0.039167
0 0.346875 0.418333 0.02125 0.03
0 0.316875 0.698333 0.02125 0.028333
0 0.33375 0.717083 0.0225 0.029167
0 0.415 0.702917 0.025 0.035833
0 0.300938 0.978333 0.019375 0.026667
0 0.334375 0.938333 0.01875 0.028333
0 0.296875 0.89125 0.01625 0.025833
0 0.536875 0.835833 0.0225 0.028333
0 0.588437 0.947917 0.018125 0.024167
0 0.859062 0.982083 0.024375 0.0325
0 0.897188 0.918333 0.019375 0.025
0 0.969375 0.65625 0.025 0.0375
0 0.927813 0.615833 0.023125 0.03
0 0.551562 0.413333 0.026875 0.03
0 0.494688 0.447083 0.023125 0.029167
0 0.878437 0.390417 0.021875 0.0275
0 0.858125 0.272083 0.0225 0.029167
0 0.718125 0.193333 0.0225 0.028333
0 0.956562 0.174583 0.026875 0.034167
0 0.7425 0.044583 0.01875 0.0225
