0 0.920312 0.976667 0.010625 0.016667
0 0.853125 0.95875 0.01375 0.019167
0 0.79 0.950417 0.01125 0.019167
0 0.937187 0.851667 0.011875 0.018333
0 0.989688 0.752917 0.010625 0.019167
0 0.734062 0.919167 0.010625 0.016667
0 0.71625 0.926667 0.0125 0.016667
0 0.715938 0.967083 0.006875 0.0125
0 0.696875 0.9775 0.01125 0.016667
0 0.685625 0.974167 0.0125 0.018333
0 0.666875 0.898333 0.01125 0.015
0 0.744687 0.890833 0.008125 0.013333
0 0.666875 0.814583 0.01375 0.019167
0 0.66 0.752917 0.01125 0.0175
0 0.85875 0.785417 0.01375 0.019167
0 0.84625 0.846667 0.0125 0.018333
0 0.790625 0.731667 0.0125 0.018333
0 0.909687 0.725417 0.011875 0.015833
0 0.919063 0.675833 0.011875 0.015
0 0.744062 0.652917 0.013125 0.015833
0 0.741563 0.62125 0.010625 0.014167
0 0.744062 0.584167 0.010625 0.013333
0 0.675 0.615 0.01125 0.015
0 0.963437 0.537917 0.011875 0.015833
0 0.8175 0.50625 0.01 0.015833
0 0.751875 0.507917 0.01125 0.014167
0 0.6875 0.517083 0.0125 0.019167
0 0.665312 0.487083 0.010625 0.014167
0 0.746875 0.46375 0.01125 0.015833
0 0.994062 0.4275 0.011875 0.02
0 0.993125 0.4875 0.01375 0.016667
0 0.798438 0.497083 0.013125 0.0175
0 0.871875 0.600417 0.0125 0.019167
0 0.9325 0.377917 0.01125 0.0175
0 0.897188 0.360417 0.013125 0.014167
0 0.863125 0.3575 0.0125 0.018333
0 0.835 0.315833 0.0125 0.018333
0 0.75625 0.340417 0.0125 0.0175
0 0.725938 0.339583 0.013125 0.0175
0 0.913125 0.342917 0.0125 0.0175
0 0.943125 0.263333 0.015 0.02
0 0.907188 0.142083 0.011875 0.0175
0 0.879062 0.114583 0.011875 0.0175
0 0.96375 0.13125 0.01375 0.019167
0 0.925937 0.051667 0.008125 0.015
0 0.805 0.116667 0.01125 0.016667
0 0.813125 0.0425 0.01125 0.016667
0 0.668438 0.29125 0.010625 0.0175
0 0.655 0.244167 0.0125 0.016667
0 0.551562 0.964583 0.013125 0.0175
0 0.590625 0.870417 0.0125 0.015833
0 0.625313 0.796667 0.013125 0.02
0 0.641875 0.765 0.01375 0.02
0 0.618437 0.698333 0.011875 0.016667
0 0.567187 0.725 0.010625 0.013333
0 0.529062 0.86375 0.015625 0.014167
0 0.50375 0.9 0.01125 0.015
0 0.52375 0.832917 0.0125 0.0175
0 0.538125 0.8125 0.0125 0.016667
0 0.429063 0.925 0.011875 0.018333
0 0.41375 0.890417 0.01 0.015833
0 0.368125 0.968333 0.01125 0.015
0 0.482812 0.747083 0.010625 0.014167
0 0.494375 0.740417 0.01375 0.0175
0 0.64125 0.63125 0.01375 0.0125
0 0.641563 0.501667 0.009375 0.015
0 0.580937 0.451667 0.011875 0.016667
0 0.544063 0.403333 0.010625 0.016667
0 0.634687 0.172917 0.010625 0.014167
0 0.610625 0.177083 0.015 0.019167
0 0.667188 0.023333 0.011875 0.018333
0 0.507812 0.13375 0.011875 0.015833
0 0.495625 0.01 0.0125 0.016667
0 0.476875 0.045833 0.0125 0.018333
0 0.461562 0.060833 0.011875 0.018333
0 0.429063 0.08875 0.015625 0.0175
0 0.500313 0.159167 0.013125 0.016667
0 0.362187 0.167083 0.013125 0.019167
0 0.395937 0.21375 0.011875 0.015833
0 0.487187 0.27625 0.013125 0.015833
0 0.52625 0.345417 0.01375 0.0175
0 0.410313 0.35625 0.010625 0.014167
0 0.478125 0.426667 0.015 0.021667
0 0.477187 0.6075 0.014375 0.018333
0 0.47875 0.63 0.0125 0.018333
0 0.077188 0.973333 0.014375 0.02
0 0.2075 0.89 0.01375 0.02
0 0.209063 0.862917 0.011875 0.015833
0 0.297187 0.874167 0.011875 0.015
0 0.336562 0.854167 0.010625 0.015
0 0.362812 0.856667 0.015625 0.018333
0 0.3675 0.93 0.01375 0.013333
0 0.39625 0.79875 0.0125 0.0175
0 0.399062 0.775 0.010625 0.013333
0 0.299687 0.797083 0.011875 0.0175
0 0.317188 0.731667 0.011875 0.018333
0 0.395313 0.726667 0.014375 0.02
0 0.399062 0.652917 0.014375 0.019167
0 0.4225 0.699167 0.0125 0.016667
0 0.133437 0.839583 0.009375 0.0175
0 0.191562 0.82125 0.009375 0.014167
0 0.157188 0.771667 0.013125 0.013333
0 0.203125 0.705417 0.0125 0.014167
0 0.210313 0.732917 0.013125 0.015833
0 0.333125 0.60375 0.01 0.0175
0 0.323437 0.6 0.011875 0.015
0 0.367812 0.572083 0.015625 0.0175
0 0.108438 0.62875 0.010625 0.015833
0 0.097187 0.651667 0.010625 0.016667
0 0.079687 0.646667 0.011875 0.018333
0 0.404062 0.517917 0.013125 0.0175
0 0.021562 0.579583 0.014375 0.0175
0 0.108438 0.579167 0.013125 0.021667
0 0.065312 0.64 0.011875 0.02
0 0.286562 0.582083 0.016875 0.020833
0 0.292187 0.512917 0.015625 0.020833
0 0.109063 0.474167 0.010625 0.016667
0 0.05625 0.39125 0.01125 0.020833
0 0.109687 0.339167 0.013125 0.021667
0 0.168125 0.373333 0.015 0.015
0 0.297187 0.4375 0.013125 0.016667
0 0.361875 0.7175 0.01375 0.016667
0 0.055313 0.892083 0.013125 0.0175
0 0.333125 0.259167 0.01125 0.016667
0 0.289375 0.2375 0.01125 0.016667
0 0.274062 0.2375 0.015625 0.018333
0 0.31625 0.196667 0.0125 0.016667
0 0.20875 0.189167 0.0125 0.016667
0 0.148438 0.211667 0.014375 0.02
0 0.011875 0.264167 0.015 0.018333
0 0.006562 0.462917 0.011875 0.015833
0 0.145 0.1875 0.01125 0.015
0 0.194375 0.12625 0.01375 0.020833
0 0.232187 0.104167 0.014375 0.018333
0 0.148438 0.050417 0.011875 0.015833
0 0.097812 0.06125 0.011875 0.015833
0 0.074375 0.081667 0.0125 0.021667
