0 0.026875 0.750417 0.025 0.039167
0 0.037187 0.459167 0.016875 0.023333
0 0.090625 0.167917 0.01625 0.024167
0 0.336562 0.095833 0.025625 0.03
0 0.329375 0.356667 0.0275 0.033333
0 0.238125 0.597917 0.02 0.0275
0 0.290625 0.639583 0.03 0.039167
0 0.307188 0.767917 0.015625 0.020833
0 0.44375 0.869167 0.02875 0.036667
0 0.440937 0.903333 0.026875 0.035
0 0.789687 0.98375 0.029375 0.029167
0 0.830625 0.87625 0.02 0.030833
0 0.856563 0.867917 0.025625 0.034167
0 0.861875 0.769167 0.0225 0.031667
0 0.95375 0.49 0.0275 0.033333
0 0.793438 0.4775 0.024375 0.03
0 0.623125 0.415 0.02875 0.038333
0 0.720938 0.417083 0.019375 0.0275
0 0.469062 0.339583 0.025625 0.039167
0 0.76625 0.289167 0.0275 0.033333
0 0.925937 0.199583 0.020625 0.024167
0 0.486563 0.17 0.020625 0.028333
0 0.667813 0.343333 0.018125 0.025
0 0.939063 0.0375 0.029375 0.041667
