0 0.940937 0.895 0.011875 0.015
0 0.772813 0.790417 0.010625 0.019167
0 0.790312 0.79 0.010625 0.015
0 0.71625 0.781667 0.01125 0.013333
0 0.645312 0.671667 0.013125 0.015
0 0.937813 0.735 0.014375 0.016667
0 0.764375 0.68625 0.01375 0.0175
0 0.401562 0.964167 0.011875 0.015
0 0.333125 0.96375 0.01375 0.0175
0 0.545312 0.990833 0.014375 0.013333
0 0.508125 0.709583 0.01125 0.0125
0 0.489687 0.69875 0.011875 0.0125
0 0.448125 0.754583 0.0125 0.014167
0 0.17625 0.925833 0.01375 0.016667
0 0.184688 0.87 0.011875 0.015
0 0.169375 0.809583 0.0125 0.015833
0 0.262813 0.822917 0.013125 0.014167
0 0.277187 0.797917 0.010625 0.014167
0 0.325313 0.805417 0.009375 0.0125
0 0.369063 0.820417 0.011875 0.014167
0 0.384688 0.769167 0.011875 0.015
0 0.563438 0.744167 0.011875 0.016667
0 0.503437 0.4425 0.008125 0.015
0 0.492188 0.44125 0.009375 0.014167
0 0.73125 0.429583 0.01375 0.020833
0 0.616875 0.495 0.0125 0.02
0 0.357812 0.72125 0.013125 0.0175
0 0.900312 0.224583 0.013125 0.015833
0 0.871875 0.25375 0.01375 0.015833
0 0.642813 0.513333 0.013125 0.016667
0 0.469062 0.3525 0.011875 0.015
0 0.429688 0.43625 0.011875 0.0175
0 0.270625 0.041667 0.0125 0.015
0 0.267813 0.057917 0.011875 0.015833
0 0.200625 0.015 0.01375 0.016667
0 0.164375 0.094583 0.01125 0.0175
0 0.1775 0.06125 0.0125 0.015833
0 0.27 0.1425 0.01125 0.016667
0 0.201875 0.362083 0.01375 0.014167
0 0.883437 0.841667 0.011875 0.015
0 0.906563 0.753333 0.014375 0.02
0 0.80125 0.73 0.015 0.016667
0 0.423125 0.511667 0.01 0.01
0 0.5325 0.669583 0.01125 0.014167
0 0.680625 0.5275 0.01 0.013333
0 0.516875 0.47875 0.0125 0.015833
0 0.98 0.223333 0.01375 0.018333
0 0.743437 0.060833 0.014375 0.018333
0 0.7475 0.164167 0.0125 0.018333
0 0.438125 0.355833 0.00875 0.013333
0 0.333437 0.187083 0.010625 0.0175
0 0.312812 0.114167 0.011875 0.016667
0 0.294063 0.217083 0.010625 0.014167
0 0.1925 0.270833 0.01125 0.016667
0 0.199375 0.410417 0.01125 0.014167
0 0.325625 0.305 0.01125 0.015
0 0.13125 0.2625 0.01125 0.013333
0 0.156562 0.139583 0.014375 0.0225
0 0.109063 0.39375 0.010625 0.014167
0 0.042813 0.326667 0.010625 0.015
0 0.048438 0.508333 0.009375 0.013333
0 0.09125 0.685 0.01 0.016667
0 0.178125 0.744583 0.0125 0.014167
0 0.17375 0.465833 0.01 0.015
0 0.224375 0.513333 0.01125 0.016667
0 0.254063 0.567917 0.009375 0.014167
0 0.17375 0.581667 0.01125 0.011667
0 0.247812 0.677917 0.011875 0.015833
0 0.189375 0.665417 0.00875 0.0125
0 0.199687 0.752083 0.011875 0.015833
0 0.073125 0.872083 0.01125 0.015833
0 0.574063 0.995 0.011875 0.01
0 0.595938 0.88375 0.009375 0.014167
0 0.877812 0.010833 0.013125 0.016667
0 0.627188 0.26125 0.010625 0.015833
0 0.53125 0.190833 0.01625 0.018333
0 0.672188 0.090833 0.009375 0.011667
0 0.25875 0.462917 0.00875 0.0125
0 0.385937 0.134167 0.015625 0.018333
0 0.222812 0.225833 0.009375 0.013333
0 0.255625 0.324583 0.0125 0.014167
0 0.121563 0.093333 0.013125 0.018333
0 0.298125 0.729583 0.01125 0.015833
0 0.329062 0.688333 0.011875 0.018333
0 0.301875 0.8025 0.01 0.02
0 0.10875 0.92 0.00875 0.016667
0 0.167187 0.900417 0.009375 0.0125
0 0.754375 0.780417 0.0125 0.019167
0 0.415312 0.0075 0.013125 0.013333
0 0.0175 0.559167 0.01 0.013333
0 0.165 0.480417 0.0125 0.014167
0 0.28875 0.174583 0.015 0.020833
0 0.723437 0.914583 0.014375 0.019167
