0 0.587187 0.175833 0.024375 0.033333
0 0.47125 0.342083 0.02375 0.030833
0 0.452188 0.341667 0.016875 0.033333
0 0.4375 0.347917 0.0225 0.035833
0 0.16 0.384167 0.02 0.031667
0 0.192188 0.8525 0.019375 0.028333
0 0.36375 0.784583 0.01875 0.029167
0 0.56625 0.65375 0.01875 0.0275
0 0.2775 0.5475 0.03 0.028333
0 0.426563 0.408333 0.021875 0.028333
0 0.51375 0.448333 0.025 0.031667
0 0.542188 0.462917 0.023125 0.030833
0 0.489375 0.98 0.0225 0.033333
0 0.61 0.4875 0.0225 0.026667
0 0.825937 0.84 0.018125 0.031667
0 0.83375 0.96875 0.02375 0.030833
0 0.663438 0.549583 0.024375 0.034167
0 0.99 0.88875 0.02 0.039167
0 0.9325 0.328333 0.02 0.031667
0 0.836562 0.208333 0.024375 0.035
