0 0.059062 0.8875 0.010625 0.015
0 0.102188 0.8875 0.013125 0.016667
0 0.11625 0.894583 0.0125 0.0175
0 0.117188 0.865 0.011875 0.016667
0 0.096875 0.857083 0.01 0.014167
0 0.039062 0.732083 0.013125 0.015833
0 0.121875 0.79875 0.01 0.0175
0 0.159062 0.85875 0.015625 0.020833
0 0.184375 0.959583 0.01125 0.015833
0 0.236563 0.899583 0.009375 0.010833
0 0.2375 0.887083 0.01125 0.0125
0 0.199063 0.899167 0.008125 0.013333
0 0.266562 0.904167 0.010625 0.015
0 0.290625 0.91375 0.0125 0.0125
0 0.302187 0.973333 0.011875 0.016667
0 0.250312 0.815 0.013125 0.016667
0 0.190625 0.773333 0.01 0.015
0 0.137813 0.767083 0.010625 0.014167
0 0.164687 0.74625 0.009375 0.014167
0 0.15375 0.7125 0.015 0.018333
0 0.18375 0.703333 0.0125 0.016667
0 0.152812 0.672917 0.010625 0.014167
0 0.213438 0.66375 0.011875 0.014167
0 0.225938 0.687917 0.009375 0.0125
0 0.19875 0.647083 0.00875 0.0125
0 0.029687 0.59375 0.013125 0.015833
0 0.035937 0.584167 0.013125 0.015
0 0.087813 0.637083 0.010625 0.0175
0 0.115 0.581667 0.0125 0.016667
0 0.085312 0.564583 0.011875 0.015833
0 0.211875 0.577917 0.0125 0.0175
0 0.252812 0.625 0.010625 0.015
0 0.291875 0.567917 0.01375 0.0175
0 0.04875 0.534167 0.01625 0.018333
0 0.104375 0.47625 0.0125 0.0175
0 0.071875 0.44375 0.0125 0.019167
0 0.007188 0.360833 0.013125 0.016667
0 0.054375 0.369583 0.00875 0.014167
0 0.071875 0.353333 0.01125 0.015
0 0.119375 0.417083 0.0125 0.014167
0 0.131562 0.416667 0.009375 0.015
0 0.134063 0.434583 0.011875 0.014167
0 0.1575 0.455 0.01125 0.015
0 0.1275 0.39 0.0125 0.016667
0 0.089688 0.330833 0.018125 0.023333
0 0.1175 0.308333 0.0125 0.016667
0 0.130312 0.309167 0.013125 0.016667
0 0.075 0.31125 0.01375 0.0175
0 0.216875 0.41 0.01 0.013333
0 0.223125 0.405 0.00875 0.013333
0 0.166875 0.325417 0.01375 0.019167
0 0.171563 0.301667 0.014375 0.018333
0 0.149375 0.28875 0.0125 0.014167
0 0.1325 0.285 0.01375 0.018333
0 0.042188 0.152917 0.013125 0.0175
0 0.063437 0.120833 0.013125 0.016667
0 0.084062 0.214583 0.011875 0.019167
0 0.112187 0.1775 0.011875 0.015
0 0.084375 0.141667 0.01 0.013333
0 0.106563 0.102917 0.010625 0.0175
0 0.13125 0.0875 0.0125 0.016667
0 0.119688 0.04625 0.009375 0.014167
0 0.155312 0.118333 0.010625 0.015
0 0.173437 0.105833 0.011875 0.016667
0 0.15625 0.155 0.0125 0.016667
0 0.17125 0.170833 0.0125 0.015
0 0.18625 0.134583 0.01 0.014167
0 0.20125 0.1275 0.01375 0.02
0 0.22 0.18125 0.01375 0.019167
0 0.229375 0.267083 0.01125 0.014167
0 0.242812 0.292083 0.013125 0.014167
0 0.22 0.307083 0.0125 0.0175
0 0.239063 0.335 0.009375 0.013333
0 0.271562 0.374167 0.009375 0.013333
0 0.224062 0.462083 0.011875 0.015833
0 0.219062 0.479167 0.009375 0.01
0 0.250937 0.5475 0.011875 0.013333
0 0.26 0.791667 0.01625 0.02
0 0.283438 0.936667 0.015625 0.018333
0 0.3575 0.893333 0.01125 0.016667
0 0.315937 0.827917 0.014375 0.019167
0 0.334688 0.810417 0.011875 0.015833
0 0.314063 0.7875 0.013125 0.016667
0 0.388437 0.800417 0.009375 0.014167
0 0.415938 0.865 0.013125 0.015
0 0.462187 0.860417 0.010625 0.014167
0 0.474375 0.857083 0.0125 0.019167
0 0.439063 0.86 0.009375 0.011667
0 0.31375 0.770417 0.0125 0.014167
0 0.339375 0.540417 0.01 0.014167
0 0.284062 0.439583 0.011875 0.0125
0 0.247188 0.204583 0.011875 0.014167
0 0.289687 0.1725 0.011875 0.015
0 0.259375 0.029167 0.01125 0.015
0 0.315937 0.03625 0.013125 0.0175
0 0.296563 0.0975 0.011875 0.016667
0 0.365312 0.185 0.010625 0.015
0 0.370312 0.135417 0.011875 0.015833
0 0.474062 0.230833 0.013125 0.016667
0 0.3925 0.699167 0.01375 0.016667
0 0.429063 0.71125 0.014375 0.015833
0 0.490938 0.837083 0.009375 0.010833
0 0.48625 0.905417 0.01375 0.015833
0 0.504062 0.852917 0.013125 0.015833
0 0.5325 0.87625 0.01 0.0125
0 0.534062 0.889583 0.010625 0.0125
0 0.307188 0.176667 0.011875 0.016667
0 0.405625 0.0425 0.0125 0.015
0 0.394375 0.0825 0.0125 0.016667
0 0.308125 0.00625 0.0175 0.010833
0 0.47 0.027917 0.01375 0.019167
0 0.486563 0.035 0.013125 0.016667
0 0.5 0.087917 0.00875 0.0125
0 0.509062 0.085833 0.010625 0.013333
0 0.452813 0.125417 0.010625 0.014167
0 0.438437 0.11375 0.013125 0.015833
0 0.397188 0.137917 0.010625 0.014167
0 0.387188 0.24625 0.009375 0.0125
0 0.341875 0.264167 0.01125 0.013333
0 0.3225 0.329167 0.01375 0.018333
0 0.3325 0.363333 0.0125 0.018333
0 0.3575 0.399583 0.01125 0.015833
0 0.495312 0.79875 0.011875 0.0175
0 0.515625 0.8225 0.01 0.015
0 0.521563 0.79625 0.011875 0.015833
0 0.567187 0.80375 0.009375 0.015833
0 0.583438 0.792917 0.013125 0.020833
0 0.41 0.995417 0.01 0.009167
0 0.35125 0.997083 0.01 0.005833
0 0.439688 0.668333 0.010625 0.013333
0 0.43625 0.627083 0.01375 0.0175
0 0.470625 0.6125 0.01 0.013333
0 0.465938 0.600833 0.010625 0.015
0 0.389375 0.567083 0.01 0.0125
0 0.382188 0.50625 0.010625 0.014167
0 0.423438 0.513333 0.010625 0.013333
0 0.369688 0.72625 0.009375 0.0125
0 0.494375 0.715 0.01125 0.015
0 0.504687 0.709583 0.010625 0.015833
0 0.4975 0.67625 0.01 0.0125
0 0.520938 0.711667 0.010625 0.015
0 0.555 0.726667 0.0125 0.018333
0 0.582812 0.705417 0.010625 0.0175
0 0.53375 0.63375 0.0175 0.0275
0 0.485625 0.577917 0.0125 0.015833
0 0.450937 0.550417 0.014375 0.0175
0 0.489687 0.557917 0.010625 0.014167
0 0.466562 0.527083 0.010625 0.014167
0 0.482812 0.51375 0.014375 0.0175
0 0.524375 0.536667 0.01 0.013333
0 0.535312 0.54625 0.010625 0.014167
0 0.549063 0.5025 0.010625 0.013333
0 0.174687 0.815 0.015625 0.025
0 0.454062 0.235417 0.010625 0.014167
0 0.42875 0.247083 0.01125 0.015833
0 0.414687 0.369583 0.010625 0.014167
0 0.43625 0.415833 0.00875 0.013333
0 0.455937 0.4075 0.013125 0.018333
0 0.474062 0.397917 0.013125 0.015833
0 0.49 0.404167 0.01125 0.016667
0 0.500625 0.40375 0.01 0.0125
0 0.469375 0.445833 0.00875 0.013333
0 0.4925 0.45375 0.01125 0.014167
0 0.5375 0.469583 0.015 0.019167
0 0.57125 0.475833 0.01625 0.021667
0 0.604688 0.41875 0.013125 0.015833
0 0.545 0.367917 0.01125 0.015833
0 0.600938 0.3875 0.013125 0.015
0 0.549687 0.301667 0.008125 0.011667
0 0.5575 0.305833 0.01 0.016667
0 0.535 0.26 0.01 0.013333
0 0.562813 0.279167 0.010625 0.016667
0 0.574375 0.269583 0.01125 0.015833
0 0.546562 0.212917 0.014375 0.019167
0 0.124375 0.61375 0.00875 0.0125
0 0.394375 0.96875 0.01 0.015833
0 0.617812 0.980417 0.011875 0.0175
0 0.598125 0.893333 0.01125 0.015
0 0.591562 0.872083 0.009375 0.0125
0 0.6425 0.920833 0.01375 0.018333
0 0.5975 0.84125 0.01375 0.015833
0 0.555312 0.8275 0.009375 0.011667
0 0.575625 0.770833 0.00875 0.013333
0 0.576875 0.065 0.00875 0.015
0 0.651563 0.095 0.013125 0.015
0 0.615313 0.189583 0.013125 0.015833
0 0.623125 0.216667 0.01125 0.016667
0 0.893437 0.9875 0.011875 0.016667
0 0.839688 0.976667 0.011875 0.016667
0 0.825 0.951667 0.0125 0.016667
0 0.8425 0.939583 0.0125 0.014167
0 0.794375 0.891667 0.0125 0.016667
0 0.75875 0.87 0.00875 0.011667
0 0.76375 0.857917 0.01 0.0125
0 0.9 0.908333 0.01375 0.02
0 0.8775 0.894583 0.0125 0.015833
0 0.96625 0.89375 0.01 0.015833
0 0.927813 0.848333 0.013125 0.02
0 0.84375 0.81125 0.01375 0.020833
0 0.88875 0.8125 0.01375 0.018333
0 0.676875 0.869583 0.01375 0.0175
0 0.696875 0.851667 0.01 0.015
0 0.659687 0.82625 0.013125 0.014167
0 0.7 0.799167 0.0125 0.016667
0 0.658438 0.72875 0.013125 0.015833
0 0.675312 0.725 0.010625 0.013333
0 0.715625 0.745 0.0125 0.018333
0 0.988437 0.729167 0.011875 0.015
0 0.914062 0.63125 0.013125 0.019167
0 0.859375 0.63125 0.0125 0.0175
0 0.805937 0.724583 0.011875 0.015833
0 0.909687 0.579167 0.011875 0.015
0 0.993125 0.637917 0.01125 0.0175
0 0.930937 0.602917 0.009375 0.014167
0 0.92125 0.605833 0.00875 0.013333
0 0.73875 0.6475 0.00875 0.013333
0 0.67125 0.62375 0.0125 0.0175
0 0.652188 0.604583 0.010625 0.014167
0 0.639687 0.599583 0.013125 0.015833
0 0.64 0.57625 0.0125 0.015833
0 0.664375 0.505417 0.01 0.0125
0 0.644062 0.41375 0.011875 0.0175
0 0.654687 0.42625 0.009375 0.014167
0 0.6575 0.1625 0.01375 0.016667
0 0.664062 0.209583 0.010625 0.0125
0 0.68125 0.159583 0.0125 0.015833
0 0.742188 0.10125 0.011875 0.015833
0 0.7625 0.12875 0.0125 0.0175
0 0.706562 0.167917 0.010625 0.0125
0 0.749687 0.1525 0.010625 0.013333
0 0.768437 0.166667 0.013125 0.016667
0 0.734688 0.170417 0.011875 0.014167
0 0.730938 0.18625 0.011875 0.015833
0 0.752812 0.190417 0.011875 0.014167
0 0.741875 0.208333 0.00875 0.015
0 0.748437 0.21875 0.011875 0.015833
0 0.744062 0.264583 0.011875 0.015833
0 0.6925 0.295417 0.0125 0.014167
0 0.682813 0.35875 0.011875 0.0175
0 0.724688 0.369583 0.010625 0.014167
0 0.752812 0.383333 0.010625 0.016667
0 0.646875 0.458333 0.0075 0.013333
0 0.720313 0.7175 0.008125 0.013333
0 0.875938 0.85875 0.010625 0.015833
0 0.954063 0.6775 0.013125 0.02
0 0.9775 0.514583 0.01375 0.0175
0 0.943125 0.560833 0.01125 0.013333
0 0.895625 0.546667 0.00875 0.011667
0 0.823125 0.57625 0.01125 0.015833
0 0.817813 0.5425 0.010625 0.013333
0 0.83125 0.536667 0.0125 0.015
0 0.762813 0.502917 0.011875 0.015833
0 0.830625 0.474583 0.01125 0.015833
0 0.9125 0.551667 0.01125 0.015
0 0.94 0.479167 0.0075 0.013333
0 0.920625 0.45 0.00875 0.011667
0 0.68125 0.317917 0.00875 0.0125
0 0.7325 0.232917 0.01 0.0125
0 0.726562 0.013333 0.013125 0.016667
0 0.82 0.03375 0.01125 0.015833
0 0.86875 0.0375 0.01 0.015
0 0.816875 0.113333 0.0125 0.016667
0 0.833438 0.135 0.013125 0.018333
0 0.776563 0.255833 0.011875 0.015
0 0.783438 0.305 0.010625 0.015
0 0.79625 0.32 0.01 0.015
0 0.8325 0.9225 0.00875 0.011667
0 0.944063 0.824583 0.010625 0.014167
0 0.953438 0.44125 0.010625 0.014167
0 0.948125 0.425 0.0125 0.015
0 0.962812 0.287917 0.011875 0.014167
0 0.84875 0.26875 0.01375 0.015833
0 0.7875 0.227083 0.01 0.014167
0 0.8375 0.235833 0.01 0.013333
0 0.839688 0.202917 0.013125 0.015833
0 0.893437 0.172083 0.014375 0.020833
0 0.97 0.22 0.0125 0.018333
0 0.861875 0.056667 0.01625 0.018333
0 0.620625 0.063333 0.0175 0.021667
0 0.42875 0.2775 0.01 0.011667
0 0.40875 0.446667 0.0125 0.013333
0 0.341562 0.694167 0.009375 0.016667
0 0.684375 0.80875 0.00875 0.0125
0 0.90875 0.267083 0.01125 0.014167
0 0.867812 0.2125 0.010625 0.013333
0 0.84875 0.17125 0.01125 0.014167
