0 0.1675 0.17375 0.02125 0.025833
0 0.129375 0.235 0.02 0.025
0 0.135313 0.031667 0.016875 0.023333
0 0.019688 0.3375 0.015625 0.021667
0 0.240625 0.385833 0.01875 0.023333
0 0.21625 0.73375 0.02125 0.029167
0 0.238125 0.74375 0.01875 0.025833
0 0.24375 0.772917 0.0225 0.0275
0 0.287187 0.8775 0.023125 0.035
0 0.558438 0.69 0.020625 0.026667
0 0.206563 0.31375 0.015625 0.0225
0 0.535312 0.192083 0.021875 0.024167
0 0.662188 0.1475 0.020625 0.023333
0 0.949688 0.12 0.016875 0.023333
0 0.879375 0.03375 0.02 0.025833
0 0.9675 0.4475 0.01875 0.028333
0 0.492812 0.940833 0.021875 0.028333
0 0.963437 0.86625 0.018125 0.024167
0 0.969375 0.81375 0.02 0.0225
