0 0.421563 0.987917 0.021875 0.024167
0 0.231875 0.903333 0.0175 0.021667
0 0.219375 0.893333 0.01625 0.026667
0 0.2625 0.83625 0.02125 0.025833
0 0.47875 0.7 0.0225 0.03
0 0.560937 0.648333 0.016875 0.021667
0 0.30625 0.487917 0.01625 0.0275
0 0.136563 0.59 0.019375 0.025
0 0.140937 0.283333 0.020625 0.028333
0 0.521563 0.39375 0.015625 0.025833
0 0.532813 0.52125 0.015625 0.025833
0 0.610625 0.350417 0.0175 0.025833
0 0.569688 0.03625 0.018125 0.024167
0 0.689375 0.273333 0.025 0.031667
0 0.7075 0.21875 0.0175 0.020833
0 0.726875 0.055417 0.015 0.0225
0 0.976562 0.460833 0.018125 0.025
0 0.829063 0.438333 0.018125 0.021667
0 0.894062 0.354167 0.020625 0.026667
0 0.655312 0.508333 0.020625 0.028333
0 0.949063 0.699583 0.021875 0.0275
