0 0.952187 0.955 0.011875 0.018333
0 0.863125 0.91375 0.01125 0.0175
0 0.829688 0.897083 0.010625 0.0175
0 0.852812 0.8425 0.015625 0.02
0 0.880938 0.855833 0.010625 0.016667
0 0.925 0.82375 0.01 0.014167
0 0.898438 0.76375 0.011875 0.015833
0 0.805312 0.744583 0.010625 0.014167
0 0.956875 0.67125 0.0125 0.0175
0 0.784687 0.601667 0.010625 0.015
0 0.860938 0.60625 0.011875 0.014167
0 0.865313 0.49875 0.013125 0.0175
0 0.8175 0.52625 0.01 0.0125
0 0.78 0.48625 0.01 0.0125
0 0.785625 0.479583 0.01125 0.010833
0 0.744687 0.457917 0.011875 0.014167
0 0.776875 0.430833 0.01125 0.018333
0 0.960625 0.299583 0.01125 0.0125
0 0.93375 0.312083 0.0125 0.0175
0 0.894062 0.154167 0.010625 0.018333
0 0.885312 0.166667 0.008125 0.013333
0 0.91625 0.0875 0.0125 0.016667
0 0.773438 0.102083 0.010625 0.014167
0 0.769687 0.113333 0.011875 0.016667
0 0.770938 0.128333 0.009375 0.011667
0 0.758437 0.13 0.011875 0.01
0 0.759062 0.142917 0.013125 0.0175
0 0.715625 0.851667 0.00875 0.015
0 0.794375 0.79375 0.01125 0.014167
0 0.6975 0.764167 0.0125 0.015
0 0.667188 0.73375 0.011875 0.010833
0 0.668125 0.720833 0.01125 0.013333
0 0.730625 0.72875 0.00875 0.0125
0 0.738437 0.729167 0.006875 0.01
0 0.746563 0.7 0.011875 0.016667
0 0.758437 0.697917 0.009375 0.010833
0 0.746563 0.685417 0.011875 0.0125
0 0.64875 0.658333 0.0125 0.015
0 0.672188 0.642917 0.009375 0.015833
0 0.6625 0.64875 0.00875 0.0125
0 0.660625 0.812917 0.00875 0.014167
0 0.614062 0.52875 0.009375 0.0125
0 0.624062 0.52625 0.009375 0.0125
0 0.565 0.592083 0.01125 0.0125
0 0.65125 0.272083 0.00875 0.015833
0 0.64375 0.271667 0.00625 0.01
0 0.646875 0.244583 0.01125 0.015833
0 0.6 0.390833 0.01 0.018333
0 0.569688 0.412917 0.011875 0.014167
0 0.565 0.4225 0.01 0.008333
0 0.702187 0.282917 0.009375 0.014167
0 0.672188 0.241667 0.009375 0.011667
0 0.679375 0.1525 0.01 0.015
0 0.647813 0.147917 0.010625 0.014167
0 0.577187 0.255417 0.010625 0.0125
0 0.581875 0.270417 0.01375 0.019167
0 0.781875 0.03375 0.01125 0.014167
0 0.779062 0.0225 0.009375 0.011667
0 0.802813 0.182917 0.009375 0.014167
0 0.827187 0.048333 0.013125 0.018333
0 0.620625 0.074167 0.0125 0.016667
0 0.587187 0.1475 0.009375 0.013333
0 0.531875 0.055 0.01 0.016667
0 0.49 0.096667 0.01125 0.018333
0 0.474062 0.105 0.013125 0.016667
0 0.479687 0.042917 0.008125 0.0125
0 0.525625 0.129167 0.01375 0.018333
0 0.51875 0.146667 0.01375 0.015
0 0.523125 0.155417 0.00875 0.010833
0 0.436563 0.262917 0.011875 0.015833
0 0.502812 0.235 0.011875 0.013333
0 0.466875 0.352083 0.01125 0.014167
0 0.435312 0.150833 0.014375 0.021667
0 0.380312 0.176667 0.010625 0.015
0 0.373437 0.304167 0.009375 0.015
0 0.391562 0.34125 0.014375 0.014167
0 0.3925 0.3525 0.0125 0.013333
0 0.413438 0.345417 0.008125 0.010833
0 0.409062 0.334167 0.011875 0.015
0 0.444063 0.41625 0.009375 0.014167
0 0.483125 0.51375 0.01125 0.0175
0 0.474062 0.52125 0.011875 0.0125
0 0.561875 0.6725 0.01125 0.016667
0 0.595313 0.65375 0.009375 0.0175
0 0.567813 0.634167 0.011875 0.013333
0 0.513125 0.84 0.01125 0.018333
0 0.523438 0.905417 0.010625 0.0175
0 0.637188 0.945 0.009375 0.011667
0 0.61625 0.9425 0.01 0.013333
0 0.469375 0.86125 0.01 0.014167
0 0.493437 0.725833 0.009375 0.015
0 0.393125 0.757083 0.01 0.014167
0 0.359063 0.75875 0.006875 0.015833
0 0.351875 0.725 0.00875 0.015
0 0.415 0.70125 0.0125 0.0175
0 0.416563 0.601667 0.011875 0.015
0 0.940312 0.48625 0.011875 0.015833
0 0.710625 0.670833 0.01 0.018333
0 0.598437 0.761667 0.009375 0.016667
0 0.72625 0.896667 0.01125 0.016667
0 0.384375 0.032917 0.0075 0.014167
0 0.314375 0.202083 0.01 0.014167
0 0.275313 0.167917 0.013125 0.0125
0 0.240313 0.286667 0.010625 0.015
0 0.200937 0.300833 0.013125 0.015
0 0.364063 0.709167 0.011875 0.016667
0 0.295938 0.738333 0.009375 0.013333
0 0.287187 0.720833 0.009375 0.016667
0 0.282813 0.678333 0.011875 0.016667
0 0.261562 0.621667 0.009375 0.016667
0 0.250625 0.62125 0.01 0.014167
0 0.450937 0.943333 0.013125 0.02
0 0.25 0.935833 0.0125 0.011667
0 0.24625 0.922083 0.01125 0.0225
0 0.22 0.952083 0.01 0.014167
0 0.07625 0.990417 0.01125 0.014167
0 0.175625 0.891667 0.01125 0.016667
0 0.15625 0.8575 0.01 0.015
0 0.16625 0.82625 0.01375 0.0175
0 0.213125 0.819167 0.01125 0.016667
0 0.244375 0.739583 0.00875 0.014167
0 0.155625 0.770417 0.01 0.015833
0 0.0725 0.764583 0.01375 0.020833
0 0.0625 0.8075 0.01125 0.015
0 0.03875 0.847917 0.01125 0.015833
0 0.215312 0.6675 0.011875 0.015
0 0.247188 0.57125 0.011875 0.0175
0 0.111875 0.6375 0.0125 0.018333
0 0.013437 0.60875 0.014375 0.0175
0 0.0375 0.524583 0.0125 0.019167
0 0.094687 0.57 0.010625 0.016667
0 0.353125 0.837083 0.0125 0.019167
0 0.175 0.44125 0.01125 0.0175
0 0.213438 0.429583 0.009375 0.0125
0 0.203437 0.484167 0.010625 0.015
0 0.244375 0.512083 0.0125 0.014167
0 0.245625 0.5 0.01 0.01
0 0.24375 0.519167 0.01 0.01
0 0.187812 0.675833 0.013125 0.016667
0 0.066562 0.456667 0.008125 0.015
0 0.206563 0.375 0.010625 0.013333
0 0.260313 0.299583 0.011875 0.019167
0 0.137813 0.27375 0.013125 0.015833
0 0.04125 0.269167 0.0125 0.018333
0 0.114062 0.136667 0.013125 0.015
0 0.113437 0.121667 0.011875 0.011667
0 0.115 0.110833 0.0125 0.015
0 0.142813 0.065417 0.011875 0.0175
0 0.1525 0.06875 0.00875 0.014167
0 0.198437 0.0675 0.015625 0.018333
0 0.115625 0.382083 0.01 0.0125
0 0.119375 0.367083 0.00875 0.010833
0 0.1125 0.440833 0.01125 0.018333
0 0.645312 0.497917 0.010625 0.014167
0 0.623125 0.452083 0.01125 0.015833
0 0.485312 0.465833 0.011875 0.016667
0 0.58125 0.966667 0.01625 0.015
0 0.595938 0.839167 0.008125 0.015
0 0.352812 0.62 0.013125 0.016667
0 0.329062 0.55375 0.011875 0.015833
