0 0.889062 0.919167 0.009375 0.015
0 0.8325 0.855 0.0125 0.016667
0 0.784062 0.82375 0.009375 0.014167
0 0.764062 0.839167 0.009375 0.015
0 0.741875 0.994167 0.01125 0.011667
0 0.725625 0.99125 0.0125 0.014167
0 0.695 0.963333 0.01125 0.013333
0 0.771875 0.927917 0.01 0.014167
0 0.755 0.890833 0.00875 0.013333
0 0.75 0.87375 0.01 0.014167
0 0.723437 0.891667 0.009375 0.013333
0 0.6875 0.91125 0.01 0.014167
0 0.655312 0.91625 0.008125 0.0125
0 0.643437 0.892917 0.011875 0.014167
0 0.6425 0.882083 0.0075 0.010833
0 0.826562 0.747917 0.010625 0.015833
0 0.800625 0.725833 0.01 0.015
0 0.717187 0.747917 0.009375 0.0175
0 0.60875 0.922917 0.01125 0.015833
0 0.65625 0.977917 0.01 0.014167
0 0.584688 0.984583 0.010625 0.014167
0 0.889062 0.734583 0.013125 0.0125
0 0.9725 0.647917 0.01 0.014167
0 0.961562 0.598333 0.010625 0.015
0 0.949375 0.561667 0.00875 0.015
0 0.97625 0.529167 0.00875 0.013333
0 0.900937 0.575 0.009375 0.013333
0 0.888437 0.577083 0.013125 0.014167
0 0.8625 0.69625 0.01 0.014167
0 0.960625 0.457917 0.01 0.014167
0 0.935312 0.384167 0.013125 0.016667
0 0.9225 0.341667 0.00875 0.013333
0 0.937813 0.168333 0.011875 0.015
0 0.85375 0.105833 0.0125 0.013333
0 0.855938 0.198333 0.008125 0.013333
0 0.805312 0.103333 0.010625 0.016667
0 0.805 0.18375 0.01125 0.0175
0 0.795937 0.19375 0.009375 0.0175
0 0.778438 0.243333 0.010625 0.015
0 0.832812 0.29375 0.011875 0.014167
0 0.755313 0.278333 0.011875 0.011667
0 0.73125 0.1875 0.01 0.015
0 0.721562 0.141667 0.010625 0.016667
0 0.770938 0.0525 0.015625 0.02
0 0.831875 0.044167 0.01 0.018333
0 0.761875 0.020833 0.01125 0.013333
0 0.74875 0.02125 0.01375 0.014167
0 0.679688 0.044583 0.011875 0.014167
0 0.72125 0.092917 0.01125 0.015833
0 0.61625 0.19 0.01 0.015
0 0.589688 0.0925 0.009375 0.015
0 0.640625 0.109167 0.00875 0.013333
0 0.665312 0.210833 0.013125 0.016667
0 0.735938 0.130833 0.010625 0.013333
0 0.668125 0.3275 0.00875 0.013333
0 0.77625 0.36 0.00875 0.011667
0 0.788438 0.369167 0.009375 0.015
0 0.818125 0.351667 0.0125 0.016667
0 0.831875 0.372083 0.01 0.015833
0 0.850313 0.4 0.009375 0.015
0 0.814063 0.41 0.010625 0.018333
0 0.870938 0.449167 0.013125 0.015
0 0.821562 0.44875 0.010625 0.014167
0 0.74375 0.405833 0.0125 0.015
0 0.725 0.406667 0.01125 0.016667
0 0.721875 0.42625 0.01125 0.015833
0 0.834063 0.503333 0.008125 0.015
0 0.827187 0.515 0.011875 0.016667
0 0.820625 0.526667 0.01125 0.015
0 0.810937 0.540417 0.010625 0.014167
0 0.790312 0.525417 0.010625 0.014167
0 0.78 0.50375 0.01 0.0125
0 0.768437 0.516667 0.011875 0.015
0 0.808438 0.476667 0.009375 0.015
0 0.686562 0.487083 0.008125 0.0125
0 0.643125 0.49375 0.01125 0.0125
0 0.62125 0.495 0.0125 0.016667
0 0.615313 0.56375 0.010625 0.0175
0 0.692813 0.589167 0.009375 0.013333
0 0.763125 0.664583 0.0125 0.015833
0 0.822812 0.906667 0.010625 0.015
0 0.497188 0.985833 0.011875 0.013333
0 0.50375 0.93875 0.0125 0.015833
0 0.481563 0.926667 0.011875 0.013333
0 0.505 0.916667 0.0125 0.015
0 0.52625 0.9 0.0125 0.016667
0 0.568438 0.79875 0.010625 0.014167
0 0.46 0.83875 0.01 0.014167
0 0.641563 0.806667 0.010625 0.016667
0 0.65375 0.862917 0.01 0.014167
0 0.62 0.83875 0.01125 0.0175
0 0.624687 0.122083 0.011875 0.014167
0 0.515938 0.10625 0.011875 0.015833
0 0.535937 0.1575 0.011875 0.02
0 0.555312 0.205 0.009375 0.015
0 0.562187 0.232083 0.013125 0.0175
0 0.585 0.284167 0.01 0.015
0 0.539375 0.27375 0.0125 0.019167
0 0.548438 0.291667 0.009375 0.015
0 0.531875 0.306667 0.01 0.015
0 0.495 0.279167 0.0125 0.016667
0 0.500625 0.24375 0.0125 0.015833
0 0.472813 0.17625 0.010625 0.015833
0 0.480938 0.197917 0.013125 0.015833
0 0.403125 0.250833 0.0125 0.016667
0 0.444688 0.037083 0.011875 0.0225
0 0.441563 0.40625 0.010625 0.015833
0 0.4425 0.42125 0.01125 0.0125
0 0.477187 0.460833 0.010625 0.015
0 0.473438 0.50125 0.010625 0.015833
0 0.459062 0.58 0.011875 0.018333
0 0.51125 0.641667 0.01125 0.015
0 0.520938 0.650417 0.008125 0.010833
0 0.565 0.755833 0.00875 0.015
0 0.54375 0.734583 0.01375 0.015833
0 0.470625 0.707917 0.00875 0.0125
0 0.45375 0.695833 0.01 0.013333
0 0.42625 0.682917 0.01 0.015833
0 0.413125 0.67375 0.0125 0.014167
0 0.401562 0.7475 0.010625 0.015
0 0.4125 0.7075 0.0125 0.016667
0 0.449688 0.555 0.009375 0.015
0 0.46125 0.621667 0.01125 0.016667
0 0.371563 0.99375 0.009375 0.0125
0 0.351562 0.9625 0.010625 0.015
0 0.410938 0.95 0.011875 0.015
0 0.404062 0.874167 0.009375 0.016667
0 0.351562 0.888333 0.010625 0.013333
0 0.37125 0.890417 0.01125 0.014167
0 0.361875 0.8525 0.01 0.013333
0 0.309063 0.8475 0.010625 0.015
0 0.288125 0.985 0.01 0.013333
0 0.3175 0.799167 0.0125 0.013333
0 0.205937 0.908333 0.010625 0.013333
0 0.207187 0.820417 0.010625 0.014167
0 0.304063 0.718333 0.010625 0.015
0 0.315937 0.692917 0.010625 0.015833
0 0.3375 0.665 0.01125 0.015
0 0.26125 0.6625 0.0125 0.016667
0 0.26625 0.579583 0.01375 0.0175
0 0.270313 0.508333 0.011875 0.015
0 0.245625 0.477917 0.01125 0.015833
0 0.310937 0.450833 0.009375 0.013333
0 0.360938 0.413333 0.010625 0.015
0 0.354375 0.356667 0.0125 0.016667
0 0.351875 0.26 0.0125 0.016667
0 0.350313 0.240417 0.010625 0.015833
0 0.291875 0.192083 0.01125 0.015833
0 0.277813 0.208333 0.013125 0.018333
0 0.298125 0.271667 0.01125 0.015
0 0.329375 0.13375 0.01 0.015833
0 0.329688 0.013333 0.011875 0.013333
0 0.282813 0.038333 0.011875 0.016667
0 0.250312 0.056667 0.011875 0.016667
0 0.226875 0.036667 0.0125 0.018333
0 0.2125 0.0175 0.01 0.018333
0 0.195312 0.024583 0.013125 0.019167
0 0.229687 0.115833 0.013125 0.016667
0 0.265 0.139583 0.0125 0.019167
0 0.244375 0.1525 0.01 0.013333
0 0.244375 0.18625 0.0125 0.0175
0 0.232813 0.20875 0.014375 0.019167
0 0.222188 0.298333 0.014375 0.016667
0 0.149062 0.935 0.009375 0.013333
0 0.1425 0.924167 0.01125 0.013333
0 0.174687 0.888333 0.010625 0.016667
0 0.13125 0.78625 0.01 0.0175
0 0.120625 0.785833 0.01 0.013333
0 0.077813 0.795 0.010625 0.015
0 0.089375 0.762083 0.01 0.0175
0 0.03625 0.73375 0.01 0.014167
0 0.12 0.6975 0.01125 0.018333
0 0.08625 0.642083 0.0075 0.0175
0 0.12 0.647917 0.01125 0.015833
0 0.025313 0.614583 0.010625 0.015833
0 0.040313 0.591667 0.014375 0.016667
0 0.07125 0.550833 0.01 0.016667
0 0.072188 0.538333 0.009375 0.011667
0 0.036875 0.685417 0.0125 0.015833
0 0.1 0.527917 0.01 0.0175
0 0.129375 0.531667 0.01125 0.013333
0 0.135 0.5125 0.01 0.015
0 0.163125 0.4625 0.01 0.016667
0 0.134687 0.457083 0.015625 0.014167
0 0.11125 0.469583 0.01 0.0125
0 0.06875 0.434167 0.0075 0.013333
0 0.055 0.420417 0.00875 0.014167
0 0.045312 0.36875 0.010625 0.015833
0 0.070938 0.415 0.009375 0.015
0 0.083437 0.42125 0.010625 0.015833
0 0.143437 0.387083 0.013125 0.019167
0 0.178437 0.397083 0.010625 0.010833
0 0.170937 0.364583 0.014375 0.014167
0 0.160312 0.304167 0.011875 0.013333
0 0.117813 0.264583 0.010625 0.015833
0 0.132188 0.254583 0.009375 0.015833
0 0.149375 0.239167 0.015 0.013333
0 0.155 0.2225 0.0125 0.013333
0 0.170937 0.205417 0.011875 0.015833
0 0.367812 0.446667 0.011875 0.013333
0 0.423438 0.590417 0.009375 0.0125
0 0.548125 0.875 0.01 0.013333
0 0.6775 0.714583 0.01125 0.0175
0 0.837812 0.685417 0.014375 0.0225
0 0.835938 0.59125 0.010625 0.0175
0 0.178125 0.29875 0.01625 0.015833
0 0.576562 0.029167 0.013125 0.018333
