0 0.046875 0.419583 0.02125 0.025833
0 0.025 0.42625 0.015 0.020833
0 0.072188 0.38625 0.018125 0.025833
0 0.08875 0.24625 0.02 0.0275
0 0.255937 0.03125 0.021875 0.025833
0 0.313437 0.32 0.020625 0.028333
0 0.275313 0.467917 0.014375 0.019167
0 0.28625 0.47875 0.01625 0.024167
0 0.201875 0.839167 0.01625 0.025
0 0.377812 0.809583 0.013125 0.0175
0 0.40625 0.889167 0.01375 0.018333
0 0.496875 0.7775 0.01375 0.016667
0 0.504687 0.6175 0.024375 0.03
0 0.400938 0.440833 0.015625 0.023333
0 0.41875 0.424583 0.015 0.0175
0 0.433437 0.433333 0.015625 0.021667
0 0.452813 0.29125 0.016875 0.024167
0 0.4875 0.292083 0.02 0.0275
0 0.460938 0.12375 0.015625 0.019167
0 0.456875 0.022917 0.0175 0.024167
0 0.47375 0.050833 0.02 0.026667
0 0.504062 0.044583 0.018125 0.0225
0 0.631563 0.035 0.014375 0.02
0 0.562813 0.251667 0.015625 0.02
0 0.528125 0.365417 0.015 0.020833
0 0.977187 0.732083 0.016875 0.0225
0 0.954063 0.699583 0.019375 0.025833
0 0.799375 0.709583 0.01875 0.025833
0 0.637813 0.680833 0.014375 0.018333
0 0.589375 0.5625 0.01625 0.023333
0 0.7025 0.563333 0.02 0.026667
0 0.849063 0.582917 0.018125 0.0225
0 0.74875 0.522083 0.0175 0.0225
0 0.801562 0.352083 0.018125 0.029167
0 0.888125 0.239167 0.02 0.028333
0 0.927188 0.327917 0.014375 0.019167
0 0.87 0.13375 0.01875 0.024167
0 0.84 0.09625 0.015 0.019167
