0 0.168125 0.9525 0.01375 0.018333
0 0.261875 0.775 0.01125 0.016667
0 0.328437 0.814167 0.011875 0.015
0 0.114375 0.68375 0.0125 0.0175
0 0.275313 0.365833 0.018125 0.023333
0 0.2275 0.34375 0.01375 0.015833
0 0.222188 0.032083 0.011875 0.015833
0 0.509375 0.114167 0.01125 0.013333
0 0.39375 0.636667 0.01 0.013333
0 0.378125 0.581667 0.01 0.013333
0 0.490625 0.65875 0.00875 0.0125
0 0.485625 0.196667 0.00875 0.011667
0 0.56125 0.832917 0.01375 0.020833
0 0.6525 0.67375 0.01125 0.015833
0 0.680312 0.64875 0.011875 0.0175
0 0.441875 0.515417 0.01 0.0125
0 0.756875 0.269583 0.0125 0.019167
0 0.704375 0.388333 0.01125 0.013333
0 0.707812 0.790833 0.009375 0.015
0 0.891875 0.804583 0.01125 0.015833
0 0.845938 0.519167 0.013125 0.018333
0 0.315937 0.04375 0.010625 0.015833
0 0.720313 0.6275 0.014375 0.018333
0 0.576875 0.78625 0.00875 0.014167
0 0.59125 0.7725 0.01 0.011667
0 0.47375 0.87375 0.0125 0.014167
0 0.387188 0.895417 0.009375 0.014167
0 0.265625 0.869167 0.00875 0.013333
0 0.35125 0.739583 0.00875 0.0125
0 0.319063 0.722917 0.008125 0.014167
0 0.761875 0.687917 0.00875 0.0125
0 0.943438 0.613333 0.014375 0.02
