0 0.016875 0.330417 0.0125 0.015833
0 0.008438 0.685417 0.010625 0.015833
0 0.101875 0.987917 0.0125 0.015833
0 0.1125 0.7625 0.00875 0.013333
0 0.266875 0.904167 0.0075 0.011667
0 0.32375 0.99375 0.01 0.0125
0 0.316563 0.915417 0.008125 0.010833
0 0.464687 0.87875 0.010625 0.015833
0 0.3625 0.902083 0.0075 0.0125
0 0.344375 0.89125 0.0075 0.010833
0 0.421875 0.727083 0.00875 0.0125
0 0.413438 0.725 0.011875 0.01
0 0.304688 0.744583 0.009375 0.0125
0 0.2675 0.75375 0.01 0.0125
0 0.246875 0.740833 0.01 0.013333
0 0.102813 0.485833 0.008125 0.01
0 0.104375 0.426667 0.00875 0.013333
0 0.1525 0.462917 0.00875 0.010833
0 0.218125 0.497083 0.0125 0.015833
0 0.258125 0.51 0.01125 0.013333
0 0.162188 0.34 0.010625 0.013333
0 0.165937 0.2875 0.010625 0.015
0 0.139375 0.290833 0.01125 0.015
0 0.201563 0.123333 0.009375 0.011667
0 0.154062 0.065417 0.010625 0.014167
0 0.451875 0.113333 0.01375 0.018333
0 0.39125 0.1025 0.01 0.013333
0 0.314063 0.2325 0.008125 0.01
0 0.458437 0.280833 0.011875 0.015
0 0.500313 0.342917 0.011875 0.014167
0 0.457813 0.404583 0.011875 0.0125
0 0.541562 0.430417 0.010625 0.015833
0 0.595625 0.4575 0.01375 0.015
0 0.28125 0.7025 0.0075 0.01
0 0.765625 0.73125 0.01125 0.0125
0 0.813438 0.99125 0.013125 0.015833
0 0.9075 0.800833 0.01125 0.018333
0 0.704375 0.672083 0.01125 0.0175
0 0.794063 0.3925 0.010625 0.015
0 0.893125 0.313333 0.01375 0.015
0 0.8725 0.278333 0.01125 0.015
0 0.900312 0.202917 0.011875 0.0175
0 0.834375 0.210833 0.01125 0.015
0 0.704063 0.2825 0.010625 0.013333
0 0.691875 0.20625 0.0125 0.015833
0 0.171875 0.3075 0.00875 0.01
0 0.456562 0.764167 0.009375 0.013333
0 0.464687 0.612917 0.010625 0.014167
0 0.176563 0.584167 0.010625 0.01
