0 0.069062 0.7275 0.010625 0.013333
0 0.16 0.80125 0.0125 0.015833
0 0.190312 0.745 0.011875 0.015
0 0.143125 0.87625 0.01 0.014167
0 0.209063 0.840833 0.015625 0.016667
0 0.218438 0.9475 0.013125 0.016667
0 0.409375 0.862083 0.01 0.019167
0 0.416875 0.977917 0.01375 0.0175
0 0.178437 0.70625 0.010625 0.0125
0 0.201875 0.649583 0.01 0.014167
0 0.103125 0.538333 0.01125 0.015
0 0.055938 0.333333 0.013125 0.02
0 0.072188 0.409167 0.010625 0.013333
0 0.166875 0.36625 0.01375 0.014167
0 0.157812 0.23375 0.013125 0.015833
0 0.15 0.212917 0.0125 0.015833
0 0.17375 0.22375 0.00875 0.0125
0 0.198437 0.260417 0.009375 0.014167
0 0.273438 0.262083 0.008125 0.0125
0 0.284062 0.401667 0.011875 0.016667
0 0.337187 0.407917 0.015625 0.0175
0 0.396875 0.381667 0.0175 0.018333
0 0.079062 0.287917 0.009375 0.015833
0 0.056563 0.1325 0.013125 0.018333
0 0.098437 0.185833 0.011875 0.016667
0 0.130938 0.155417 0.009375 0.0125
0 0.194375 0.026667 0.01 0.013333
0 0.352812 0.12125 0.013125 0.0175
0 0.360625 0.10875 0.0125 0.019167
0 0.3125 0.147083 0.0125 0.015833
0 0.410625 0.307083 0.01 0.0125
0 0.379063 0.47375 0.008125 0.010833
0 0.450313 0.381667 0.009375 0.015
0 0.517813 0.242083 0.010625 0.014167
0 0.44375 0.219583 0.00875 0.0125
0 0.6 0.201667 0.01125 0.015
0 0.653438 0.15375 0.011875 0.014167
0 0.6925 0.109167 0.01125 0.015
0 0.747188 0.152083 0.011875 0.015833
0 0.955937 0.144167 0.011875 0.015
0 0.831875 0.42375 0.01 0.0125
0 0.797813 0.4275 0.011875 0.015
0 0.675312 0.52375 0.013125 0.0175
0 0.689688 0.53 0.010625 0.013333
0 0.492188 0.395833 0.008125 0.013333
0 0.355312 0.17625 0.010625 0.0175
0 0.610625 0.220417 0.01 0.0125
0 0.480312 0.638333 0.009375 0.011667
0 0.503125 0.66875 0.00875 0.0125
0 0.495 0.69625 0.01125 0.014167
0 0.648125 0.605417 0.01 0.014167
0 0.645 0.754583 0.01625 0.019167
0 0.53625 0.78875 0.01 0.014167
0 0.546875 0.79 0.0075 0.013333
0 0.461875 0.729583 0.01 0.014167
0 0.404687 0.82875 0.010625 0.015833
0 0.2925 0.8525 0.01 0.013333
0 0.558125 0.98 0.0125 0.015
0 0.605313 0.91375 0.011875 0.015833
0 0.643437 0.849583 0.018125 0.0175
0 0.54625 0.665833 0.0125 0.016667
0 0.894375 0.905833 0.015 0.023333
0 0.906563 0.920833 0.013125 0.013333
0 0.733125 0.883333 0.01 0.015
0 0.919063 0.837083 0.015625 0.0225
0 0.89125 0.826667 0.01 0.015
0 0.892813 0.690417 0.011875 0.015833
0 0.742188 0.58125 0.011875 0.014167
0 0.804375 0.202917 0.01125 0.0125
0 0.61 0.2625 0.01 0.013333
0 0.351875 0.49875 0.01375 0.019167
0 0.580937 0.589583 0.013125 0.020833
