0 0.313437 0.9675 0.015625 0.02
0 0.207813 0.940417 0.011875 0.0175
0 0.206875 0.637083 0.0125 0.015833
0 0.050313 0.610833 0.013125 0.02
0 0.181562 0.539583 0.015625 0.019167
0 0.22 0.565 0.0125 0.016667
0 0.218125 0.079583 0.01375 0.020833
0 0.125 0.2625 0.01625 0.018333
0 0.080625 0.223333 0.0125 0.018333
0 0.318437 0.257917 0.014375 0.019167
0 0.101875 0.5625 0.0125 0.018333
0 0.298438 0.93125 0.013125 0.015833
0 0.171875 0.800417 0.01125 0.015833
0 0.174375 0.71625 0.01125 0.0175
0 0.249375 0.719583 0.01 0.015833
0 0.285938 0.559167 0.013125 0.018333
0 0.32 0.542917 0.0125 0.0175
0 0.429375 0.600417 0.01375 0.019167
0 0.378125 0.517917 0.01375 0.019167
0 0.208125 0.372083 0.01 0.014167
0 0.1525 0.119167 0.01125 0.015
0 0.224375 0.202083 0.01125 0.014167
0 0.404062 0.191667 0.013125 0.018333
0 0.424375 0.09375 0.01125 0.0175
0 0.312188 0.10125 0.011875 0.015833
0 0.373437 0.155 0.009375 0.015
0 0.236875 0.357083 0.01125 0.0175
0 0.375 0.584167 0.01125 0.016667
0 0.435937 0.542917 0.010625 0.014167
0 0.398125 0.927917 0.01 0.015833
0 0.604375 0.82375 0.0125 0.015833
0 0.570937 0.82375 0.009375 0.0125
0 0.503125 0.849167 0.01375 0.016667
0 0.482812 0.775833 0.011875 0.018333
0 0.324688 0.737917 0.011875 0.015833
0 0.480625 0.155417 0.01375 0.019167
0 0.568125 0.229167 0.01625 0.018333
0 0.464687 0.045833 0.011875 0.018333
0 0.47375 0.044583 0.01 0.019167
0 0.576562 0.089167 0.010625 0.015
0 0.505625 0.392917 0.01375 0.020833
0 0.431563 0.400833 0.013125 0.018333
0 0.616563 0.86875 0.015625 0.0225
0 0.7925 0.892917 0.01375 0.0175
0 0.809688 0.86375 0.010625 0.015833
0 0.865938 0.715833 0.014375 0.021667
0 0.835625 0.70125 0.015 0.019167
0 0.75 0.582917 0.0125 0.0175
0 0.58625 0.557083 0.0125 0.019167
0 0.654062 0.371667 0.010625 0.015
0 0.651563 0.282917 0.013125 0.0175
0 0.525625 0.183333 0.01375 0.023333
0 0.894687 0.832917 0.013125 0.019167
0 0.84 0.88625 0.01125 0.015833
0 0.919063 0.4875 0.016875 0.021667
0 0.73125 0.369583 0.015 0.020833
0 0.613437 0.30375 0.010625 0.014167
0 0.899375 0.2425 0.015 0.02
0 0.73625 0.254167 0.01125 0.016667
0 0.774375 0.292083 0.01 0.014167
0 0.618437 0.018333 0.015625 0.02
0 0.844375 0.166667 0.0125 0.016667
0 0.891563 0.174167 0.014375 0.02
0 0.50375 0.229583 0.01 0.015833
0 0.354063 0.047917 0.013125 0.015833
0 0.38875 0.257083 0.01375 0.019167
0 0.250937 0.750833 0.010625 0.013333
0 0.399687 0.64375 0.010625 0.014167
0 0.368125 0.785 0.00875 0.015
0 0.485 0.75125 0.01125 0.014167
