0 0.222188 0.09625 0.010625 0.014167
0 0.0675 0.221667 0.0125 0.016667
0 0.12125 0.183333 0.0125 0.016667
0 0.146875 0.230417 0.01125 0.015833
0 0.225625 0.455417 0.0125 0.015833
0 0.244688 0.492083 0.009375 0.0125
0 0.248438 0.540417 0.010625 0.014167
0 0.306875 0.5325 0.01125 0.015
0 0.210938 0.58 0.011875 0.016667
0 0.209063 0.72875 0.009375 0.0125
0 0.455625 0.792917 0.01125 0.014167
0 0.529375 0.7575 0.01125 0.015
0 0.367812 0.867917 0.011875 0.015833
0 0.266875 0.69125 0.01125 0.0175
0 0.404687 0.6075 0.010625 0.016667
0 0.453125 0.4625 0.01125 0.015
0 0.326562 0.389583 0.009375 0.0125
0 0.106563 0.449167 0.013125 0.02
0 0.122188 0.8475 0.010625 0.015
0 0.130625 0.84 0.00875 0.015
0 0.172813 0.13375 0.014375 0.020833
0 0.3475 0.06625 0.01 0.014167
0 0.285625 0.275 0.01125 0.016667
0 0.618125 0.831667 0.01375 0.015
0 0.51125 0.652917 0.01 0.015833
0 0.519375 0.649167 0.00875 0.013333
0 0.628125 0.571667 0.01125 0.013333
0 0.666562 0.621667 0.009375 0.016667
0 0.730313 0.600417 0.014375 0.015833
0 0.613437 0.527083 0.010625 0.0175
0 0.575625 0.7875 0.01125 0.016667
0 0.705937 0.973333 0.011875 0.018333
0 0.703125 0.874583 0.01125 0.014167
0 0.783125 0.971667 0.01125 0.015
0 0.831562 0.59125 0.011875 0.015833
0 0.66625 0.478333 0.01 0.013333
0 0.701562 0.30125 0.011875 0.015833
0 0.411562 0.105833 0.011875 0.016667
0 0.289375 0.96875 0.0075 0.014167
0 0.36125 0.70875 0.00875 0.014167
0 0.427812 0.754583 0.008125 0.0125
0 0.623125 0.688333 0.00875 0.013333
0 0.66375 0.39625 0.01125 0.015833
0 0.667813 0.324583 0.010625 0.014167
0 0.501875 0.300833 0.0125 0.016667
0 0.38 0.327083 0.0075 0.009167
