0 0.190938 0.08 0.013125 0.018333
0 0.174687 0.12 0.014375 0.016667
0 0.069687 0.169583 0.014375 0.0175
0 0.13375 0.179167 0.0125 0.015
0 0.210313 0.18375 0.010625 0.015833
0 0.200937 0.182917 0.008125 0.010833
0 0.266875 0.239583 0.01 0.0125
0 0.10125 0.479583 0.00875 0.010833
0 0.084062 0.405417 0.008125 0.0125
0 0.137187 0.62625 0.010625 0.0125
0 0.039688 0.735417 0.011875 0.019167
0 0.185625 0.7325 0.01125 0.015
0 0.208437 0.774583 0.010625 0.014167
0 0.090313 0.84625 0.011875 0.015833
0 0.243438 0.871667 0.013125 0.016667
0 0.252812 0.864583 0.011875 0.015833
0 0.20125 0.914583 0.01 0.015833
0 0.133437 0.7825 0.011875 0.016667
0 0.258437 0.98625 0.009375 0.010833
0 0.330937 0.477083 0.011875 0.015833
0 0.52125 0.014167 0.01125 0.015
0 0.515938 0.217917 0.011875 0.015833
0 0.447813 0.300417 0.010625 0.014167
0 0.364063 0.21 0.010625 0.013333
0 0.466875 0.398333 0.01 0.015
0 0.3825 0.495417 0.01125 0.0125
0 0.364375 0.499167 0.01 0.011667
0 0.356875 0.541667 0.01125 0.015
0 0.310312 0.571667 0.010625 0.016667
0 0.326562 0.702917 0.010625 0.014167
0 0.368437 0.717917 0.011875 0.015833
0 0.425938 0.73375 0.014375 0.0175
0 0.5125 0.895 0.0125 0.015
0 0.444688 0.759167 0.010625 0.013333
0 0.499375 0.73 0.01125 0.016667
0 0.537813 0.757917 0.006875 0.010833
0 0.599688 0.7225 0.011875 0.015
0 0.218125 0.601667 0.0075 0.011667
0 0.269375 0.46375 0.0075 0.010833
0 0.436875 0.459583 0.00875 0.010833
0 0.58125 0.937917 0.00875 0.0125
0 0.634375 0.95875 0.0075 0.010833
0 0.6225 0.752917 0.0075 0.0125
0 0.644375 0.697917 0.01 0.0125
0 0.574375 0.61375 0.01 0.014167
0 0.536563 0.504167 0.009375 0.013333
0 0.48625 0.449167 0.0075 0.01
0 0.245 0.529167 0.01 0.015
0 0.362187 0.518333 0.008125 0.01
0 0.485 0.2675 0.0125 0.015
0 0.731875 0.21375 0.01125 0.014167
0 0.8325 0.155 0.01125 0.013333
0 0.859375 0.15625 0.01125 0.019167
0 0.790312 0.287917 0.013125 0.0175
0 0.672188 0.367917 0.010625 0.014167
0 0.93 0.407083 0.0125 0.015833
0 0.941562 0.570833 0.014375 0.016667
0 0.88375 0.880833 0.01375 0.015
0 0.895312 0.720417 0.010625 0.015833
0 0.879687 0.744167 0.010625 0.013333
0 0.4775 0.8625 0.00875 0.011667
0 0.430937 0.832917 0.006875 0.010833
0 0.592187 0.880417 0.011875 0.0175
0 0.541875 0.867083 0.01 0.014167
0 0.161562 0.8525 0.008125 0.011667
0 0.128125 0.844167 0.00875 0.011667
0 0.165313 0.75625 0.008125 0.010833
0 0.230937 0.75125 0.009375 0.019167
0 0.195937 0.736667 0.006875 0.011667
0 0.105625 0.53875 0.01 0.0125
0 0.753437 0.365833 0.008125 0.011667
0 0.82875 0.222917 0.01 0.014167
0 0.576875 0.053333 0.01125 0.011667
0 0.61125 0.115 0.00875 0.011667
0 0.590938 0.132917 0.008125 0.010833
