0 0.112812 0.365417 0.014375 0.0175
0 0.064375 0.450417 0.015 0.0175
0 0.152188 0.40125 0.013125 0.015833
0 0.148125 0.58625 0.01125 0.015833
0 0.184688 0.98625 0.010625 0.015833
0 0.189062 0.94375 0.010625 0.0125
0 0.186562 0.93375 0.010625 0.014167
0 0.18875 0.7375 0.01 0.015
0 0.19875 0.595417 0.01125 0.014167
0 0.334688 0.389167 0.013125 0.013333
0 0.334062 0.374167 0.010625 0.015
0 0.1225 0.139583 0.00875 0.0125
0 0.353438 0.284167 0.006875 0.01
0 0.37 0.29125 0.00875 0.010833
0 0.137813 0.62625 0.011875 0.015833
0 0.390937 0.682917 0.010625 0.015833
0 0.379063 0.6375 0.010625 0.013333
0 0.428438 0.98 0.009375 0.011667
0 0.290312 0.94 0.010625 0.013333
0 0.480312 0.957917 0.011875 0.015833
0 0.447188 0.39875 0.011875 0.015833
0 0.475313 0.260833 0.010625 0.015
0 0.7775 0.119167 0.01 0.015
0 0.917813 0.1775 0.010625 0.015
0 0.822187 0.370833 0.010625 0.016667
0 0.926875 0.419583 0.01125 0.015833
0 0.95875 0.512083 0.01875 0.020833
0 0.90875 0.535417 0.0125 0.0175
0 0.81625 0.666667 0.01 0.015
0 0.762813 0.734167 0.010625 0.013333
0 0.7625 0.79 0.01 0.016667
0 0.695312 0.94 0.011875 0.015
0 0.571562 0.8 0.009375 0.015
0 0.454062 0.565833 0.006875 0.011667
0 0.687187 0.691667 0.010625 0.015
0 0.839688 0.430417 0.010625 0.015833
0 0.465625 0.150833 0.0125 0.015
0 0.325937 0.296667 0.010625 0.011667
0 0.278125 0.284583 0.0075 0.010833
0 0.261875 0.420417 0.01125 0.014167
0 0.257812 0.63125 0.016875 0.019167
0 0.381563 0.442083 0.009375 0.0125
0 0.673125 0.813333 0.01 0.013333
