0 0.021562 0.866667 0.010625 0.015
0 0.121875 0.811667 0.01375 0.016667
0 0.085625 0.701667 0.0125 0.015
0 0.095312 0.618333 0.014375 0.018333
0 0.009062 0.575417 0.011875 0.019167
0 0.094062 0.38375 0.011875 0.014167
0 0.088438 0.27625 0.013125 0.014167
0 0.173437 0.365417 0.009375 0.0125
0 0.250312 0.462917 0.009375 0.0125
0 0.1875 0.7125 0.00875 0.016667
0 0.18125 0.704167 0.00875 0.011667
0 0.271875 0.85 0.0125 0.016667
0 0.318125 0.905833 0.01 0.016667
0 0.395625 0.949583 0.0125 0.019167
0 0.420312 0.961667 0.009375 0.015
0 0.278438 0.934167 0.008125 0.013333
0 0.392813 0.042917 0.011875 0.0175
0 0.347187 0.261667 0.010625 0.011667
0 0.45875 0.08125 0.01 0.0175
0 0.552813 0.381667 0.011875 0.016667
0 0.439375 0.438333 0.01125 0.015
0 0.591875 0.418333 0.00875 0.013333
0 0.63625 0.6175 0.01125 0.015
0 0.587187 0.6 0.011875 0.016667
0 0.629375 0.947917 0.00875 0.014167
0 0.828125 0.699167 0.01375 0.016667
0 0.815937 0.654583 0.008125 0.014167
0 0.885938 0.415833 0.013125 0.018333
0 0.771563 0.404583 0.010625 0.0125
0 0.77125 0.39125 0.0125 0.015833
0 0.913125 0.274167 0.0125 0.015
0 0.505625 0.483333 0.01375 0.02
0 0.504062 0.466667 0.014375 0.016667
