0 0.061875 0.155 0.0125 0.018333
0 0.08125 0.1525 0.0125 0.015
0 0.12625 0.102917 0.00875 0.014167
0 0.135625 0.100833 0.01 0.015
0 0.13375 0.0675 0.01125 0.013333
0 0.172187 0.12125 0.013125 0.0175
0 0.224062 0.154167 0.010625 0.013333
0 0.2275 0.14125 0.00875 0.014167
0 0.2375 0.1375 0.00875 0.011667
0 0.270313 0.115 0.010625 0.015
0 0.340313 0.175417 0.010625 0.014167
0 0.36 0.014583 0.01 0.0175
0 0.264688 0.007083 0.014375 0.0125
0 0.251563 0.005833 0.013125 0.01
0 0.077188 0.31 0.011875 0.015
0 0.083125 0.3475 0.01375 0.015
0 0.093125 0.34375 0.01 0.0125
0 0.080312 0.455 0.010625 0.015
0 0.07 0.572083 0.01125 0.015833
0 0.119063 0.557917 0.010625 0.0125
0 0.18 0.474167 0.01125 0.013333
0 0.052187 0.698333 0.010625 0.013333
0 0.153438 0.62 0.011875 0.015
0 0.142187 0.754583 0.010625 0.014167
0 0.053437 0.636667 0.009375 0.011667
0 0.047813 0.654167 0.011875 0.013333
0 0.154062 0.932083 0.011875 0.014167
0 0.173437 0.850833 0.011875 0.015
0 0.181562 0.8125 0.011875 0.013333
0 0.198125 0.818333 0.01 0.013333
0 0.210938 0.92 0.011875 0.016667
0 0.251875 0.93125 0.015 0.019167
0 0.31125 0.959167 0.01 0.013333
0 0.24 0.769167 0.01125 0.015
0 0.250312 0.6325 0.013125 0.015
0 0.275938 0.552917 0.011875 0.014167
0 0.284687 0.532083 0.010625 0.0125
0 0.310937 0.510417 0.014375 0.0175
0 0.308125 0.255833 0.00875 0.015
0 0.345938 0.244167 0.011875 0.015
0 0.357187 0.359583 0.010625 0.015833
0 0.332188 0.43875 0.010625 0.014167
0 0.384062 0.68625 0.011875 0.015833
0 0.320937 0.809583 0.010625 0.014167
0 0.358438 0.857083 0.011875 0.014167
0 0.324062 0.923333 0.010625 0.016667
0 0.315625 0.93 0.01125 0.02
0 0.362812 0.962083 0.011875 0.019167
0 0.213438 0.395 0.008125 0.011667
0 0.15 0.305417 0.01 0.015833
0 0.4025 0.86125 0.01125 0.015833
0 0.393437 0.8675 0.010625 0.015
0 0.355625 0.779583 0.0075 0.010833
0 0.425 0.707917 0.01 0.0125
0 0.46 0.669167 0.01 0.016667
0 0.444063 0.659583 0.010625 0.014167
0 0.423438 0.536667 0.010625 0.013333
0 0.416563 0.509583 0.009375 0.014167
0 0.4075 0.432083 0.01125 0.014167
0 0.460938 0.485 0.010625 0.013333
0 0.4325 0.449583 0.01375 0.015833
0 0.43875 0.44 0.01 0.016667
0 0.469687 0.25625 0.008125 0.0125
0 0.55 0.360833 0.0125 0.021667
0 0.374063 0.738333 0.010625 0.013333
0 0.44875 0.93875 0.00875 0.014167
0 0.474687 0.895417 0.014375 0.020833
0 0.485625 0.59125 0.015 0.019167
0 0.555625 0.854167 0.01125 0.015
0 0.575625 0.885833 0.01 0.013333
0 0.569063 0.6675 0.011875 0.016667
0 0.581562 0.669583 0.013125 0.0175
0 0.497188 0.588333 0.008125 0.013333
0 0.574688 0.5275 0.010625 0.015
0 0.544063 0.507917 0.009375 0.014167
0 0.520312 0.109583 0.014375 0.019167
0 0.656875 0.009583 0.01125 0.014167
0 0.677188 0.00625 0.010625 0.010833
0 0.685937 0.039167 0.011875 0.015
0 0.660312 0.14875 0.011875 0.015833
0 0.599375 0.199167 0.00875 0.013333
0 0.6825 0.260833 0.01 0.011667
0 0.100625 0.697083 0.0075 0.010833
0 0.743437 0.9825 0.010625 0.016667
0 0.680625 0.85625 0.01 0.0125
0 0.708438 0.875417 0.013125 0.0175
0 0.72625 0.837083 0.01 0.0125
0 0.664375 0.665417 0.01 0.014167
0 0.702187 0.699583 0.010625 0.015833
0 0.675625 0.557083 0.01125 0.015833
0 0.7025 0.541667 0.01125 0.011667
0 0.708438 0.517917 0.011875 0.014167
0 0.748437 0.139583 0.009375 0.014167
0 0.855 0.074167 0.01125 0.015
0 0.845313 0.08875 0.010625 0.014167
0 0.82 0.222917 0.0125 0.0175
0 0.90625 0.232083 0.00875 0.014167
0 0.934063 0.24 0.009375 0.013333
0 0.814375 0.317917 0.015 0.019167
0 0.929375 0.273333 0.00875 0.013333
0 0.775937 0.383333 0.010625 0.013333
0 0.794375 0.432917 0.01 0.014167
0 0.775937 0.474583 0.011875 0.014167
0 0.776875 0.575833 0.01 0.015
0 0.846562 0.881667 0.010625 0.015
0 0.955625 0.807083 0.01125 0.015833
0 0.96875 0.898333 0.01125 0.015
0 0.891875 0.885833 0.00875 0.011667
0 0.885625 0.686667 0.00875 0.013333
0 0.77 0.672917 0.01 0.014167
0 0.834688 0.56 0.009375 0.013333
0 0.989062 0.622917 0.011875 0.0175
0 0.83 0.58875 0.01125 0.014167
0 0.336562 0.478333 0.009375 0.013333
0 0.239687 0.867917 0.009375 0.014167
