0 0.27125 0.024583 0.01125 0.015833
0 0.302812 0.044583 0.006875 0.010833
0 0.078125 0.14625 0.01 0.0125
0 0.040625 0.304583 0.01125 0.0125
0 0.061562 0.344167 0.009375 0.011667
0 0.172813 0.294167 0.013125 0.015
0 0.164687 0.411667 0.006875 0.011667
0 0.273125 0.4 0.01 0.011667
0 0.183125 0.5975 0.01375 0.016667
0 0.167813 0.637917 0.013125 0.015833
0 0.06375 0.685833 0.01125 0.015
0 0.124063 0.6975 0.010625 0.011667
0 0.201563 0.699583 0.009375 0.0125
0 0.1925 0.699583 0.0075 0.010833
0 0.25875 0.979583 0.0075 0.009167
0 0.162188 0.888333 0.006875 0.011667
0 0.321875 0.992917 0.01125 0.014167
0 0.2575 0.755 0.00875 0.01
0 0.292187 0.483333 0.009375 0.015
0 0.442812 0.270833 0.011875 0.013333
0 0.485625 0.330417 0.01125 0.015833
0 0.533438 0.435417 0.009375 0.0125
0 0.514062 0.530417 0.009375 0.0125
0 0.356563 0.72375 0.008125 0.009167
0 0.506563 0.73375 0.010625 0.015833
0 0.438437 0.815833 0.010625 0.013333
0 0.456875 0.915 0.01 0.015
0 0.428125 0.974583 0.00625 0.010833
0 0.4775 0.780833 0.00875 0.011667
0 0.399375 0.273333 0.00875 0.011667
0 0.62625 0.144167 0.0125 0.013333
0 0.794063 0.12375 0.011875 0.014167
0 0.695937 0.3225 0.011875 0.016667
0 0.630938 0.43375 0.013125 0.014167
0 0.810312 0.500417 0.013125 0.015833
0 0.721562 0.729167 0.013125 0.015
0 0.82125 0.6725 0.0125 0.016667
0 0.781563 0.805 0.013125 0.02
0 0.662813 0.885 0.010625 0.013333
0 0.597187 0.86875 0.008125 0.010833
0 0.920312 0.924167 0.015625 0.018333
0 0.865313 0.92875 0.013125 0.015833
0 0.965 0.7875 0.01375 0.018333
0 0.848125 0.670833 0.015 0.018333
0 0.05625 0.595833 0.01 0.013333
0 0.327813 0.227083 0.009375 0.0125
