0 0.289687 0.966667 0.011875 0.016667
0 0.290625 0.865833 0.01 0.015
0 0.205 0.819583 0.0125 0.0175
0 0.3675 0.962917 0.01125 0.0175
0 0.3225 0.592917 0.015 0.0175
0 0.22 0.561667 0.01125 0.015
0 0.299687 0.291667 0.011875 0.016667
0 0.259062 0.386667 0.011875 0.016667
0 0.260937 0.4675 0.010625 0.013333
0 0.259062 0.61125 0.010625 0.0175
0 0.21375 0.674167 0.00875 0.015
0 0.424063 0.586667 0.011875 0.016667
0 0.530625 0.805417 0.00875 0.0125
0 0.536875 0.756667 0.01125 0.013333
0 0.64375 0.852917 0.0075 0.009167
0 0.686562 0.737083 0.013125 0.0175
0 0.528125 0.504583 0.01375 0.019167
0 0.591875 0.301667 0.015 0.016667
0 0.599375 0.190833 0.0125 0.015
0 0.963125 0.649583 0.01125 0.014167
