0 0.06375 0.570833 0.01375 0.013333
0 0.111875 0.669167 0.01125 0.015
0 0.084375 0.305833 0.01 0.013333
0 0.203437 0.495417 0.009375 0.0125
0 0.279375 0.5825 0.01375 0.016667
0 0.316563 0.499583 0.008125 0.010833
0 0.21875 0.85125 0.0125 0.014167
0 0.409687 0.749167 0.010625 0.015
0 0.466875 0.658333 0.01 0.015
0 0.478125 0.62625 0.0075 0.009167
0 0.358438 0.594167 0.009375 0.015
0 0.5225 0.794583 0.0075 0.010833
0 0.528125 0.153333 0.01 0.013333
0 0.666875 0.415833 0.01 0.013333
0 0.779375 0.15125 0.01 0.014167
0 0.841875 0.175833 0.01 0.015
0 0.465938 0.27125 0.013125 0.0275
0 0.665625 0.862917 0.00875 0.010833
