0 0.293125 0.929167 0.015 0.02
0 0.246562 0.905833 0.010625 0.013333
0 0.088438 0.725417 0.013125 0.019167
0 0.112187 0.63 0.014375 0.016667
0 0.243438 0.605 0.011875 0.016667
0 0.154375 0.279583 0.01 0.0125
0 0.335938 0.607083 0.010625 0.014167
0 0.207813 0.8175 0.010625 0.013333
0 0.775937 0.831667 0.013125 0.018333
0 0.576875 0.81125 0.01 0.014167
0 0.779062 0.51375 0.010625 0.015833
0 0.762813 0.677083 0.010625 0.0125
0 0.658438 0.27 0.009375 0.013333
0 0.885 0.143333 0.01 0.015
0 0.299687 0.0975 0.009375 0.015
0 0.258125 0.017917 0.01 0.014167
0 0.370312 0.39375 0.011875 0.014167
0 0.384688 0.39125 0.011875 0.019167
0 0.497188 0.37625 0.013125 0.015833
0 0.345313 0.482083 0.009375 0.015833
0 0.302187 0.585417 0.010625 0.014167
0 0.049375 0.759167 0.015 0.021667
0 0.078437 0.798333 0.014375 0.02
0 0.505313 0.759583 0.009375 0.0125
0 0.531563 0.806667 0.009375 0.011667
0 0.340625 0.773333 0.00875 0.011667
0 0.565 0.287917 0.01 0.014167
0 0.513437 0.027083 0.014375 0.014167
0 0.622188 0.11625 0.011875 0.015833
0 0.698438 0.209167 0.011875 0.016667
0 0.616563 0.486667 0.010625 0.016667
0 0.849375 0.5125 0.01 0.013333
0 0.733125 0.587083 0.01 0.014167
0 0.519375 0.892917 0.00875 0.014167
0 0.725938 0.954583 0.013125 0.0125
0 0.260313 0.489167 0.009375 0.013333
0 0.4475 0.084583 0.01375 0.019167
0 0.534062 0.46625 0.015625 0.020833
