0 0.159688 0.087083 0.013125 0.0175
0 0.26375 0.0175 0.0125 0.016667
0 0.240313 0.070417 0.009375 0.0125
0 0.276562 0.061667 0.011875 0.015
0 0.344062 0.037083 0.010625 0.014167
0 0.351562 0.053333 0.013125 0.015
0 0.331562 0.085833 0.010625 0.015
0 0.322813 0.151667 0.013125 0.016667
0 0.199375 0.24125 0.01125 0.0175
0 0.187188 0.235833 0.013125 0.015
0 0.0475 0.369167 0.01125 0.013333
0 0.0925 0.335417 0.01125 0.015833
0 0.161875 0.284167 0.0125 0.016667
0 0.090938 0.418333 0.013125 0.015
0 0.113125 0.42 0.0125 0.013333
0 0.235313 0.402083 0.010625 0.015833
0 0.257812 0.37375 0.011875 0.0125
0 0.27875 0.3425 0.015 0.018333
0 0.254063 0.3025 0.010625 0.011667
0 0.247188 0.262917 0.008125 0.0125
0 0.163438 0.494583 0.013125 0.015833
0 0.138125 0.51875 0.01125 0.015833
0 0.03875 0.53125 0.01125 0.0125
0 0.029375 0.5475 0.01125 0.016667
0 0.022812 0.585833 0.011875 0.016667
0 0.116875 0.609167 0.01375 0.016667
0 0.06 0.627083 0.0125 0.015833
0 0.13 0.612083 0.01125 0.0175
0 0.07625 0.644167 0.01 0.013333
0 0.044375 0.65625 0.01125 0.014167
0 0.200937 0.500833 0.010625 0.015
0 0.20375 0.425 0.00875 0.011667
0 0.28625 0.465833 0.01125 0.015
0 0.33375 0.488333 0.0125 0.015
0 0.354687 0.468333 0.010625 0.018333
0 0.347813 0.440417 0.014375 0.019167
0 0.289687 0.513333 0.015625 0.02
0 0.24375 0.468333 0.015 0.016667
0 0.185938 0.549583 0.013125 0.019167
0 0.239063 0.690417 0.015625 0.020833
0 0.089063 0.812083 0.013125 0.019167
0 0.14125 0.785833 0.015 0.018333
0 0.13375 0.812083 0.01625 0.020833
0 0.184062 0.819583 0.011875 0.019167
0 0.21 0.78625 0.0125 0.015833
0 0.236563 0.828333 0.013125 0.018333
0 0.116875 0.924583 0.01 0.015833
0 0.167187 0.93875 0.011875 0.015833
0 0.195937 0.92375 0.013125 0.014167
0 0.232813 0.982917 0.011875 0.014167
0 0.254375 0.98125 0.01125 0.015833
0 0.232813 0.916667 0.014375 0.021667
0 0.29125 0.92625 0.0125 0.0175
0 0.284687 0.91 0.010625 0.016667
0 0.36 0.8275 0.015 0.02
0 0.362812 0.693333 0.011875 0.016667
0 0.395313 0.84625 0.011875 0.015833
0 0.47375 0.914167 0.01 0.013333
0 0.441875 0.958333 0.01125 0.016667
0 0.450313 0.970417 0.013125 0.0175
0 0.4925 0.980417 0.01 0.015833
0 0.539687 0.972083 0.014375 0.019167
0 0.563125 0.959583 0.01375 0.0175
0 0.534062 0.943333 0.011875 0.016667
0 0.510938 0.965 0.011875 0.015
0 0.65 0.924583 0.015 0.0225
0 0.411562 0.691667 0.011875 0.015
0 0.358125 0.663333 0.0125 0.015
0 0.463438 0.6675 0.013125 0.018333
0 0.315625 0.772917 0.0125 0.015833
0 0.550625 0.899583 0.01 0.0125
0 0.475625 0.866667 0.0125 0.015
0 0.5425 0.763333 0.0125 0.018333
0 0.510312 0.620833 0.009375 0.011667
0 0.500313 0.610417 0.014375 0.0175
0 0.390937 0.524167 0.008125 0.013333
0 0.400313 0.4875 0.009375 0.016667
0 0.421563 0.524167 0.011875 0.016667
0 0.432188 0.524583 0.009375 0.0125
0 0.433125 0.502917 0.01375 0.0175
0 0.433125 0.45125 0.0125 0.015833
0 0.458125 0.459583 0.01 0.015833
0 0.474062 0.43875 0.008125 0.014167
0 0.310625 0.35375 0.00875 0.0125
0 0.407187 0.360833 0.011875 0.021667
0 0.41625 0.369583 0.01125 0.014167
0 0.447813 0.361667 0.014375 0.018333
0 0.472813 0.359583 0.010625 0.0125
0 0.524375 0.37125 0.01375 0.0175
0 0.441563 0.191667 0.013125 0.015
0 0.514687 0.126667 0.010625 0.016667
0 0.57125 0.037083 0.01125 0.014167
0 0.859688 0.011667 0.014375 0.015
0 0.73 0.015 0.01125 0.016667
0 0.646563 0.027917 0.010625 0.015833
0 0.859062 0.071667 0.011875 0.016667
0 0.844375 0.216667 0.01375 0.015
0 0.645625 0.142917 0.0125 0.015833
0 0.589375 0.1925 0.01375 0.018333
0 0.60125 0.403333 0.01375 0.018333
0 0.590625 0.563333 0.01375 0.016667
0 0.673438 0.66375 0.013125 0.015833
0 0.654375 0.611667 0.01125 0.016667
0 0.651563 0.753333 0.011875 0.015
0 0.652813 0.76875 0.013125 0.015833
0 0.66375 0.750417 0.01125 0.015833
0 0.654062 0.86625 0.011875 0.014167
0 0.708438 0.970833 0.013125 0.018333
0 0.831875 0.979167 0.01 0.013333
0 0.835938 0.968333 0.014375 0.015
0 0.717187 0.765833 0.009375 0.015
0 0.72625 0.73375 0.01125 0.015833
0 0.773438 0.687917 0.010625 0.014167
0 0.950937 0.647917 0.011875 0.015833
0 0.831875 0.640833 0.01375 0.016667
0 0.7575 0.593333 0.00875 0.013333
0 0.689375 0.521667 0.0125 0.016667
0 0.839375 0.5525 0.01 0.013333
0 0.762813 0.49 0.011875 0.016667
0 0.770938 0.422917 0.011875 0.015833
0 0.77625 0.410833 0.0125 0.016667
0 0.765625 0.410833 0.01125 0.015
0 0.70125 0.46375 0.015 0.019167
0 0.799375 0.698333 0.00875 0.013333
0 0.814375 0.455 0.0125 0.018333
0 0.754375 0.352917 0.01125 0.015833
0 0.917813 0.73875 0.011875 0.015833
0 0.497188 0.325833 0.014375 0.015
0 0.666875 0.36375 0.01375 0.014167
0 0.90375 0.26125 0.01 0.014167
0 0.943125 0.164583 0.0125 0.014167
0 0.852812 0.117083 0.009375 0.014167
0 0.345 0.363333 0.01125 0.013333
