0 0.061875 0.172083 0.01375 0.015833
0 0.058438 0.302083 0.010625 0.014167
0 0.1825 0.337917 0.01 0.014167
0 0.129688 0.335 0.008125 0.011667
0 0.405625 0.331667 0.00875 0.013333
0 0.360938 0.423333 0.008125 0.013333
0 0.124375 0.57125 0.00875 0.0125
0 0.071563 0.62875 0.010625 0.010833
0 0.40125 0.885417 0.0125 0.015833
0 0.31625 0.7175 0.01125 0.013333
0 0.362812 0.500833 0.011875 0.015
0 0.48125 0.460833 0.00875 0.015
0 0.46875 0.39625 0.01 0.015833
0 0.488125 0.366667 0.01125 0.013333
0 0.479687 0.035 0.010625 0.015
0 0.768125 0.007917 0.0125 0.014167
0 0.840313 0.28625 0.011875 0.014167
0 0.599375 0.244167 0.01375 0.015
0 0.605938 0.142083 0.013125 0.015833
0 0.605 0.365417 0.01375 0.0125
0 0.652813 0.40875 0.009375 0.0125
0 0.681875 0.445 0.01125 0.015
0 0.533438 0.745833 0.013125 0.018333
0 0.303125 0.622917 0.00875 0.010833
0 0.605938 0.611667 0.010625 0.015
0 0.797813 0.875833 0.011875 0.016667
0 0.818438 0.622083 0.010625 0.015833
0 0.330625 0.862917 0.0125 0.014167
0 0.727187 0.035417 0.013125 0.015833
0 0.928125 0.445833 0.0125 0.018333
0 0.72375 0.802083 0.01 0.014167
0 0.713125 0.678333 0.01 0.013333
0 0.41625 0.209167 0.01125 0.016667
