0 0.127812 0.140833 0.010625 0.02
0 0.132188 0.231667 0.010625 0.015
0 0.134687 0.442083 0.010625 0.0125
0 0.065 0.41 0.01 0.013333
0 0.071875 0.535833 0.01 0.011667
0 0.113125 0.586667 0.00875 0.013333
0 0.087813 0.644583 0.013125 0.0175
0 0.21125 0.8225 0.01 0.013333
0 0.222188 0.862917 0.010625 0.0175
0 0.211562 0.884167 0.008125 0.011667
0 0.247188 0.935417 0.009375 0.0125
0 0.233437 0.95 0.008125 0.011667
0 0.30625 0.9675 0.01 0.013333
0 0.289687 0.882917 0.009375 0.0125
0 0.408438 0.968333 0.006875 0.011667
0 0.215625 0.540417 0.00875 0.010833
0 0.1825 0.489167 0.00625 0.01
0 0.296875 0.035833 0.00875 0.011667
0 0.387188 0.18875 0.009375 0.0125
0 0.485938 0.28 0.008125 0.011667
0 0.402187 0.379167 0.008125 0.011667
0 0.383125 0.39625 0.0075 0.010833
0 0.505938 0.411667 0.008125 0.01
0 0.580625 0.732917 0.015 0.015833
0 0.7125 0.9375 0.00875 0.011667
0 0.821562 0.911667 0.008125 0.011667
0 0.861563 0.770417 0.009375 0.0125
0 0.851562 0.75625 0.008125 0.010833
0 0.655937 0.655833 0.008125 0.01
0 0.637188 0.54625 0.011875 0.0125
0 0.941562 0.6475 0.008125 0.011667
0 0.92375 0.590417 0.00875 0.0125
0 0.785 0.553333 0.01 0.011667
0 0.95 0.302083 0.00875 0.0125
0 0.86875 0.309583 0.00875 0.010833
0 0.722187 0.284583 0.008125 0.010833
0 0.825937 0.320833 0.008125 0.011667
0 0.6 0.3875 0.00875 0.011667
0 0.721562 0.130417 0.010625 0.014167
0 0.6225 0.17 0.00875 0.011667
0 0.483438 0.05875 0.006875 0.009167
0 0.759687 0.969167 0.008125 0.01
