0 0.004375 0.547917 0.0075 0.014167
0 0.030937 0.5325 0.010625 0.013333
0 0.017188 0.489167 0.011875 0.016667
0 0.034375 0.400417 0.0125 0.015833
0 0.023125 0.285417 0.0125 0.019167
0 0.149375 0.2125 0.01 0.013333
0 0.159375 0.21375 0.00875 0.0125
0 0.265625 0.180833 0.01375 0.018333
0 0.264062 0.275 0.018125 0.018333
0 0.21875 0.336667 0.01 0.015
0 0.08125 0.43375 0.01125 0.015833
0 0.175313 0.404583 0.011875 0.015833
0 0.340938 0.479583 0.015625 0.019167
0 0.196563 0.639583 0.014375 0.014167
0 0.23625 0.643333 0.01 0.015
0 0.229063 0.597917 0.010625 0.0125
0 0.0825 0.84625 0.01125 0.015833
0 0.10625 0.77375 0.01125 0.014167
0 0.264062 0.99 0.008125 0.011667
0 0.168437 0.959167 0.010625 0.015
0 0.289062 0.94 0.011875 0.013333
0 0.330625 0.882083 0.01125 0.0125
0 0.261875 0.834583 0.0125 0.014167
0 0.281562 0.757917 0.009375 0.014167
0 0.40375 0.8125 0.01125 0.015
0 0.455313 0.899167 0.010625 0.013333
0 0.37375 0.725417 0.0125 0.0175
0 0.374688 0.566667 0.013125 0.015
0 0.436875 0.595 0.01 0.015
0 0.433125 0.612917 0.01125 0.015833
0 0.363125 0.967083 0.01 0.0125
0 0.489687 0.971667 0.010625 0.015
0 0.530937 0.862083 0.013125 0.0175
0 0.604375 0.86125 0.0125 0.015833
0 0.599375 0.841667 0.0125 0.016667
0 0.795937 0.92625 0.015625 0.015833
0 0.88625 0.804583 0.0125 0.0175
0 0.588437 0.693333 0.016875 0.018333
0 0.585938 0.677083 0.010625 0.015833
0 0.537813 0.831667 0.010625 0.016667
0 0.260625 0.436667 0.01125 0.013333
0 0.05625 0.4075 0.00875 0.016667
0 0.347813 0.309167 0.010625 0.015
0 0.404375 0.285417 0.01 0.014167
0 0.074375 0.150417 0.00875 0.014167
0 0.106875 0.116667 0.01125 0.013333
0 0.117188 0.094583 0.010625 0.0175
0 0.161875 0.09 0.0125 0.016667
0 0.351562 0.21875 0.009375 0.014167
0 0.47125 0.058333 0.00875 0.013333
0 0.511875 0.115833 0.0125 0.018333
0 0.507812 0.251667 0.011875 0.016667
0 0.532813 0.2575 0.013125 0.015
0 0.5125 0.330833 0.0125 0.021667
0 0.5225 0.346667 0.01125 0.013333
0 0.14875 0.32875 0.00875 0.010833
0 0.565625 0.408333 0.00875 0.011667
0 0.308437 0.694583 0.009375 0.014167
0 0.33 0.679583 0.0125 0.015833
0 0.410938 0.749167 0.006875 0.01
0 0.50375 0.762083 0.0125 0.0175
0 0.4975 0.6 0.01 0.015
0 0.571562 0.185 0.009375 0.01
0 0.729688 0.237083 0.013125 0.014167
0 0.633125 0.477083 0.00875 0.0125
0 0.675625 0.55125 0.00875 0.0125
0 0.683438 0.710833 0.010625 0.015
0 0.680937 0.678333 0.009375 0.013333
0 0.45 0.72125 0.01125 0.014167
0 0.648438 0.599583 0.014375 0.0175
0 0.721562 0.8 0.010625 0.016667
0 0.87625 0.673333 0.01125 0.016667
0 0.912188 0.335 0.011875 0.015
0 0.748125 0.4075 0.01 0.013333
0 0.790312 0.274167 0.011875 0.016667
0 0.929375 0.23625 0.01125 0.014167
0 0.86 0.055417 0.015 0.015833
