0 0.113125 0.3925 0.01375 0.016667
0 0.1225 0.342917 0.00875 0.010833
0 0.161562 0.609167 0.011875 0.015
0 0.252188 0.649583 0.010625 0.015833
0 0.02625 0.607083 0.01 0.0125
0 0.306875 0.11375 0.01125 0.0125
0 0.377188 0.236667 0.010625 0.015
0 0.0925 0.80375 0.01375 0.0175
0 0.079375 0.83 0.01125 0.013333
0 0.064062 0.875 0.011875 0.015
0 0.149688 0.814167 0.010625 0.016667
0 0.209063 0.88375 0.010625 0.015833
0 0.162812 0.92875 0.014375 0.015833
0 0.207813 0.75125 0.013125 0.015833
0 0.3125 0.76875 0.0125 0.015833
0 0.316563 0.40125 0.011875 0.0175
0 0.28625 0.264583 0.01 0.0125
0 0.296563 0.180833 0.013125 0.015
0 0.113125 0.664583 0.00875 0.0125
0 0.21625 0.67375 0.0075 0.010833
0 0.207813 0.715417 0.008125 0.0125
0 0.313125 0.475 0.0075 0.01
0 0.39875 0.449583 0.0125 0.0175
0 0.447188 0.52 0.011875 0.015
0 0.390937 0.897917 0.008125 0.0125
0 0.412187 0.87375 0.014375 0.0175
0 0.462813 0.739583 0.011875 0.0175
0 0.512813 0.855833 0.013125 0.016667
0 0.555937 0.791667 0.010625 0.015
0 0.413438 0.994167 0.009375 0.011667
0 0.185938 0.634583 0.009375 0.010833
0 0.351875 0.290833 0.0075 0.011667
0 0.559063 0.191667 0.011875 0.015
0 0.635312 0.19625 0.010625 0.0125
0 0.625 0.195 0.0075 0.01
0 0.4325 0.314167 0.01125 0.011667
0 0.497812 0.180833 0.009375 0.013333
0 0.616875 0.093333 0.01375 0.018333
0 0.601562 0.131667 0.011875 0.015
0 0.623125 0.924167 0.01125 0.016667
0 0.66375 0.8825 0.0125 0.016667
0 0.673438 0.876667 0.010625 0.016667
0 0.629062 0.785833 0.011875 0.015
0 0.606563 0.745 0.010625 0.013333
0 0.559688 0.637083 0.010625 0.014167
0 0.525312 0.489167 0.008125 0.011667
0 0.730938 0.585 0.010625 0.016667
0 0.689375 0.251667 0.00875 0.01
0 0.58125 0.863333 0.0075 0.01
0 0.746875 0.715833 0.01125 0.015
0 0.847812 0.74875 0.011875 0.0175
0 0.934063 0.913333 0.013125 0.016667
0 0.920937 0.747083 0.013125 0.019167
0 0.865625 0.77375 0.01 0.014167
0 0.960625 0.775 0.00875 0.01
0 0.777813 0.55625 0.011875 0.0125
0 0.751875 0.49 0.0125 0.016667
0 0.803438 0.50875 0.009375 0.0125
0 0.786875 0.51375 0.00875 0.010833
0 0.888437 0.4125 0.010625 0.015
0 0.691875 0.476667 0.00875 0.01
0 0.871875 0.31375 0.01125 0.014167
0 0.941562 0.23125 0.010625 0.015833
0 0.504062 0.399167 0.008125 0.01
0 0.386875 0.093333 0.00875 0.011667
0 0.337187 0.12 0.013125 0.015
