0 0.107813 0.13125 0.010625 0.015833
0 0.125312 0.235833 0.013125 0.018333
0 0.194062 0.31625 0.014375 0.015833
0 0.080625 0.414167 0.0125 0.016667
0 0.20375 0.6675 0.0125 0.015
0 0.229687 0.595833 0.009375 0.013333
0 0.2175 0.780833 0.01 0.015
0 0.14125 0.823333 0.01125 0.016667
0 0.055625 0.872083 0.01 0.014167
0 0.268125 0.838333 0.01125 0.015
0 0.21375 0.974583 0.01125 0.015833
0 0.389062 0.213333 0.009375 0.013333
0 0.275313 0.063333 0.010625 0.013333
0 0.366563 0.006667 0.008125 0.011667
0 0.43625 0.224167 0.01 0.013333
0 0.361563 0.287083 0.009375 0.014167
0 0.40875 0.397083 0.00875 0.0125
0 0.308125 0.555417 0.00875 0.0125
0 0.3975 0.5 0.01 0.013333
0 0.426563 0.755 0.011875 0.015
0 0.465938 0.770833 0.009375 0.015
0 0.551875 0.754167 0.0125 0.016667
0 0.596562 0.90625 0.010625 0.014167
0 0.511875 0.94 0.01 0.013333
0 0.6225 0.967083 0.01125 0.019167
0 0.681875 0.99125 0.01 0.0125
0 0.74625 0.984583 0.01 0.014167
0 0.747188 0.8025 0.009375 0.015
0 0.974688 0.83125 0.011875 0.0175
0 0.895312 0.72625 0.011875 0.015833
0 0.858125 0.635833 0.0125 0.015
0 0.536563 0.519583 0.010625 0.015833
0 0.600625 0.492083 0.01 0.014167
0 0.588437 0.7825 0.008125 0.011667
0 0.613437 0.652083 0.009375 0.014167
0 0.823438 0.46125 0.013125 0.020833
0 0.733125 0.497917 0.00875 0.010833
0 0.851875 0.434167 0.0125 0.018333
0 0.678438 0.390417 0.011875 0.015833
0 0.657188 0.419583 0.014375 0.014167
0 0.630938 0.354583 0.013125 0.0175
0 0.57625 0.369583 0.0125 0.015833
0 0.684375 0.23625 0.01 0.014167
0 0.799687 0.413333 0.010625 0.011667
0 0.3775 0.087917 0.00875 0.0125
0 0.339375 0.3675 0.00875 0.015
0 0.334062 0.534583 0.010625 0.015833
0 0.049375 0.26 0.01375 0.018333
0 0.0475 0.38375 0.00875 0.0125
0 0.687813 0.75125 0.015625 0.010833
0 0.637813 0.306667 0.013125 0.016667
