0 0.0325 0.3325 0.00875 0.013333
0 0.115312 0.3675 0.011875 0.013333
0 0.097812 0.397083 0.009375 0.015833
0 0.111875 0.46125 0.0125 0.0175
0 0.352812 0.800833 0.008125 0.011667
0 0.235 0.612917 0.01125 0.014167
0 0.311563 0.444583 0.009375 0.014167
0 0.282813 0.409583 0.009375 0.0125
0 0.233437 0.364583 0.013125 0.014167
0 0.229063 0.244167 0.011875 0.013333
0 0.35625 0.035833 0.01 0.015
0 0.396562 0.0075 0.009375 0.013333
0 0.436875 0.1475 0.00875 0.011667
0 0.470938 0.286667 0.010625 0.015
0 0.555312 0.445417 0.010625 0.014167
0 0.48625 0.440833 0.0075 0.011667
0 0.535625 0.37375 0.01 0.0125
0 0.445937 0.6175 0.009375 0.013333
0 0.428125 0.874167 0.01125 0.015
0 0.65875 0.786667 0.01125 0.011667
0 0.723125 0.635833 0.00875 0.013333
0 0.664687 0.554167 0.009375 0.015
0 0.635312 0.42125 0.009375 0.0125
0 0.7425 0.31625 0.0075 0.010833
0 0.765312 0.2875 0.006875 0.01
0 0.839688 0.26375 0.010625 0.0125
0 0.69875 0.24625 0.00875 0.0125
0 0.634687 0.255417 0.011875 0.014167
0 0.1625 0.745833 0.0125 0.018333
0 0.44875 0.12875 0.0125 0.015833
0 0.565 0.096667 0.0125 0.016667
0 0.549063 0.0925 0.009375 0.011667
0 0.234687 0.1425 0.010625 0.013333
