0 0.213438 0.155417 0.010625 0.014167
0 0.290312 0.333333 0.009375 0.011667
0 0.031563 0.495833 0.008125 0.011667
0 0.105938 0.515 0.005625 0.008333
0 0.140313 0.5625 0.008125 0.011667
0 0.200937 0.857083 0.006875 0.010833
0 0.215312 0.76375 0.006875 0.009167
0 0.319688 0.691667 0.009375 0.013333
0 0.269062 0.595 0.011875 0.015
0 0.424687 0.873333 0.009375 0.015
0 0.458125 0.709167 0.0075 0.01
0 0.412813 0.553333 0.009375 0.011667
0 0.52 0.519583 0.01125 0.0125
0 0.192812 0.23375 0.006875 0.010833
0 0.527813 0.955833 0.009375 0.015
0 0.615313 0.77 0.011875 0.015
0 0.671875 0.679167 0.01125 0.016667
0 0.680625 0.649583 0.01 0.014167
0 0.867188 0.439167 0.010625 0.016667
0 0.73 0.174167 0.0125 0.013333
0 0.975313 0.172083 0.010625 0.014167
0 0.675312 0.579167 0.010625 0.013333
0 0.727812 0.815 0.008125 0.016667
0 0.86625 0.882917 0.01 0.014167
