0 0.143437 0.075 0.013125 0.016667
0 0.33625 0.052917 0.01 0.015833
0 0.32875 0.143333 0.01 0.015
0 0.417187 0.25 0.010625 0.015
0 0.08125 0.309583 0.01125 0.0125
0 0.191875 0.323333 0.00875 0.013333
0 0.10125 0.6375 0.0075 0.011667
0 0.090313 0.768333 0.011875 0.013333
0 0.408438 0.902917 0.008125 0.010833
0 0.405 0.909167 0.005 0.008333
0 0.40625 0.87 0.00625 0.011667
0 0.035312 0.487917 0.011875 0.014167
0 0.115312 0.514583 0.008125 0.010833
0 0.366875 0.361667 0.0125 0.011667
0 0.828125 0.188333 0.01125 0.015
0 0.709063 0.526667 0.009375 0.013333
0 0.786875 0.520833 0.01125 0.013333
0 0.902188 0.661667 0.009375 0.015
0 0.743125 0.705417 0.01875 0.0175
0 0.907188 0.810417 0.018125 0.019167
0 0.847187 0.949583 0.013125 0.020833
0 0.6725 0.954167 0.01125 0.015
0 0.554063 0.682917 0.009375 0.0125
