0 0.15625 0.922917 0.01125 0.015833
0 0.204375 0.835833 0.015 0.023333
0 0.135625 0.760417 0.01 0.015833
0 0.045625 0.672083 0.0125 0.0175
0 0.180312 0.65375 0.011875 0.014167
0 0.138125 0.618333 0.01125 0.013333
0 0.090625 0.562083 0.00875 0.014167
0 0.03625 0.527083 0.0125 0.015833
0 0.058438 0.4025 0.011875 0.018333
0 0.112187 0.364583 0.013125 0.0175
0 0.150625 0.332917 0.01375 0.0175
0 0.229375 0.374583 0.0125 0.015833
0 0.191875 0.512083 0.00875 0.0125
0 0.237187 0.5275 0.009375 0.013333
0 0.1125 0.276667 0.01125 0.013333
0 0.141563 0.230417 0.014375 0.015833
0 0.307188 0.144167 0.011875 0.015
0 0.34375 0.285833 0.01125 0.016667
0 0.422187 0.162917 0.013125 0.0175
0 0.450625 0.065417 0.01125 0.015833
0 0.445625 0.00875 0.02 0.015833
0 0.0825 0.09 0.01125 0.018333
0 0.270937 0.929583 0.010625 0.014167
0 0.269375 0.893333 0.01125 0.013333
0 0.294063 0.8525 0.010625 0.015
0 0.315937 0.88125 0.014375 0.019167
0 0.337813 0.925417 0.010625 0.015833
0 0.382188 0.965833 0.011875 0.016667
0 0.406875 0.958333 0.01375 0.018333
0 0.385625 0.871667 0.01125 0.013333
0 0.375 0.866667 0.0125 0.016667
0 0.34125 0.722917 0.01375 0.015833
0 0.395 0.715 0.01 0.018333
0 0.465938 0.647917 0.010625 0.020833
0 0.444375 0.506667 0.00875 0.011667
0 0.486563 0.284583 0.013125 0.020833
0 0.522188 0.15625 0.010625 0.015833
0 0.510625 0.036667 0.01125 0.015
0 0.44625 0.252917 0.01 0.0125
0 0.574688 0.35125 0.010625 0.0125
0 0.561562 0.373333 0.010625 0.015
0 0.601562 0.464167 0.011875 0.018333
0 0.437812 0.957083 0.013125 0.0175
0 0.435625 0.917083 0.01 0.0125
0 0.501875 0.914167 0.01125 0.015
0 0.606563 0.69375 0.011875 0.014167
0 0.525312 0.697083 0.009375 0.0125
0 0.505 0.649167 0.01 0.011667
0 0.481875 0.516667 0.0075 0.011667
0 0.635312 0.93125 0.014375 0.015833
0 0.70125 0.920417 0.01125 0.015833
0 0.776563 0.925833 0.010625 0.015
0 0.673438 0.805417 0.010625 0.014167
0 0.733125 0.6425 0.01 0.013333
0 0.685937 0.530833 0.009375 0.011667
0 0.6775 0.526667 0.00625 0.011667
0 0.774375 0.454583 0.01125 0.0125
0 0.780312 0.44625 0.010625 0.015833
0 0.711562 0.31375 0.014375 0.020833
0 0.675 0.200833 0.01125 0.018333
0 0.704688 0.050833 0.011875 0.015
0 0.737187 0.224167 0.011875 0.015
0 0.974375 0.254583 0.01125 0.015833
0 0.98875 0.327083 0.0125 0.014167
0 0.918438 0.494167 0.011875 0.016667
0 0.889687 0.74125 0.011875 0.0175
0 0.859062 0.837917 0.008125 0.014167
0 0.8975 0.990417 0.01375 0.0175
0 0.374688 0.06375 0.018125 0.015833
