0 0.201563 0.93 0.009375 0.011667
0 0.14 0.93375 0.01 0.0125
0 0.167187 0.776667 0.010625 0.015
0 0.168437 0.544167 0.011875 0.013333
0 0.14875 0.529583 0.01 0.014167
0 0.123438 0.512917 0.014375 0.0275
0 0.02 0.412917 0.0125 0.015833
0 0.042813 0.406667 0.014375 0.016667
0 0.019688 0.322083 0.011875 0.0125
0 0.010937 0.314167 0.011875 0.015
0 0.077813 0.40375 0.011875 0.015833
0 0.104063 0.369583 0.009375 0.0125
0 0.144375 0.3625 0.01125 0.013333
0 0.075313 0.181667 0.009375 0.013333
0 0.1025 0.095417 0.0125 0.019167
0 0.143437 0.095417 0.011875 0.015833
0 0.164375 0.146667 0.01125 0.015
0 0.245938 0.145833 0.010625 0.016667
0 0.26125 0.11625 0.01 0.014167
0 0.313437 0.254167 0.013125 0.016667
0 0.341562 0.371667 0.011875 0.015
0 0.27375 0.38 0.015 0.016667
0 0.319688 0.56375 0.010625 0.0125
0 0.55375 0.982917 0.01125 0.014167
0 0.485312 0.886667 0.011875 0.016667
0 0.41625 0.37625 0.01125 0.014167
0 0.374063 0.093333 0.010625 0.015
0 0.44625 0.735 0.01375 0.015
0 0.542188 0.793333 0.011875 0.016667
0 0.489687 0.58875 0.011875 0.015833
0 0.475 0.47375 0.01 0.014167
0 0.483438 0.4825 0.011875 0.018333
0 0.487187 0.390417 0.011875 0.015833
0 0.4675 0.377917 0.0075 0.010833
0 0.429375 0.292917 0.01125 0.015833
0 0.495 0.289167 0.01 0.013333
0 0.535 0.434583 0.01125 0.015833
0 0.59 0.48125 0.0125 0.014167
0 0.52875 0.191667 0.0125 0.018333
0 0.529687 0.089583 0.011875 0.015833
0 0.610625 0.222917 0.01 0.014167
0 0.645625 0.32 0.01 0.015
0 0.662813 0.324583 0.014375 0.015833
0 0.705937 0.24875 0.008125 0.0125
0 0.71375 0.2525 0.00875 0.015
0 0.723437 0.2525 0.011875 0.016667
0 0.708438 0.05625 0.010625 0.014167
0 0.693125 0.5325 0.01125 0.016667
0 0.621875 0.434167 0.01 0.015
0 0.601562 0.627083 0.011875 0.014167
0 0.442188 0.615 0.006875 0.01
0 0.5975 0.707083 0.0125 0.015833
0 0.61875 0.694167 0.01 0.013333
0 0.685312 0.78 0.013125 0.02
0 0.809375 0.694167 0.01125 0.016667
0 0.913438 0.757917 0.011875 0.014167
0 0.917188 0.747083 0.013125 0.0175
0 0.964688 0.765833 0.011875 0.02
0 0.869375 0.412083 0.0125 0.019167
0 0.813438 0.372083 0.010625 0.015833
0 0.804688 0.234167 0.013125 0.018333
0 0.774062 0.212917 0.010625 0.014167
0 0.82625 0.212917 0.015 0.019167
0 0.84 0.23375 0.0125 0.0175
0 0.927188 0.195 0.009375 0.016667
0 0.78625 0.7625 0.01125 0.018333
0 0.717812 0.89375 0.014375 0.025833
