0 0.138125 0.85375 0.01375 0.020833
0 0.125625 0.855417 0.0075 0.010833
0 0.120625 0.858333 0.00625 0.01
0 0.137813 0.772917 0.009375 0.014167
0 0.084375 0.686667 0.015 0.018333
0 0.04375 0.52125 0.015 0.019167
0 0.15375 0.466667 0.01375 0.021667
0 0.5125 0.916667 0.01375 0.018333
0 0.347187 0.813333 0.010625 0.015
0 0.734062 0.700833 0.013125 0.015
0 0.917188 0.213333 0.009375 0.011667
0 0.415625 0.270417 0.00875 0.010833
0 0.4175 0.303333 0.0075 0.011667
0 0.412813 0.310417 0.006875 0.0125
0 0.371875 0.3925 0.0075 0.011667
0 0.097187 0.169583 0.011875 0.014167
