0 0.925937 0.420417 0.009375 0.010833
0 0.846562 0.355417 0.010625 0.010833
0 0.775937 0.379167 0.009375 0.013333
0 0.861875 0.21125 0.01 0.0125
0 0.646875 0.245833 0.01125 0.013333
0 0.578125 0.039583 0.01 0.0125
0 0.569063 0.312083 0.008125 0.009167
0 0.45 0.281667 0.0075 0.01
0 0.224688 0.105417 0.009375 0.0125
0 0.124375 0.145 0.00875 0.011667
0 0.372812 0.287917 0.008125 0.010833
0 0.1025 0.362917 0.0075 0.010833
0 0.2225 0.26375 0.00875 0.010833
0 0.329375 0.298333 0.00875 0.011667
0 0.006875 0.387917 0.0075 0.010833
0 0.140937 0.522917 0.010625 0.014167
0 0.158438 0.635417 0.009375 0.0125
0 0.27625 0.636667 0.00875 0.011667
0 0.096875 0.76875 0.0075 0.010833
0 0.214375 0.913333 0.00875 0.011667
0 0.195937 0.97375 0.008125 0.010833
0 0.262188 0.94625 0.008125 0.010833
0 0.324062 0.8875 0.009375 0.013333
0 0.363438 0.748333 0.008125 0.013333
0 0.355 0.7325 0.00875 0.013333
0 0.565625 0.704583 0.01125 0.010833
0 0.582812 0.66625 0.008125 0.010833
0 0.51625 0.599583 0.00875 0.0125
0 0.444063 0.62125 0.009375 0.010833
0 0.426563 0.56625 0.009375 0.0125
0 0.46875 0.529583 0.00875 0.010833
0 0.6075 0.467917 0.0075 0.0125
0 0.374688 0.47375 0.008125 0.014167
0 0.57875 0.432083 0.01 0.014167
0 0.71 0.901667 0.00875 0.011667
