0 0.041875 0.971667 0.01375 0.018333
0 0.007188 0.992083 0.013125 0.015833
0 0.065 0.985417 0.02 0.015833
0 0.1325 0.973333 0.01 0.016667
0 0.012188 0.7025 0.013125 0.018333
0 0.03 0.705 0.01125 0.016667
0 0.0675 0.665833 0.01125 0.015
0 0.090625 0.66 0.0125 0.016667
0 0.050625 0.312083 0.0125 0.014167
0 0.122188 0.387083 0.013125 0.019167
0 0.162188 0.419167 0.013125 0.015
0 0.164375 0.404167 0.0125 0.016667
0 0.169687 0.464167 0.013125 0.015
0 0.172813 0.356667 0.013125 0.018333
0 0.014375 0.13 0.01375 0.016667
0 0.016875 0.104167 0.01125 0.016667
0 0.017812 0.016667 0.013125 0.021667
0 0.038437 0.07875 0.014375 0.019167
0 0.095 0.094583 0.015 0.0175
0 0.093125 0.177083 0.01375 0.019167
0 0.14 0.050833 0.01375 0.018333
0 0.228125 0.006667 0.01375 0.011667
0 0.20875 0.1175 0.01375 0.016667
0 0.219375 0.138333 0.01375 0.018333
0 0.217812 0.19125 0.013125 0.019167
0 0.190312 0.222917 0.013125 0.0175
0 0.237187 0.264583 0.013125 0.019167
0 0.275 0.195833 0.0125 0.016667
0 0.287187 0.11875 0.014375 0.019167
0 0.3325 0.220833 0.01375 0.02
0 0.319688 0.29125 0.011875 0.0175
0 0.368125 0.29875 0.01125 0.0175
0 0.149375 0.83625 0.01125 0.015833
0 0.155938 0.826667 0.011875 0.015
0 0.173437 0.81375 0.011875 0.014167
0 0.190938 0.72 0.013125 0.02
0 0.263437 0.829167 0.018125 0.021667
0 0.207813 0.987917 0.013125 0.0175
0 0.299687 0.920417 0.013125 0.019167
0 0.320625 0.874583 0.01375 0.019167
0 0.304375 0.738333 0.0125 0.018333
0 0.385625 0.75 0.01625 0.018333
0 0.39625 0.735833 0.01375 0.018333
0 0.321562 0.604167 0.010625 0.018333
0 0.381563 0.589583 0.009375 0.015833
0 0.324375 0.40875 0.015 0.020833
0 0.356875 0.4675 0.01875 0.02
0 0.343438 0.40125 0.011875 0.015833
0 0.338125 0.37 0.01125 0.016667
0 0.4475 0.962083 0.01375 0.019167
0 0.437812 0.97375 0.010625 0.014167
0 0.220938 0.945833 0.011875 0.016667
0 0.50375 0.921667 0.015 0.016667
0 0.44625 0.933333 0.01375 0.016667
0 0.36625 0.728333 0.0125 0.016667
0 0.455313 0.689167 0.011875 0.015
0 0.495937 0.70875 0.011875 0.0175
0 0.47375 0.6275 0.01 0.015
0 0.465625 0.622083 0.01 0.014167
0 0.43625 0.5975 0.01125 0.016667
0 0.370312 0.535417 0.010625 0.015833
0 0.32875 0.46875 0.01 0.014167
0 0.419063 0.508333 0.014375 0.02
0 0.446875 0.48875 0.01375 0.0175
0 0.408438 0.4225 0.011875 0.016667
0 0.436875 0.39375 0.0125 0.014167
0 0.522188 0.393333 0.015625 0.018333
0 0.520312 0.487083 0.015625 0.019167
0 0.620313 0.978333 0.013125 0.02
0 0.649062 0.992917 0.011875 0.014167
0 0.748437 0.915 0.010625 0.016667
0 0.713125 0.99375 0.01625 0.0125
0 0.651875 0.778333 0.01375 0.018333
0 0.9425 0.947917 0.01375 0.0175
0 0.967812 0.98625 0.013125 0.0175
0 0.9925 0.850833 0.01 0.016667
0 0.99125 0.807083 0.01375 0.020833
0 0.9425 0.86 0.01375 0.02
0 0.946562 0.91875 0.013125 0.019167
0 0.790625 0.910833 0.0125 0.015
0 0.830313 0.857083 0.011875 0.0175
0 0.940625 0.78 0.0125 0.018333
0 0.900937 0.80875 0.011875 0.015833
0 0.867812 0.774583 0.013125 0.0175
0 0.907188 0.769583 0.013125 0.0175
0 0.665625 0.675833 0.0125 0.018333
0 0.693125 0.384583 0.015 0.019167
0 0.586875 0.539167 0.01375 0.018333
0 0.385625 0.047917 0.0125 0.019167
0 0.417812 0.019167 0.015625 0.018333
0 0.427812 0.09125 0.016875 0.019167
0 0.509062 0.040833 0.016875 0.021667
0 0.5475 0.233333 0.015 0.02
0 0.600625 0.237917 0.01375 0.0175
0 0.645 0.204583 0.0125 0.0175
0 0.645938 0.173333 0.015625 0.018333
0 0.675 0.159167 0.01625 0.018333
0 0.711875 0.045417 0.01375 0.015833
0 0.791875 0.075 0.0125 0.016667
0 0.730625 0.133333 0.01375 0.016667
0 0.784375 0.1975 0.0125 0.016667
0 0.755625 0.260833 0.015 0.018333
0 0.755938 0.307917 0.011875 0.015833
0 0.753125 0.714583 0.0125 0.0175
0 0.804688 0.729583 0.013125 0.0175
0 0.788438 0.685833 0.014375 0.016667
0 0.927813 0.727083 0.013125 0.015833
0 0.90875 0.72875 0.0125 0.015833
0 0.905312 0.706667 0.013125 0.018333
0 0.651875 0.554583 0.01125 0.015833
0 0.823438 0.52125 0.013125 0.0175
0 0.8325 0.600833 0.01125 0.016667
0 0.881875 0.57 0.0125 0.016667
0 0.774375 0.467083 0.01125 0.014167
0 0.793438 0.448333 0.013125 0.016667
0 0.842812 0.442917 0.009375 0.0125
0 0.78 0.3875 0.0125 0.018333
0 0.815937 0.415417 0.010625 0.015833
0 0.9675 0.53125 0.01125 0.015833
0 0.9625 0.60875 0.01 0.0175
0 0.9525 0.41125 0.01125 0.0175
0 0.911875 0.384167 0.01375 0.016667
0 0.73125 0.155 0.01125 0.011667
0 0.828438 0.153333 0.013125 0.018333
0 0.98375 0.12875 0.0125 0.0175
0 0.980313 0.039583 0.010625 0.015833
0 0.969375 0.382917 0.01125 0.015833
0 0.674375 0.989167 0.0125 0.013333
0 0.72375 0.9525 0.0125 0.016667
0 0.288125 0.96125 0.01 0.014167
