0 0.284687 0.979583 0.009375 0.0125
0 0.22875 0.824583 0.01 0.0125
0 0.243438 0.77875 0.010625 0.014167
0 0.259062 0.765833 0.009375 0.011667
0 0.557187 0.794583 0.011875 0.014167
0 0.320937 0.66625 0.010625 0.0125
0 0.35 0.644167 0.01 0.011667
0 0.209375 0.58125 0.01125 0.0125
0 0.388437 0.622917 0.010625 0.0175
0 0.175625 0.107917 0.01125 0.015833
0 0.424063 0.260833 0.013125 0.018333
0 0.512813 0.512917 0.013125 0.015833
0 0.675312 0.28625 0.011875 0.0175
0 0.648125 0.254167 0.0125 0.018333
0 0.678438 0.394167 0.014375 0.018333
0 0.559063 0.582083 0.013125 0.0175
0 0.483438 0.984167 0.011875 0.016667
0 0.620938 0.865 0.014375 0.021667
0 0.681875 0.736667 0.00875 0.011667
0 0.902813 0.654583 0.009375 0.010833
0 0.895938 0.456667 0.010625 0.018333
0 0.768125 0.475417 0.00875 0.014167
0 0.83875 0.244583 0.01125 0.0175
0 0.540937 0.39125 0.008125 0.010833
0 0.373437 0.381667 0.009375 0.013333
0 0.380312 0.012917 0.008125 0.010833
0 0.411875 0.101667 0.01 0.015
0 0.440937 0.573333 0.009375 0.013333
0 0.46125 0.473333 0.01 0.016667
0 0.156562 0.651667 0.009375 0.011667
0 0.43125 0.68125 0.00875 0.0125
0 0.376563 0.7825 0.006875 0.01
0 0.704688 0.910417 0.009375 0.0125
0 0.608437 0.605833 0.013125 0.02
