0 0.176563 0.08 0.010625 0.015
0 0.18375 0.087917 0.0125 0.019167
0 0.236563 0.04875 0.011875 0.015833
0 0.2325 0.008333 0.00875 0.011667
0 0.28 0.014583 0.0125 0.0175
0 0.333125 0.04 0.01125 0.013333
0 0.298125 0.037917 0.0125 0.0175
0 0.341875 0.020417 0.01125 0.014167
0 0.354375 0.005833 0.01 0.01
0 0.274375 0.127917 0.01125 0.014167
0 0.13625 0.104583 0.01125 0.0175
0 0.16875 0.17125 0.01125 0.014167
0 0.144063 0.277083 0.013125 0.0175
0 0.200937 0.259583 0.011875 0.0125
0 0.250625 0.230417 0.0125 0.015833
0 0.295 0.292083 0.0125 0.0175
0 0.21 0.123333 0.0175 0.021667
0 0.065312 0.35 0.013125 0.018333
0 0.018437 0.41875 0.013125 0.015833
0 0.0775 0.489583 0.01125 0.014167
0 0.10125 0.498333 0.01 0.013333
0 0.158438 0.498333 0.010625 0.013333
0 0.091875 0.620417 0.01125 0.014167
0 0.090938 0.812083 0.011875 0.014167
0 0.099687 0.761667 0.013125 0.018333
0 0.1175 0.764583 0.0125 0.014167
0 0.129062 0.77 0.013125 0.015
0 0.180312 0.792917 0.009375 0.0125
0 0.18625 0.829583 0.01 0.0125
0 0.166563 0.932083 0.011875 0.014167
0 0.189062 0.90375 0.011875 0.014167
0 0.211875 0.870417 0.01375 0.0175
0 0.243438 0.880833 0.011875 0.013333
0 0.217812 0.993333 0.010625 0.013333
0 0.278125 0.968333 0.015 0.02
0 0.28625 0.99625 0.01375 0.0075
0 0.337813 0.886667 0.013125 0.018333
0 0.364375 0.97625 0.0125 0.015833
0 0.406875 0.962917 0.00875 0.0125
0 0.390625 0.985833 0.01 0.015
0 0.379688 0.88625 0.013125 0.0175
0 0.348438 0.894167 0.010625 0.013333
0 0.45625 0.895833 0.015 0.02
0 0.2775 0.89375 0.01375 0.019167
0 0.254688 0.678333 0.011875 0.016667
0 0.276875 0.640417 0.01 0.014167
0 0.264375 0.613333 0.01 0.011667
0 0.074063 0.5175 0.013125 0.016667
0 0.175313 0.6025 0.009375 0.013333
0 0.208437 0.589583 0.011875 0.015833
0 0.234375 0.58875 0.0125 0.015833
0 0.195625 0.545 0.0125 0.016667
0 0.218125 0.51125 0.01125 0.014167
0 0.275625 0.564167 0.0125 0.015
0 0.283438 0.580417 0.011875 0.014167
0 0.302187 0.4225 0.011875 0.015
0 0.318437 0.422083 0.011875 0.014167
0 0.31375 0.334583 0.00875 0.0125
0 0.534687 0.927083 0.013125 0.0175
0 0.430625 0.850417 0.0125 0.014167
0 0.37375 0.719583 0.01375 0.015833
0 0.341562 0.657083 0.011875 0.014167
0 0.446875 0.65125 0.01125 0.014167
0 0.385937 0.435417 0.010625 0.014167
0 0.417812 0.415417 0.010625 0.014167
0 0.438125 0.456667 0.01375 0.016667
0 0.420625 0.5175 0.01125 0.016667
0 0.390625 0.305833 0.0125 0.015
0 0.361875 0.067083 0.0125 0.0125
0 0.47125 0.1675 0.01125 0.015
0 0.703438 0.9475 0.010625 0.013333
0 0.709688 0.934167 0.010625 0.021667
0 0.697812 0.935417 0.013125 0.0175
0 0.634375 0.98875 0.015 0.0175
0 0.8175 0.972083 0.01125 0.0175
0 0.6 0.8875 0.015 0.015
0 0.5225 0.71625 0.01375 0.0175
0 0.49875 0.73125 0.01125 0.015833
0 0.577812 0.665833 0.010625 0.015
0 0.749687 0.97875 0.011875 0.019167
0 0.699688 0.775833 0.011875 0.016667
0 0.685937 0.87625 0.011875 0.015833
0 0.821875 0.895833 0.015 0.025
0 0.77375 0.74125 0.01375 0.0175
0 0.98 0.6025 0.0175 0.023333
0 0.942813 0.595833 0.015625 0.016667
0 0.871563 0.688333 0.018125 0.016667
0 0.97375 0.752083 0.01375 0.014167
0 0.834688 0.785417 0.011875 0.015833
0 0.79 0.597083 0.0125 0.015833
0 0.788438 0.53625 0.013125 0.014167
0 0.759062 0.477917 0.013125 0.0175
0 0.504062 0.561667 0.010625 0.015
0 0.492188 0.4875 0.013125 0.016667
0 0.49625 0.456667 0.01125 0.013333
0 0.524375 0.414583 0.015 0.019167
0 0.471875 0.420833 0.01125 0.015
0 0.479063 0.337083 0.013125 0.015833
0 0.48375 0.28375 0.01125 0.015833
0 0.570625 0.2025 0.0125 0.015
0 0.532188 0.1025 0.014375 0.018333
0 0.549375 0.057917 0.01375 0.0175
0 0.373437 0.119583 0.014375 0.015833
0 0.265 0.046667 0.01125 0.015
0 0.254688 0.040417 0.010625 0.010833
0 0.572812 0.765417 0.009375 0.015833
0 0.441563 0.634167 0.009375 0.013333
0 0.5925 0.482917 0.01375 0.0175
0 0.659375 0.538333 0.0125 0.016667
0 0.636875 0.39125 0.0125 0.015833
0 0.672813 0.385 0.014375 0.016667
0 0.704375 0.455833 0.01 0.011667
0 0.782188 0.38625 0.011875 0.015833
0 0.767188 0.30375 0.011875 0.015833
0 0.620938 0.28875 0.013125 0.014167
0 0.740625 0.204583 0.0125 0.015833
0 0.815937 0.055833 0.011875 0.015
0 0.764687 0.019167 0.011875 0.018333
0 0.8075 0.499167 0.015 0.016667
0 0.901563 0.407083 0.011875 0.015833
0 0.906875 0.57375 0.0125 0.015833
0 0.890312 0.659583 0.009375 0.015833
0 0.876875 0.66125 0.0125 0.019167
0 0.576875 0.55375 0.01125 0.014167
0 0.74375 0.377917 0.01125 0.014167
0 0.892813 0.618333 0.014375 0.02
0 0.944063 0.4825 0.013125 0.016667
0 0.868125 0.218333 0.01375 0.023333
0 0.968437 0.215417 0.009375 0.014167
0 0.908125 0.034167 0.015 0.02
0 0.83625 0.0325 0.01375 0.018333
0 0.682187 0.133333 0.011875 0.013333
