0 0.170313 0.949583 0.010625 0.014167
0 0.226562 0.934583 0.011875 0.0175
0 0.274062 0.96875 0.010625 0.014167
0 0.28 0.814583 0.01125 0.015833
0 0.035625 0.815 0.01 0.016667
0 0.058438 0.567083 0.013125 0.015833
0 0.032813 0.4675 0.014375 0.018333
0 0.091875 0.460417 0.01 0.014167
0 0.259688 0.44125 0.018125 0.0225
0 0.18875 0.38375 0.01125 0.014167
0 0.133125 0.30875 0.01 0.014167
0 0.005938 0.24 0.010625 0.018333
0 0.299375 0.148333 0.00875 0.013333
0 0.458125 0.1725 0.01125 0.018333
0 0.444688 0.391667 0.011875 0.016667
0 0.429375 0.585 0.00875 0.013333
0 0.51 0.572083 0.01125 0.015833
0 0.516563 0.640833 0.010625 0.013333
0 0.239063 0.892917 0.013125 0.0175
0 0.50625 0.844583 0.00875 0.014167
0 0.407813 0.745833 0.006875 0.013333
0 0.546562 0.210417 0.010625 0.014167
0 0.539375 0.219167 0.01125 0.015
0 0.20875 0.227917 0.01 0.015833
0 0.624062 0.251667 0.013125 0.016667
0 0.614375 0.2175 0.01125 0.013333
0 0.67625 0.226667 0.0125 0.018333
0 0.710938 0.02125 0.010625 0.014167
0 0.889687 0.1675 0.013125 0.02
0 0.923125 0.299167 0.0175 0.021667
0 0.738125 0.525417 0.01125 0.0175
0 0.90375 0.51125 0.01125 0.015833
0 0.969063 0.39375 0.011875 0.0175
0 0.841875 0.58875 0.0125 0.015833
0 0.849688 0.579583 0.011875 0.014167
0 0.535312 0.691667 0.008125 0.011667
0 0.534375 0.756667 0.01 0.011667
0 0.5625 0.7425 0.00875 0.011667
0 0.71625 0.634583 0.01 0.0125
0 0.587187 0.597083 0.009375 0.0125
0 0.79625 0.831667 0.0125 0.018333
0 0.7925 0.865417 0.00875 0.014167
0 0.621563 0.790833 0.011875 0.013333
0 0.740938 0.865833 0.011875 0.015
0 0.88875 0.77125 0.015 0.0175
