0 0.005625 0.242917 0.01 0.019167
0 0.086563 0.015 0.019375 0.02
0 0.117813 0.064583 0.011875 0.0175
0 0.334688 0.078333 0.011875 0.016667
0 0.17625 0.33125 0.01375 0.019167
0 0.248438 0.394167 0.014375 0.02
0 0.174063 0.56625 0.011875 0.0175
0 0.15 0.8575 0.01375 0.018333
0 0.227187 0.789583 0.014375 0.020833
0 0.429688 0.59125 0.013125 0.0175
0 0.603437 0.870833 0.013125 0.018333
0 0.712187 0.87375 0.014375 0.019167
0 0.949063 0.784167 0.009375 0.018333
0 0.9775 0.64875 0.01125 0.020833
0 0.90375 0.3125 0.01125 0.018333
0 0.26125 0.472083 0.01625 0.0175
0 0.093438 0.887917 0.014375 0.019167
