0 0.124063 0.087917 0.010625 0.0125
0 0.131875 0.275 0.01375 0.015
0 0.206563 0.371667 0.014375 0.021667
0 0.21875 0.377083 0.01 0.014167
0 0.184688 0.560417 0.006875 0.009167
0 0.140937 0.634167 0.005625 0.008333
0 0.200937 0.689583 0.009375 0.014167
0 0.275 0.865833 0.01 0.011667
0 0.17875 0.766667 0.0075 0.01
0 0.304688 0.520833 0.011875 0.011667
0 0.716562 0.709167 0.010625 0.013333
0 0.570625 0.53875 0.0075 0.010833
0 0.555625 0.485417 0.00875 0.014167
0 0.610938 0.475833 0.010625 0.013333
0 0.577812 0.4325 0.009375 0.011667
0 0.750938 0.449167 0.008125 0.011667
0 0.874375 0.545417 0.01 0.015833
0 0.963125 0.709583 0.01 0.0125
0 0.853125 0.97625 0.01 0.014167
