0 0.385313 0.96625 0.013125 0.0175
0 0.30375 0.91875 0.01125 0.015833
0 0.419375 0.83125 0.0125 0.014167
0 0.365 0.75125 0.0125 0.014167
0 0.285625 0.697917 0.01375 0.014167
0 0.1 0.912083 0.01125 0.015833
0 0.275625 0.7825 0.0075 0.011667
0 0.0275 0.680833 0.01 0.016667
0 0.298438 0.621667 0.009375 0.011667
0 0.135 0.49 0.00875 0.02
0 0.089063 0.3075 0.010625 0.013333
0 0.395937 0.102083 0.008125 0.010833
0 0.353438 0.107917 0.008125 0.0125
0 0.494688 0.935 0.008125 0.013333
0 0.383125 0.917917 0.0075 0.0125
0 0.3425 0.804583 0.0075 0.010833
0 0.583438 0.9 0.008125 0.011667
0 0.5475 0.709167 0.01125 0.013333
0 0.614062 0.712917 0.006875 0.010833
0 0.6225 0.71375 0.00875 0.0125
0 0.59 0.650833 0.01125 0.015
0 0.604688 0.611667 0.014375 0.016667
0 0.344062 0.508333 0.006875 0.008333
0 0.46875 0.316667 0.01125 0.011667
0 0.506875 0.160833 0.01125 0.015
0 0.474375 0.117917 0.01 0.014167
0 0.598437 0.306667 0.013125 0.015
0 0.600938 0.0175 0.014375 0.018333
0 0.445625 0.03875 0.0075 0.009167
0 0.700313 0.041667 0.011875 0.015
0 0.49 0.354583 0.0075 0.010833
0 0.486563 0.696667 0.013125 0.016667
0 0.877188 0.935 0.013125 0.015
0 0.6775 0.77125 0.01 0.0125
0 0.85875 0.83625 0.01125 0.014167
0 0.929063 0.755 0.011875 0.016667
0 0.715 0.496667 0.00875 0.015
0 0.958125 0.456667 0.01 0.013333
0 0.697812 0.415 0.006875 0.011667
0 0.86875 0.289583 0.01125 0.015833
0 0.635 0.824583 0.01375 0.015833
0 0.42375 0.91 0.01125 0.01
