0 0.168437 0.994167 0.013125 0.011667
0 0.132812 0.947917 0.011875 0.0175
0 0.124688 0.8675 0.010625 0.015
0 0.014063 0.589167 0.009375 0.015
0 0.176563 0.6625 0.015625 0.02
0 0.225625 0.666667 0.015 0.025
0 0.116875 0.580833 0.0125 0.018333
0 0.15375 0.54 0.01125 0.016667
0 0.17875 0.580417 0.01 0.010833
0 0.165313 0.464583 0.009375 0.0125
0 0.176875 0.378333 0.01125 0.016667
0 0.2225 0.293333 0.01125 0.018333
0 0.155938 0.07625 0.013125 0.015833
0 0.198125 0.10875 0.01125 0.015833
0 0.154062 0.215833 0.010625 0.016667
0 0.287813 0.387083 0.010625 0.014167
0 0.287813 0.35125 0.011875 0.014167
0 0.310625 0.31375 0.0125 0.015833
0 0.33375 0.339167 0.0125 0.015
0 0.400938 0.335833 0.011875 0.013333
0 0.393125 0.325833 0.0125 0.015
0 0.35625 0.385417 0.01125 0.015833
0 0.414375 0.175833 0.01125 0.015
0 0.484687 0.11 0.011875 0.018333
0 0.54375 0.160833 0.01125 0.016667
0 0.455313 0.197083 0.009375 0.014167
0 0.625 0.158333 0.01125 0.016667
0 0.550937 0.040417 0.008125 0.010833
0 0.33125 0.657917 0.01375 0.015833
0 0.2225 0.872083 0.01375 0.019167
0 0.218438 0.911667 0.011875 0.016667
0 0.316875 0.727083 0.0125 0.0175
0 0.24875 0.567917 0.015 0.019167
0 0.40125 0.425 0.0125 0.016667
0 0.425312 0.419167 0.014375 0.018333
0 0.5275 0.54125 0.01125 0.015833
0 0.548125 0.555833 0.01 0.013333
0 0.30625 0.462917 0.01 0.0125
0 0.277813 0.969167 0.010625 0.013333
0 0.31625 0.927083 0.01 0.015833
0 0.4475 0.939167 0.01 0.011667
0 0.345 0.753333 0.00875 0.013333
0 0.176875 0.48125 0.01125 0.0125
0 0.234063 0.814167 0.014375 0.02
0 0.519062 0.945833 0.011875 0.013333
0 0.474687 0.897083 0.010625 0.015833
0 0.545312 0.787083 0.010625 0.0125
0 0.455313 0.377083 0.011875 0.015833
0 0.522188 0.375417 0.009375 0.0125
0 0.484063 0.383333 0.010625 0.013333
0 0.525312 0.109167 0.011875 0.016667
0 0.794375 0.388333 0.01125 0.015
0 0.720313 0.382917 0.010625 0.015833
0 0.5025 0.524167 0.01375 0.03
0 0.650625 0.395833 0.0175 0.023333
0 0.865313 0.900833 0.010625 0.016667
0 0.654062 0.770833 0.008125 0.013333
0 0.698125 0.579167 0.01 0.015
0 0.914062 0.4475 0.013125 0.016667
0 0.874687 0.302083 0.011875 0.015833
0 0.691562 0.267917 0.013125 0.015833
0 0.910625 0.202083 0.01125 0.0175
0 0.754375 0.1075 0.01125 0.016667
0 0.692813 0.014167 0.010625 0.015
0 0.641563 0.13 0.009375 0.011667
0 0.311563 0.594583 0.010625 0.0125
0 0.4575 0.415833 0.01375 0.015
