0 0.175 0.243333 0.01 0.013333
0 0.077188 0.121667 0.010625 0.013333
0 0.049063 0.22375 0.008125 0.010833
0 0.06875 0.545 0.00875 0.01
0 0.121875 0.565 0.01125 0.015
0 0.183125 0.624583 0.0075 0.0125
0 0.01375 0.731667 0.01125 0.018333
0 0.016875 0.824167 0.01 0.013333
0 0.152812 0.7275 0.009375 0.011667
0 0.27375 0.777917 0.00875 0.010833
0 0.289375 0.972917 0.00875 0.010833
0 0.3725 0.865 0.00875 0.011667
0 0.394375 0.996667 0.0075 0.006667
0 0.487812 0.973333 0.008125 0.011667
0 0.2325 0.468333 0.01 0.011667
0 0.37 0.644583 0.00625 0.009167
0 0.354063 0.464583 0.006875 0.009167
0 0.406562 0.44125 0.009375 0.015833
0 0.420312 0.432917 0.009375 0.010833
0 0.57125 0.2325 0.01 0.015
0 0.526875 0.2525 0.01 0.015
0 0.4875 0.192917 0.00875 0.0125
0 0.493437 0.540417 0.009375 0.010833
0 0.608437 0.714583 0.011875 0.0125
0 0.606875 0.875 0.00875 0.011667
0 0.83375 0.89625 0.01 0.010833
0 0.755938 0.89375 0.008125 0.010833
0 0.712187 0.90625 0.008125 0.0125
0 0.963125 0.645833 0.0075 0.011667
0 0.62875 0.504167 0.01 0.011667
0 0.651563 0.307083 0.008125 0.0125
0 0.979062 0.219167 0.010625 0.015
0 0.75625 0.1 0.00875 0.011667
0 0.769687 0.026667 0.008125 0.011667
0 0.72 0.023333 0.00875 0.013333
0 0.509375 0.755 0.01 0.013333
