0 0.140625 0.039583 0.0125 0.015833
0 0.13625 0.0525 0.01 0.013333
0 0.12625 0.05125 0.00875 0.0125
0 0.089688 0.098333 0.013125 0.016667
0 0.162812 0.095833 0.011875 0.016667
0 0.186562 0.130417 0.008125 0.0125
0 0.227187 0.09875 0.010625 0.014167
0 0.205625 0.164167 0.01125 0.013333
0 0.15375 0.30875 0.01 0.0125
0 0.206875 0.252917 0.01125 0.015833
0 0.329062 0.17125 0.010625 0.014167
0 0.17375 0.314583 0.01 0.0125
0 0.0725 0.382917 0.015 0.019167
0 0.050937 0.392083 0.011875 0.014167
0 0.283125 0.365417 0.00875 0.010833
0 0.321875 0.395417 0.0125 0.0175
0 0.25375 0.00875 0.01 0.015833
0 0.319688 0.03375 0.010625 0.0125
0 0.400625 0.106667 0.0125 0.018333
0 0.339375 0.297917 0.0075 0.010833
0 0.338125 0.35 0.00875 0.011667
0 0.218438 0.42875 0.009375 0.0125
0 0.214062 0.450833 0.009375 0.015
0 0.198437 0.440833 0.008125 0.011667
0 0.302812 0.464583 0.010625 0.014167
0 0.419687 0.10375 0.011875 0.015833
0 0.4325 0.3 0.01 0.011667
0 0.421875 0.295 0.01125 0.013333
0 0.415625 0.258333 0.01 0.013333
0 0.275 0.19125 0.0075 0.010833
0 0.133437 0.442917 0.010625 0.014167
0 0.14625 0.466667 0.01 0.011667
0 0.142813 0.481667 0.009375 0.011667
0 0.02375 0.658333 0.01125 0.013333
0 0.085312 0.71 0.013125 0.015
0 0.035625 0.752917 0.01 0.014167
0 0.085938 0.924583 0.010625 0.014167
0 0.0975 0.860833 0.00875 0.013333
0 0.1275 0.875833 0.01125 0.013333
0 0.138125 0.894167 0.0075 0.011667
0 0.152812 0.9325 0.009375 0.013333
0 0.19375 0.877083 0.01125 0.014167
0 0.207813 0.95625 0.010625 0.014167
0 0.2775 0.85125 0.0125 0.015833
0 0.268125 0.9725 0.01125 0.015
0 0.2625 0.91125 0.01 0.014167
0 0.186875 0.720833 0.00875 0.013333
0 0.199063 0.730833 0.010625 0.015
0 0.215 0.722917 0.01125 0.015833
0 0.2125 0.70375 0.00875 0.010833
0 0.264375 0.82125 0.00875 0.010833
0 0.281875 0.753333 0.0075 0.011667
0 0.272188 0.741667 0.010625 0.013333
0 0.274375 0.730833 0.01 0.013333
0 0.270625 0.709167 0.01 0.013333
0 0.28 0.674167 0.01375 0.015
0 0.180625 0.648333 0.00875 0.011667
0 0.386562 0.600417 0.011875 0.014167
0 0.39 0.647917 0.01 0.014167
0 0.400313 0.551667 0.013125 0.016667
0 0.417187 0.404167 0.010625 0.013333
0 0.457188 0.506667 0.009375 0.011667
0 0.489063 0.567083 0.011875 0.014167
0 0.585625 0.585 0.0125 0.015
0 0.485938 0.260833 0.009375 0.013333
0 0.463438 0.059583 0.009375 0.0125
0 0.473438 0.05 0.009375 0.015
0 0.472813 0.017083 0.010625 0.0125
0 0.51 0.070417 0.0125 0.015833
0 0.562813 0.090417 0.010625 0.015833
0 0.561562 0.10375 0.011875 0.0125
0 0.575313 0.0925 0.008125 0.013333
0 0.515938 0.424167 0.010625 0.013333
0 0.645625 0.45875 0.01375 0.0175
0 0.624062 0.48375 0.009375 0.0125
0 0.611875 0.500417 0.01 0.0125
0 0.549375 0.344167 0.0075 0.01
0 0.478438 0.702083 0.010625 0.014167
0 0.575937 0.71625 0.010625 0.015833
0 0.519062 0.76 0.009375 0.013333
0 0.534375 0.765833 0.01 0.011667
0 0.50875 0.79875 0.01125 0.014167
0 0.49 0.879583 0.01125 0.014167
0 0.465625 0.965833 0.00875 0.011667
0 0.470625 0.9725 0.00875 0.011667
0 0.483438 0.970833 0.009375 0.015
0 0.510625 0.965 0.01125 0.013333
0 0.530312 0.994583 0.010625 0.010833
0 0.547813 0.867083 0.010625 0.015833
0 0.58625 0.892917 0.01375 0.015833
0 0.6675 0.3875 0.01125 0.016667
0 0.6925 0.308333 0.01125 0.016667
0 0.681875 0.203333 0.0125 0.02
0 0.677188 0.127917 0.010625 0.014167
0 0.606875 0.06625 0.01 0.014167
0 0.650625 0.985 0.015 0.021667
0 0.6475 0.90875 0.01 0.014167
0 0.659687 0.8725 0.011875 0.016667
0 0.694063 0.805833 0.013125 0.015
0 0.655625 0.7575 0.01125 0.013333
0 0.738437 0.815833 0.010625 0.015
0 0.699063 0.909167 0.010625 0.016667
0 0.732812 0.955417 0.010625 0.014167
0 0.843437 0.99375 0.010625 0.0125
0 0.850938 0.985 0.013125 0.016667
0 0.861563 0.979583 0.011875 0.014167
0 0.784687 0.887917 0.009375 0.015833
0 0.81125 0.844167 0.0125 0.016667
0 0.913125 0.8425 0.00875 0.013333
0 0.892188 0.804167 0.010625 0.013333
0 0.690312 0.727917 0.008125 0.010833
0 0.710313 0.69125 0.008125 0.010833
0 0.719688 0.635833 0.011875 0.015
0 0.759687 0.657917 0.009375 0.014167
0 0.905625 0.62125 0.01125 0.015833
0 0.917813 0.62625 0.011875 0.0175
0 0.794687 0.618333 0.011875 0.013333
0 0.778438 0.612917 0.009375 0.0125
0 0.821875 0.552083 0.01375 0.0175
0 0.833438 0.5375 0.008125 0.011667
0 0.75875 0.485 0.00875 0.013333
0 0.7525 0.462083 0.00875 0.010833
0 0.91125 0.47625 0.01125 0.0125
0 0.879375 0.45625 0.00875 0.014167
0 0.796562 0.432083 0.009375 0.014167
0 0.769062 0.399583 0.013125 0.014167
0 0.7425 0.380833 0.0125 0.015
0 0.774375 0.38625 0.01 0.014167
0 0.886563 0.307083 0.014375 0.019167
0 0.804375 0.207083 0.01 0.014167
0 0.644375 0.205 0.00875 0.013333
0 0.42 0.183333 0.0075 0.01
0 0.855 0.060833 0.01625 0.02
0 0.935937 0.145 0.013125 0.015
0 0.670937 0.426667 0.009375 0.013333
