0 0.860938 0.9525 0.013125 0.018333
0 0.803438 0.912083 0.013125 0.0175
0 0.830313 0.772917 0.010625 0.0175
0 0.815312 0.751667 0.014375 0.02
0 0.794375 0.772917 0.015 0.020833
0 0.7625 0.751667 0.01125 0.015
0 0.714375 0.791667 0.01125 0.018333
0 0.70375 0.79125 0.00875 0.015833
0 0.695 0.788333 0.01 0.013333
0 0.653125 0.864167 0.01375 0.02
0 0.523438 0.975417 0.011875 0.0175
0 0.635 0.857917 0.0125 0.0175
0 0.47625 0.92875 0.01 0.015833
0 0.405938 0.915 0.011875 0.018333
0 0.518125 0.728333 0.0125 0.018333
0 0.48625 0.827917 0.00875 0.014167
0 0.331562 0.910417 0.010625 0.014167
0 0.263437 0.935 0.010625 0.011667
0 0.303438 0.795833 0.010625 0.015
0 0.022187 0.705833 0.010625 0.015
0 0.065625 0.725833 0.00875 0.013333
0 0.236875 0.685833 0.01125 0.016667
0 0.154688 0.687083 0.010625 0.014167
0 0.13375 0.6375 0.01 0.015
0 0.093125 0.637917 0.0125 0.019167
0 0.040625 0.634167 0.01375 0.015
0 0.113437 0.507083 0.006875 0.0125
0 0.230937 0.4525 0.010625 0.016667
0 0.316563 0.521667 0.010625 0.013333
0 0.302812 0.542917 0.009375 0.0125
0 0.364687 0.633333 0.010625 0.013333
0 0.132188 0.905 0.009375 0.011667
0 0.264375 0.920833 0.01125 0.015
0 0.190625 0.362917 0.0125 0.014167
0 0.205937 0.339583 0.009375 0.0125
0 0.114062 0.271667 0.015625 0.02
0 0.073125 0.242083 0.01125 0.014167
0 0.15125 0.143333 0.01125 0.015
0 0.600625 0.760833 0.01 0.016667
0 0.6125 0.974583 0.01 0.0175
0 0.615 0.5425 0.0125 0.016667
0 0.547813 0.487917 0.013125 0.0175
0 0.405625 0.445417 0.01125 0.015833
0 0.412187 0.43625 0.009375 0.015833
0 0.369688 0.477083 0.011875 0.014167
0 0.0725 0.495833 0.01 0.011667
0 0.369375 0.214583 0.01125 0.015833
0 0.4125 0.292083 0.01 0.015833
0 0.334688 0.039167 0.010625 0.015
0 0.455 0.079167 0.0125 0.016667
0 0.137187 0.024167 0.013125 0.02
0 0.304063 0.190417 0.014375 0.020833
0 0.341875 0.302917 0.015 0.019167
0 0.5575 0.256667 0.01375 0.016667
0 0.602187 0.247083 0.011875 0.019167
0 0.61 0.304583 0.0125 0.015833
0 0.729375 0.40625 0.0125 0.015833
0 0.614688 0.32 0.014375 0.013333
0 0.740938 0.265833 0.013125 0.016667
0 0.518437 0.63 0.013125 0.018333
0 0.6975 0.595417 0.01 0.014167
0 0.915625 0.734167 0.01125 0.016667
0 0.904687 0.84125 0.009375 0.0125
0 0.857187 0.62 0.009375 0.013333
0 0.886875 0.530417 0.0125 0.0175
0 0.83875 0.471667 0.00875 0.011667
0 0.83625 0.364167 0.01125 0.013333
0 0.692813 0.357083 0.011875 0.0175
0 0.531875 0.261667 0.00875 0.015
0 0.559375 0.085833 0.0125 0.015
0 0.90875 0.119167 0.01375 0.016667
0 0.77625 0.12375 0.01375 0.0175
0 0.854375 0.049167 0.00875 0.011667
0 0.748437 0.072083 0.011875 0.014167
0 0.628437 0.22375 0.013125 0.019167
0 0.42 0.832083 0.01125 0.0125
