0 0.339687 0.921667 0.009375 0.018333
0 0.098437 0.840833 0.009375 0.015
0 0.089688 0.812083 0.010625 0.0175
0 0.30125 0.735 0.01 0.013333
0 0.134063 0.576667 0.010625 0.013333
0 0.204687 0.484583 0.010625 0.014167
0 0.342187 0.461667 0.010625 0.013333
0 0.033438 0.304167 0.011875 0.016667
0 0.238437 0.03125 0.010625 0.015833
0 0.35875 0.220833 0.00875 0.011667
0 0.4525 0.037083 0.0075 0.0125
0 0.435 0.2925 0.01 0.015
0 0.2875 0.853333 0.01 0.013333
0 0.260937 0.735833 0.008125 0.011667
0 0.27125 0.993333 0.00875 0.011667
0 0.6 0.900833 0.01 0.015
0 0.168125 0.166667 0.0125 0.016667
0 0.728437 0.055417 0.011875 0.0125
0 0.641875 0.22375 0.0075 0.010833
0 0.84875 0.580833 0.01 0.011667
0 0.897813 0.7675 0.010625 0.013333
0 0.974063 0.852917 0.011875 0.0125
0 0.985938 0.810833 0.008125 0.013333
0 0.802188 0.825 0.011875 0.013333
0 0.7725 0.814583 0.01375 0.0125
0 0.538438 0.8625 0.006875 0.01
0 0.754375 0.40625 0.0075 0.0125
