0 0.073438 0.599167 0.009375 0.015
0 0.3525 0.378333 0.01 0.013333
0 0.274062 0.830833 0.009375 0.011667
0 0.128438 0.614583 0.011875 0.015833
0 0.133125 0.556667 0.00875 0.011667
0 0.173125 0.164583 0.01125 0.015833
0 0.265 0.233333 0.015 0.015
0 0.27125 0.0875 0.0075 0.011667
0 0.500625 0.900417 0.01125 0.019167
0 0.599063 0.830417 0.011875 0.0125
0 0.597187 0.82125 0.009375 0.010833
0 0.514062 0.863333 0.008125 0.011667
0 0.307188 0.830833 0.014375 0.02
0 0.540937 0.6975 0.010625 0.015
0 0.566562 0.714167 0.010625 0.016667
0 0.286562 0.565 0.009375 0.015
