0 0.026562 0.366667 0.010625 0.013333
0 0.113125 0.39125 0.01125 0.014167
0 0.20875 0.245 0.01375 0.018333
0 0.226562 0.154167 0.011875 0.015
0 0.275938 0.147917 0.011875 0.0125
0 0.279375 0.107917 0.0125 0.019167
0 0.3025 0.090417 0.01125 0.015833
0 0.097187 0.390833 0.009375 0.011667
0 0.112812 0.46375 0.009375 0.0125
0 0.06375 0.848333 0.00875 0.013333
0 0.10625 0.81 0.00875 0.013333
0 0.204063 0.53875 0.009375 0.0125
0 0.142813 0.939167 0.010625 0.015
0 0.244688 0.941667 0.010625 0.011667
0 0.523438 0.96375 0.011875 0.0175
0 0.38625 0.901667 0.01 0.013333
0 0.3225 0.8375 0.00875 0.013333
0 0.424375 0.747083 0.00875 0.015833
0 0.532188 0.7425 0.009375 0.015
0 0.429375 0.663333 0.01 0.016667
0 0.367812 0.602083 0.011875 0.014167
0 0.43875 0.31 0.0125 0.015
0 0.479375 0.139167 0.01 0.011667
0 0.562187 0.265 0.010625 0.015
0 0.58625 0.269167 0.01125 0.013333
0 0.527188 0.3875 0.011875 0.015
0 0.740938 0.974167 0.011875 0.016667
0 0.74375 0.992083 0.01125 0.014167
0 0.685937 0.882083 0.010625 0.015833
0 0.677188 0.4875 0.011875 0.015
0 0.637188 0.476667 0.010625 0.015
0 0.570625 0.442917 0.01 0.014167
0 0.676875 0.35 0.01 0.015
0 0.625625 0.079583 0.0075 0.009167
0 0.810312 0.080417 0.011875 0.0125
0 0.876875 0.384583 0.0125 0.015833
0 0.810625 0.485833 0.01 0.013333
0 0.965 0.407917 0.0125 0.0175
0 0.884687 0.864167 0.010625 0.016667
0 0.735313 0.898333 0.009375 0.013333
0 0.87625 0.2575 0.0125 0.015
0 0.49 0.763333 0.0075 0.011667
