0 0.051875 0.849583 0.01125 0.020833
0 0.202187 0.969167 0.013125 0.018333
0 0.290625 0.835833 0.01875 0.018333
0 0.249688 0.9 0.010625 0.015
0 0.189375 0.777917 0.00875 0.0125
0 0.18 0.775417 0.00875 0.014167
0 0.104688 0.717917 0.009375 0.014167
0 0.148438 0.656667 0.009375 0.013333
0 0.138437 0.683333 0.010625 0.015
0 0.125312 0.6275 0.009375 0.016667
0 0.041563 0.3675 0.018125 0.02
0 0.093125 0.367917 0.0125 0.014167
0 0.161875 0.229583 0.015 0.015833
0 0.087188 0.205 0.009375 0.011667
0 0.059375 0.251667 0.0125 0.016667
0 0.055 0.292917 0.01 0.014167
0 0.246562 0.18875 0.013125 0.015833
0 0.393437 0.14 0.011875 0.018333
0 0.449375 0.190417 0.01 0.014167
0 0.33625 0.095 0.01125 0.016667
0 0.322813 0.51 0.013125 0.018333
0 0.336875 0.5175 0.01 0.013333
0 0.291563 0.742083 0.014375 0.0175
0 0.378125 0.870417 0.01125 0.014167
0 0.433125 0.848333 0.01 0.015
0 0.54 0.891667 0.01375 0.025
0 0.550625 0.90625 0.0125 0.015833
0 0.136875 0.382917 0.0075 0.0125
0 0.243438 0.165 0.010625 0.01
0 0.17875 0.801667 0.015 0.013333
0 0.536875 0.812083 0.00875 0.014167
0 0.539062 0.677917 0.010625 0.015833
0 0.38875 0.5675 0.01125 0.015
0 0.44625 0.414167 0.0125 0.015
0 0.477187 0.4125 0.010625 0.013333
0 0.56 0.391667 0.0125 0.013333
0 0.5975 0.13125 0.01375 0.015833
0 0.688438 0.097917 0.014375 0.019167
0 0.71375 0.08 0.015 0.021667
0 0.695625 0.07875 0.01125 0.014167
0 0.697187 0.045833 0.010625 0.016667
0 0.758125 0.042917 0.01125 0.019167
0 0.736563 0.04875 0.014375 0.0175
0 0.774375 0.281667 0.015 0.016667
0 0.712187 0.55375 0.011875 0.015833
0 0.703438 0.529583 0.011875 0.0175
0 0.49875 0.619167 0.01375 0.015
0 0.395937 0.73 0.011875 0.015
0 0.562187 0.81875 0.013125 0.019167
0 0.594063 0.97 0.010625 0.013333
0 0.779375 0.971667 0.01125 0.015
0 0.817813 0.834167 0.010625 0.015
0 0.683125 0.583333 0.01 0.015
0 0.696562 0.484583 0.010625 0.014167
0 0.764062 0.480833 0.013125 0.013333
0 0.65875 0.2475 0.01 0.013333
0 0.876563 0.472083 0.009375 0.015833
0 0.191562 0.654583 0.013125 0.015833
0 0.89 0.617083 0.0125 0.014167
0 0.639687 0.469583 0.008125 0.010833
0 0.788125 0.403333 0.01 0.011667
0 0.798438 0.334583 0.009375 0.0125
0 0.74625 0.220417 0.01125 0.014167
0 0.842187 0.22125 0.011875 0.015833
0 0.8225 0.154167 0.01 0.011667
0 0.6075 0.069167 0.0125 0.015
0 0.227813 0.577083 0.015625 0.0225
0 0.405625 0.16125 0.01125 0.014167
0 0.934688 0.515417 0.014375 0.020833
0 0.9325 0.404167 0.01375 0.025
0 0.87875 0.2475 0.01125 0.013333
