0 0.888437 0.04125 0.011875 0.014167
0 0.888125 0.028333 0.00875 0.011667
0 0.72375 0.023333 0.01125 0.015
0 0.771875 0.027917 0.01125 0.014167
0 0.82375 0.098333 0.01 0.013333
0 0.87375 0.104167 0.01125 0.016667
0 0.95 0.145417 0.01125 0.015833
0 0.82625 0.194167 0.01125 0.015
0 0.772188 0.22625 0.011875 0.015833
0 0.902188 0.3625 0.010625 0.013333
0 0.903438 0.37375 0.010625 0.0125
0 0.691562 0.169167 0.010625 0.015
0 0.553125 0.09875 0.01125 0.014167
0 0.949063 0.220833 0.011875 0.016667
0 0.962812 0.45625 0.009375 0.014167
0 0.83875 0.459583 0.01125 0.015833
0 0.742812 0.372917 0.009375 0.0125
0 0.76125 0.497917 0.01 0.015833
0 0.704688 0.452917 0.010625 0.014167
0 0.641563 0.400833 0.010625 0.015
0 0.634062 0.371667 0.009375 0.013333
0 0.6375 0.363333 0.00875 0.01
0 0.85 0.628333 0.01 0.015
0 0.840313 0.64125 0.009375 0.014167
0 0.929375 0.790417 0.01 0.014167
0 0.901875 0.786667 0.00875 0.011667
0 0.815937 0.770833 0.011875 0.016667
0 0.809688 0.870833 0.013125 0.018333
0 0.770625 0.93625 0.01 0.014167
0 0.78875 0.98625 0.0125 0.015833
0 0.924687 0.82875 0.010625 0.0125
0 0.993437 0.65625 0.011875 0.014167
0 0.959063 0.640417 0.011875 0.014167
0 0.74375 0.69125 0.01 0.0125
0 0.655312 0.6975 0.011875 0.015
0 0.681875 0.589167 0.01125 0.013333
0 0.741875 0.530417 0.01125 0.014167
0 0.492188 0.109583 0.014375 0.019167
0 0.525312 0.19375 0.011875 0.015833
0 0.625625 0.2525 0.00625 0.008333
0 0.503125 0.425833 0.01125 0.016667
0 0.5325 0.535 0.01125 0.015
0 0.6525 0.56125 0.01125 0.015833
0 0.675625 0.5525 0.00875 0.011667
0 0.642188 0.53125 0.009375 0.0125
0 0.515312 0.652917 0.011875 0.014167
0 0.6775 0.81125 0.0075 0.010833
0 0.595 0.747083 0.01 0.014167
0 0.463125 0.798333 0.00875 0.011667
0 0.544063 0.908333 0.014375 0.02
0 0.400938 0.979583 0.013125 0.014167
0 0.420625 0.970417 0.01125 0.015833
0 0.325 0.985833 0.01125 0.016667
0 0.350938 0.906667 0.010625 0.015
0 0.3025 0.800833 0.00875 0.015
0 0.336562 0.72125 0.010625 0.015833
0 0.266562 0.66 0.009375 0.013333
0 0.233125 0.677083 0.00875 0.010833
0 0.263125 0.55125 0.01125 0.015833
0 0.2525 0.545833 0.01 0.015
0 0.260937 0.535833 0.011875 0.013333
0 0.357187 0.561667 0.010625 0.015
0 0.387188 0.519583 0.010625 0.014167
0 0.374375 0.457083 0.01125 0.0175
0 0.364687 0.355417 0.011875 0.015833
0 0.4 0.302917 0.01 0.014167
0 0.364687 0.2875 0.009375 0.013333
0 0.26375 0.280833 0.01125 0.015
0 0.337187 0.215833 0.010625 0.013333
0 0.315312 0.20125 0.013125 0.015833
0 0.297812 0.21375 0.011875 0.015833
0 0.368125 0.194583 0.00875 0.014167
0 0.372188 0.087083 0.011875 0.015833
0 0.37 0.054167 0.0125 0.015
0 0.397188 0.047917 0.011875 0.014167
0 0.220938 0.7 0.010625 0.011667
0 0.223438 0.686667 0.009375 0.013333
0 0.0775 0.893333 0.01125 0.015
0 0.086875 0.887917 0.00875 0.0125
0 0.07125 0.854583 0.01 0.014167
0 0.144687 0.844167 0.010625 0.015
0 0.058125 0.702083 0.0125 0.0175
0 0.169063 0.666667 0.013125 0.016667
0 0.077188 0.6975 0.013125 0.015
0 0.1225 0.645833 0.01125 0.013333
0 0.1325 0.613333 0.01125 0.013333
0 0.160312 0.529583 0.011875 0.014167
0 0.17625 0.499583 0.01 0.0125
0 0.227813 0.534167 0.009375 0.013333
0 0.215625 0.38 0.01125 0.013333
0 0.142813 0.332917 0.011875 0.014167
0 0.127188 0.244583 0.011875 0.015833
0 0.059375 0.390833 0.01125 0.016667
0 0.037812 0.387917 0.013125 0.015833
0 0.01875 0.379167 0.01125 0.015
0 0.024063 0.339167 0.011875 0.015
0 0.12875 0.212917 0.00875 0.010833
0 0.125312 0.193333 0.011875 0.015
0 0.154688 0.17375 0.010625 0.0175
0 0.067187 0.142083 0.011875 0.015833
0 0.093125 0.034583 0.0125 0.019167
0 0.084062 0.074167 0.009375 0.015
0 0.487812 0.45875 0.006875 0.010833
