0 0.15125 0.0125 0.01 0.011667
0 0.394688 0.11375 0.009375 0.0125
0 0.059062 0.182917 0.010625 0.015833
0 0.056563 0.410417 0.015625 0.019167
0 0.008438 0.53125 0.011875 0.0125
0 0.104375 0.58625 0.0125 0.015833
0 0.127812 0.779583 0.013125 0.015833
0 0.047813 0.829583 0.010625 0.015833
0 0.260625 0.868333 0.01 0.015
0 0.324375 0.980417 0.01125 0.019167
0 0.286875 0.7675 0.0125 0.016667
0 0.225625 0.685833 0.01375 0.011667
0 0.200313 0.5075 0.010625 0.013333
0 0.185312 0.409583 0.008125 0.0125
0 0.162812 0.38625 0.009375 0.014167
0 0.265313 0.03875 0.006875 0.009167
0 0.304375 0.044167 0.0075 0.01
0 0.476562 0.282917 0.013125 0.0175
0 0.220625 0.65125 0.01 0.014167
0 0.192188 0.587083 0.008125 0.0125
0 0.356875 0.984583 0.01 0.010833
0 0.369375 0.977083 0.0075 0.010833
0 0.4125 0.76875 0.01 0.014167
0 0.5425 0.81625 0.01 0.0175
0 0.53625 0.788333 0.01375 0.018333
0 0.472187 0.744167 0.006875 0.011667
0 0.3425 0.260417 0.0125 0.014167
0 0.61 0.1425 0.01375 0.02
0 0.442812 0.569583 0.006875 0.0075
0 0.578438 0.55125 0.009375 0.014167
0 0.645938 0.46125 0.011875 0.014167
0 0.68125 0.0075 0.01 0.013333
0 0.877188 0.26625 0.011875 0.015833
0 0.783438 0.436667 0.011875 0.013333
0 0.742812 0.713333 0.010625 0.013333
0 0.783438 0.897083 0.011875 0.019167
0 0.715625 0.969167 0.01 0.013333
0 0.685 0.98 0.01125 0.015
0 0.756563 0.89125 0.010625 0.014167
0 0.777188 0.76 0.011875 0.011667
0 0.165625 0.657083 0.01 0.014167
0 0.27875 0.558333 0.00875 0.011667
0 0.730938 0.830417 0.009375 0.014167
0 0.436563 0.551667 0.013125 0.015
0 0.543125 0.461667 0.00875 0.013333
