0 0.135937 0.36625 0.014375 0.014167
0 0.174687 0.454167 0.013125 0.016667
0 0.257188 0.477917 0.010625 0.0175
0 0.419687 0.504583 0.011875 0.015833
0 0.205313 0.280417 0.008125 0.010833
0 0.123438 0.278333 0.009375 0.013333
0 0.261562 0.106667 0.010625 0.015
0 0.298125 0.26 0.00875 0.011667
0 0.169687 0.670833 0.009375 0.013333
0 0.143437 0.750417 0.008125 0.010833
0 0.306563 0.855833 0.009375 0.013333
0 0.404687 0.809583 0.011875 0.015833
0 0.355625 0.794583 0.01 0.015833
0 0.1725 0.792083 0.00875 0.010833
0 0.534375 0.951667 0.0075 0.011667
0 0.670937 0.954583 0.011875 0.0175
0 0.711562 0.894167 0.009375 0.013333
0 0.689063 0.8825 0.006875 0.011667
0 0.669063 0.847917 0.010625 0.015833
0 0.640625 0.81375 0.01375 0.0175
0 0.830625 0.8075 0.0125 0.016667
0 0.889687 0.702917 0.009375 0.014167
0 0.823438 0.68375 0.008125 0.010833
0 0.720625 0.544583 0.01 0.0125
0 0.805937 0.25625 0.009375 0.014167
0 0.895 0.182083 0.015 0.0225
0 0.770938 0.200417 0.010625 0.014167
0 0.761563 0.207083 0.006875 0.010833
0 0.714375 0.2475 0.0125 0.016667
0 0.639687 0.274583 0.009375 0.014167
0 0.535937 0.292083 0.010625 0.0125
0 0.5675 0.2625 0.01 0.015
0 0.729375 0.352083 0.00875 0.014167
0 0.770625 0.31125 0.00875 0.014167
0 0.804063 0.325 0.011875 0.015
0 0.77125 0.167917 0.0075 0.0125
0 0.76625 0.109583 0.00875 0.0125
0 0.36625 0.942083 0.01 0.010833
0 0.216875 0.8 0.01 0.015
0 0.404062 0.666667 0.010625 0.013333
0 0.354687 0.600417 0.008125 0.010833
0 0.15875 0.530417 0.01125 0.014167
0 0.346875 0.40625 0.00875 0.0125
0 0.433437 0.393333 0.009375 0.011667
0 0.432188 0.383333 0.009375 0.011667
0 0.524375 0.133333 0.01 0.015
0 0.339375 0.199167 0.01 0.016667
0 0.43375 0.13125 0.01 0.0125
0 0.5325 0.360833 0.01 0.013333
0 0.489375 0.5 0.00875 0.01
0 0.557813 0.565833 0.009375 0.013333
0 0.87125 0.675 0.01 0.013333
0 0.910625 0.5775 0.00875 0.011667
0 0.681875 0.084583 0.01125 0.015833
