0 0.174687 0.21875 0.010625 0.014167
0 0.13 0.237917 0.01 0.014167
0 0.32375 0.0125 0.00875 0.013333
0 0.089375 0.177083 0.00875 0.0125
0 0.00625 0.423333 0.01125 0.016667
0 0.095 0.526667 0.00875 0.01
0 0.231563 0.49125 0.008125 0.0125
0 0.209375 0.701667 0.01125 0.013333
0 0.1075 0.742083 0.01125 0.014167
0 0.3125 0.894167 0.01 0.011667
0 0.207187 0.86125 0.008125 0.0125
0 0.355625 0.883333 0.0075 0.01
0 0.084687 0.961667 0.008125 0.011667
0 0.554063 0.908333 0.008125 0.011667
0 0.631563 0.842083 0.009375 0.015833
0 0.433437 0.882083 0.008125 0.0125
0 0.760938 0.977083 0.009375 0.0125
0 0.831875 0.954167 0.01 0.011667
0 0.846562 0.81 0.009375 0.013333
0 0.970313 0.72875 0.008125 0.0125
0 0.926562 0.70125 0.008125 0.0125
0 0.982812 0.592083 0.008125 0.010833
0 0.562813 0.636667 0.009375 0.013333
0 0.372812 0.614167 0.006875 0.01
0 0.58125 0.212917 0.01125 0.015833
0 0.6 0.200833 0.01125 0.016667
0 0.84625 0.259167 0.01125 0.015
0 0.9 0.100833 0.01 0.015
0 0.767813 0.071667 0.009375 0.013333
0 0.738437 0.12875 0.010625 0.014167
0 0.361563 0.089167 0.006875 0.013333
0 0.37375 0.01625 0.0075 0.010833
0 0.585 0.16 0.0075 0.011667
0 0.980625 0.455833 0.01 0.015
