0 0.030625 0.406667 0.01125 0.016667
0 0.037812 0.512917 0.013125 0.019167
0 0.118125 0.729583 0.01125 0.014167
0 0.135937 0.835417 0.010625 0.015833
0 0.199063 0.911667 0.014375 0.015
0 0.394062 0.802083 0.010625 0.014167
0 0.449062 0.829167 0.009375 0.013333
0 0.3475 0.963333 0.01 0.015
0 0.2825 0.667083 0.01125 0.014167
0 0.141563 0.195417 0.010625 0.014167
0 0.36375 0.179167 0.01125 0.02
0 0.2825 0.107917 0.01125 0.015833
0 0.419375 0.256667 0.01 0.015
0 0.394375 0.22125 0.01125 0.014167
0 0.36125 0.086667 0.0125 0.015
0 0.124688 0.577917 0.010625 0.014167
0 0.135313 0.62125 0.010625 0.014167
0 0.3675 0.88125 0.00875 0.014167
0 0.581875 0.96125 0.01 0.015833
0 0.638125 0.947917 0.01125 0.0175
0 0.685 0.9825 0.01 0.015
0 0.690312 0.8275 0.008125 0.013333
0 0.473438 0.580833 0.009375 0.015
0 0.447188 0.48375 0.011875 0.0175
0 0.330937 0.507083 0.009375 0.0125
0 0.268125 0.420833 0.0075 0.011667
0 0.374063 0.514167 0.009375 0.013333
0 0.375937 0.606667 0.008125 0.011667
0 0.388125 0.688333 0.0075 0.011667
0 0.2225 0.368333 0.0075 0.011667
0 0.688438 0.007083 0.011875 0.0125
0 0.855938 0.407917 0.010625 0.014167
0 0.838437 0.602917 0.009375 0.0125
0 0.920937 0.585417 0.009375 0.0125
0 0.929375 0.657917 0.0075 0.0125
0 0.872188 0.927083 0.006875 0.010833
0 0.503437 0.47375 0.008125 0.010833
0 0.544063 0.324583 0.009375 0.014167
0 0.488125 0.293333 0.0075 0.01
0 0.543438 0.31 0.008125 0.011667
0 0.617812 0.244583 0.011875 0.014167
0 0.200625 0.350417 0.0075 0.010833
0 0.869687 0.185833 0.008125 0.015
