0 0.091563 0.738333 0.016875 0.02
0 0.389688 0.70625 0.013125 0.014167
0 0.134063 0.655 0.009375 0.01
0 0.197813 0.46 0.013125 0.015
0 0.161562 0.257083 0.010625 0.014167
0 0.333125 0.0775 0.0125 0.016667
0 0.42375 0.0125 0.0125 0.016667
0 0.54125 0.067083 0.01375 0.019167
0 0.63125 0.2575 0.01 0.013333
0 0.069375 0.53125 0.01125 0.0175
0 0.385937 0.839583 0.014375 0.015833
0 0.488125 0.7575 0.0125 0.016667
0 0.11625 0.86625 0.01 0.014167
0 0.8 0.861667 0.01 0.015
0 0.495312 0.634167 0.009375 0.011667
0 0.5175 0.462917 0.01 0.015833
0 0.674687 0.31875 0.010625 0.014167
0 0.284062 0.23 0.013125 0.015
0 0.297187 0.221667 0.010625 0.011667
