0 0.027813 0.745 0.011875 0.016667
0 0.160938 0.747083 0.011875 0.015833
0 0.203125 0.784583 0.0075 0.010833
0 0.205 0.899583 0.01125 0.014167
0 0.364375 0.9875 0.01 0.013333
0 0.286875 0.979167 0.01 0.013333
0 0.140313 0.50875 0.011875 0.015833
0 0.214062 0.49 0.010625 0.011667
0 0.219688 0.641667 0.008125 0.011667
0 0.465938 0.625417 0.010625 0.014167
0 0.355938 0.792917 0.009375 0.010833
0 0.182188 0.358333 0.011875 0.015
0 0.238125 0.34375 0.01125 0.015833
0 0.286562 0.379583 0.008125 0.0125
0 0.046562 0.221667 0.009375 0.013333
0 0.290312 0.225417 0.010625 0.0125
0 0.430937 0.450833 0.011875 0.018333
0 0.458437 0.423333 0.010625 0.015
0 0.630313 0.202083 0.008125 0.010833
0 0.617812 0.55125 0.010625 0.014167
0 0.650625 0.569167 0.01125 0.015
0 0.506563 0.720417 0.011875 0.015833
0 0.579688 0.818333 0.011875 0.016667
0 0.604375 0.767083 0.01125 0.014167
0 0.72625 0.773333 0.01375 0.013333
0 0.699375 0.926667 0.01125 0.015
0 0.568125 0.792917 0.00875 0.014167
0 0.872188 0.469167 0.013125 0.018333
0 0.833125 0.452917 0.01125 0.015833
0 0.84125 0.389583 0.01 0.014167
0 0.806562 0.242917 0.013125 0.0175
0 0.749062 0.119167 0.008125 0.011667
0 0.525937 0.051667 0.009375 0.013333
0 0.339062 0.48875 0.009375 0.010833
0 0.858437 0.036667 0.008125 0.011667
0 0.726875 0.046667 0.00875 0.013333
