0 0.215938 0.927917 0.013125 0.019167
0 0.116875 0.9475 0.01125 0.013333
0 0.1325 0.894583 0.0125 0.015833
0 0.079687 0.802917 0.010625 0.014167
0 0.094687 0.704583 0.013125 0.015833
0 0.211562 0.75875 0.011875 0.015833
0 0.2 0.725 0.00875 0.013333
0 0.199375 0.759583 0.0075 0.0125
0 0.050313 0.4725 0.011875 0.016667
0 0.149062 0.4275 0.011875 0.015
0 0.066562 0.314583 0.010625 0.014167
0 0.062812 0.147917 0.009375 0.015833
0 0.140625 0.297917 0.00875 0.0125
0 0.16125 0.225417 0.0125 0.015833
0 0.187812 0.168333 0.010625 0.016667
0 0.175937 0.13 0.010625 0.015
0 0.196875 0.073333 0.01125 0.013333
0 0.210625 0.268333 0.0125 0.015
0 0.219062 0.370833 0.009375 0.015
0 0.201563 0.443333 0.010625 0.015
0 0.211562 0.45125 0.011875 0.014167
0 0.209375 0.476667 0.01 0.015
0 0.32375 0.442917 0.01875 0.019167
0 0.367812 0.772917 0.009375 0.014167
0 0.420312 0.8675 0.011875 0.016667
0 0.55 0.96125 0.0125 0.015833
0 0.465938 0.849583 0.013125 0.0175
0 0.48875 0.777083 0.01 0.014167
0 0.375625 0.66625 0.01125 0.015833
0 0.384375 0.550833 0.015 0.016667
0 0.40125 0.493333 0.01125 0.015
0 0.41375 0.535833 0.01125 0.013333
0 0.284062 0.277917 0.010625 0.0125
0 0.41875 0.40625 0.0125 0.015833
0 0.408125 0.292083 0.01125 0.019167
0 0.404062 0.259583 0.009375 0.015833
0 0.456562 0.1575 0.010625 0.015
0 0.489687 0.1225 0.009375 0.013333
0 0.499375 0.100417 0.01 0.014167
0 0.532813 0.217917 0.009375 0.014167
0 0.544063 0.22 0.008125 0.011667
0 0.336562 0.290833 0.009375 0.011667
0 0.64625 0.994583 0.00875 0.010833
0 0.670312 0.94625 0.010625 0.0175
0 0.644687 0.838333 0.011875 0.016667
0 0.711562 0.888333 0.011875 0.015
0 0.745313 0.9725 0.010625 0.015
0 0.835625 0.905 0.01125 0.016667
0 0.982187 0.84875 0.015625 0.019167
0 0.9125 0.86625 0.01375 0.015833
0 0.754375 0.73 0.01375 0.018333
0 0.710625 0.6825 0.015 0.015
0 0.576875 0.644167 0.01375 0.015
0 0.66125 0.761667 0.01 0.013333
0 0.75625 0.572083 0.01375 0.015833
0 0.72125 0.4825 0.01375 0.02
0 0.556562 0.411667 0.011875 0.016667
0 0.598125 0.341667 0.01125 0.016667
0 0.645312 0.280417 0.019375 0.0175
0 0.608437 0.604167 0.009375 0.013333
0 0.616563 0.645417 0.011875 0.015833
0 0.726875 0.314167 0.01 0.015
0 0.785625 0.818333 0.01125 0.016667
0 0.973125 0.698333 0.015 0.016667
0 0.969063 0.684167 0.013125 0.015
0 0.89375 0.335833 0.0175 0.023333
0 0.905312 0.351667 0.011875 0.015
0 0.814688 0.617917 0.011875 0.015833
0 0.686875 0.69875 0.01 0.0125
0 0.782813 0.288333 0.010625 0.011667
0 0.89 0.252083 0.01125 0.014167
0 0.895312 0.119167 0.010625 0.015
0 0.8525 0.060833 0.0075 0.011667
0 0.26625 0.594167 0.00875 0.015
