0 0.148125 0.970417 0.015 0.019167
0 0.122188 0.767083 0.013125 0.020833
0 0.295312 0.78875 0.011875 0.0175
0 0.191562 0.68125 0.014375 0.0175
0 0.31 0.644583 0.01125 0.014167
0 0.355938 0.73125 0.009375 0.015833
0 0.345938 0.512083 0.010625 0.0175
0 0.3725 0.291667 0.0125 0.016667
0 0.455 0.06125 0.0175 0.0175
0 0.53875 0.37625 0.0125 0.0175
0 0.612187 0.44 0.013125 0.016667
0 0.536563 0.613333 0.010625 0.018333
0 0.587812 0.837083 0.011875 0.015833
0 0.510625 0.905833 0.0125 0.018333
0 0.964375 0.924167 0.0125 0.016667
0 0.7925 0.638333 0.01125 0.015
0 0.62125 0.519167 0.015 0.015
0 0.485938 0.117083 0.013125 0.019167
0 0.699688 0.12375 0.010625 0.014167
