0 0.132812 0.065417 0.011875 0.014167
0 0.240313 0.015833 0.009375 0.013333
0 0.1775 0.20625 0.0125 0.015833
0 0.199687 0.165833 0.014375 0.016667
0 0.275625 0.174167 0.01375 0.018333
0 0.279062 0.105 0.011875 0.016667
0 0.077813 0.382083 0.011875 0.014167
0 0.11375 0.4425 0.01125 0.013333
0 0.03375 0.485833 0.01375 0.016667
0 0.03125 0.632917 0.01375 0.0175
0 0.10125 0.68125 0.015 0.0175
0 0.101562 0.628333 0.013125 0.016667
0 0.148125 0.749583 0.01125 0.014167
0 0.231875 0.67125 0.01125 0.0125
0 0.230625 0.661667 0.01 0.01
0 0.24375 0.616667 0.01125 0.013333
0 0.2225 0.572083 0.01125 0.0175
0 0.176875 0.5925 0.01125 0.016667
0 0.250312 0.6475 0.009375 0.013333
0 0.275938 0.6475 0.009375 0.013333
0 0.2975 0.74875 0.01375 0.015833
0 0.231875 0.555 0.01125 0.015
0 0.07625 0.90375 0.01125 0.014167
0 0.072188 0.812083 0.010625 0.014167
0 0.073438 0.84875 0.009375 0.0125
0 0.133125 0.80375 0.01 0.014167
0 0.12 0.935417 0.01125 0.015833
0 0.111562 0.89375 0.009375 0.0125
0 0.1375 0.892083 0.015 0.015833
0 0.125938 0.852917 0.010625 0.015833
0 0.233437 0.890417 0.009375 0.014167
0 0.227187 0.869167 0.009375 0.015
0 0.242188 0.842083 0.009375 0.014167
0 0.253437 0.865 0.010625 0.013333
0 0.279375 0.852083 0.01 0.0125
0 0.294687 0.84 0.010625 0.015
0 0.35125 0.887917 0.015 0.019167
0 0.3 0.959583 0.01375 0.0175
0 0.370312 0.950833 0.013125 0.016667
0 0.3675 0.798333 0.0125 0.016667
0 0.350313 0.7075 0.013125 0.016667
0 0.279375 0.51 0.01 0.013333
0 0.292187 0.50625 0.010625 0.014167
0 0.335625 0.619583 0.0125 0.015833
0 0.398438 0.556667 0.010625 0.015
0 0.367188 0.325417 0.009375 0.014167
0 0.33625 0.15375 0.01125 0.015833
0 0.29125 0.3425 0.015 0.02
0 0.42625 0.361667 0.01375 0.018333
0 0.434688 0.248333 0.013125 0.016667
0 0.4075 0.202083 0.01125 0.015833
0 0.208125 0.292917 0.01125 0.015833
0 0.401562 0.033333 0.011875 0.016667
0 0.461875 0.079167 0.01125 0.018333
0 0.425625 0.09125 0.0125 0.0175
0 0.453125 0.134167 0.01125 0.016667
0 0.421875 0.330833 0.0125 0.015
0 0.413125 0.42875 0.0125 0.014167
0 0.455625 0.430417 0.01125 0.015833
0 0.503125 0.364583 0.01 0.0175
0 0.510312 0.529167 0.011875 0.016667
0 0.515312 0.503333 0.010625 0.015
0 0.2825 0.452083 0.0125 0.0125
0 0.397813 0.865417 0.009375 0.0125
0 0.460938 0.874583 0.010625 0.015833
0 0.459688 0.961667 0.010625 0.013333
0 0.480938 0.960417 0.010625 0.014167
0 0.421563 0.916667 0.009375 0.011667
0 0.420625 0.687083 0.01 0.015833
0 0.529687 0.63125 0.010625 0.014167
0 0.513125 0.015 0.01125 0.015
0 0.574375 0.1175 0.01 0.016667
0 0.612187 0.0925 0.011875 0.015
0 0.57 0.965417 0.00875 0.010833
0 0.527813 0.821667 0.011875 0.016667
0 0.555312 0.775833 0.010625 0.016667
0 0.565937 0.781667 0.013125 0.018333
0 0.621875 0.840417 0.01 0.0125
0 0.604375 0.942917 0.01125 0.014167
0 0.625938 0.912917 0.010625 0.014167
0 0.678438 0.893333 0.010625 0.013333
0 0.713437 0.979583 0.013125 0.015833
0 0.7725 0.897083 0.0125 0.0225
0 0.689688 0.690417 0.010625 0.015833
0 0.643125 0.601667 0.0125 0.016667
0 0.669375 0.600833 0.01 0.013333
0 0.629687 0.555417 0.010625 0.014167
0 0.70875 0.575833 0.01125 0.015
0 0.719375 0.59125 0.01 0.015833
0 0.697812 0.624167 0.009375 0.011667
0 0.6525 0.523333 0.01125 0.016667
0 0.539062 0.510417 0.009375 0.010833
0 0.256875 0.14375 0.01375 0.015833
0 0.189062 0.833333 0.013125 0.013333
0 0.646563 0.880417 0.015625 0.0175
0 0.799063 0.988333 0.013125 0.016667
0 0.843437 0.979167 0.013125 0.015
0 0.782188 0.90625 0.013125 0.014167
0 0.815 0.9 0.01375 0.016667
0 0.89 0.911667 0.0175 0.025
0 0.959688 0.729167 0.013125 0.016667
0 0.880313 0.664167 0.011875 0.016667
0 0.5925 0.509583 0.01 0.014167
0 0.73625 0.435417 0.01125 0.015833
0 0.81875 0.44875 0.01125 0.015833
0 0.752188 0.43625 0.014375 0.015833
0 0.635625 0.2725 0.01125 0.015
0 0.685937 0.240833 0.009375 0.013333
0 0.729375 0.304583 0.0125 0.0175
0 0.603437 0.185 0.013125 0.015
0 0.644062 0.135833 0.016875 0.02
0 0.619687 0.100833 0.013125 0.02
0 0.672813 0.064167 0.013125 0.016667
0 0.699688 0.059583 0.011875 0.015833
0 0.689063 0.05375 0.011875 0.0125
0 0.616875 0.006667 0.01375 0.011667
0 0.789375 0.015833 0.01125 0.015
0 0.709688 0.140417 0.010625 0.015833
0 0.905625 0.177917 0.01125 0.0175
0 0.823125 0.316667 0.0125 0.016667
0 0.920937 0.29625 0.011875 0.0175
0 0.939688 0.575417 0.009375 0.015833
0 0.806562 0.733333 0.014375 0.018333
0 0.710938 0.6525 0.010625 0.013333
0 0.58 0.289167 0.01125 0.015
