0 0.085938 0.754167 0.014375 0.018333
0 0.135 0.787917 0.01375 0.0175
0 0.15875 0.7925 0.01625 0.018333
0 0.122188 0.932083 0.015625 0.0175
0 0.2 0.897083 0.01125 0.0175
0 0.205 0.93125 0.0125 0.015833
0 0.212812 0.977917 0.011875 0.014167
0 0.280625 0.865417 0.015 0.019167
0 0.321562 0.96125 0.013125 0.0175
0 0.349375 0.88125 0.01875 0.0225
0 0.401562 0.942083 0.013125 0.0175
0 0.389375 0.991667 0.0125 0.016667
0 0.440937 0.980417 0.016875 0.019167
0 0.035625 0.5025 0.01375 0.016667
0 0.0975 0.502083 0.01125 0.014167
0 0.101562 0.514167 0.011875 0.013333
0 0.006875 0.502083 0.0125 0.0175
0 0.005625 0.445417 0.01 0.015833
0 0.010937 0.418333 0.013125 0.016667
0 0.01375 0.355417 0.01 0.014167
0 0.161562 0.724167 0.011875 0.015
0 0.259688 0.783333 0.013125 0.016667
0 0.254688 0.710833 0.013125 0.018333
0 0.242812 0.622083 0.013125 0.019167
0 0.123125 0.524583 0.01125 0.015833
0 0.109063 0.394583 0.011875 0.015833
0 0.135 0.335 0.01375 0.016667
0 0.050937 0.399583 0.011875 0.0125
0 0.178125 0.450417 0.01375 0.0175
0 0.184688 0.415417 0.009375 0.0125
0 0.26125 0.435 0.00875 0.013333
0 0.232187 0.480833 0.011875 0.015
0 0.179063 0.365833 0.011875 0.013333
0 0.168437 0.322083 0.009375 0.010833
0 0.191875 0.319167 0.0125 0.016667
0 0.125938 0.272917 0.010625 0.0125
0 0.12875 0.238333 0.00875 0.013333
0 0.1825 0.285417 0.0125 0.015833
0 0.177813 0.277917 0.009375 0.010833
0 0.18625 0.229167 0.01 0.013333
0 0.157812 0.112083 0.016875 0.019167
0 0.154375 0.053333 0.01375 0.016667
0 0.233437 0.020833 0.010625 0.015
0 0.2975 0.045833 0.01125 0.015
0 0.285625 0.098333 0.01375 0.018333
0 0.205625 0.18 0.01125 0.015
0 0.2875 0.321667 0.01 0.015
0 0.281875 0.298333 0.01125 0.013333
0 0.299375 0.27625 0.01 0.014167
0 0.309688 0.29625 0.010625 0.014167
0 0.338125 0.283333 0.01375 0.018333
0 0.352187 0.27125 0.011875 0.0175
0 0.353125 0.433333 0.01375 0.018333
0 0.273438 0.544167 0.010625 0.013333
0 0.268125 0.54875 0.01 0.015833
0 0.307812 0.574167 0.013125 0.015
0 0.333437 0.6975 0.010625 0.013333
0 0.368437 0.750833 0.011875 0.015
0 0.415312 0.787917 0.011875 0.019167
0 0.425 0.795417 0.0125 0.015833
0 0.385313 0.88375 0.011875 0.014167
0 0.45375 0.953333 0.00875 0.013333
0 0.50375 0.927083 0.0125 0.0175
0 0.538438 0.89375 0.010625 0.014167
0 0.5125 0.785417 0.0125 0.019167
0 0.467813 0.628333 0.011875 0.015
0 0.483438 0.599583 0.011875 0.015833
0 0.395313 0.46125 0.010625 0.014167
0 0.384688 0.445417 0.013125 0.015833
0 0.24625 0.264167 0.0125 0.015
0 0.425 0.234167 0.0125 0.015
0 0.404375 0.143333 0.01375 0.018333
0 0.470313 0.342917 0.011875 0.0125
0 0.511875 0.39125 0.01125 0.014167
0 0.535625 0.395 0.01125 0.015
0 0.514687 0.310833 0.011875 0.016667
0 0.406875 0.322083 0.01625 0.020833
0 0.356875 0.394583 0.015 0.019167
0 0.254688 0.513333 0.011875 0.013333
0 0.395625 0.61 0.01375 0.016667
0 0.447813 0.559583 0.011875 0.015833
0 0.45375 0.522083 0.0125 0.0175
0 0.461875 0.505417 0.0125 0.014167
0 0.331875 0.078333 0.0125 0.016667
0 0.3925 0.0525 0.01125 0.015
0 0.584063 0.258333 0.011875 0.016667
0 0.60875 0.21 0.0125 0.016667
0 0.559063 0.4925 0.013125 0.016667
0 0.58375 0.470833 0.015 0.018333
0 0.538438 0.581667 0.014375 0.016667
0 0.552188 0.585417 0.013125 0.015833
0 0.5 0.617083 0.01 0.014167
0 0.56375 0.75625 0.01125 0.014167
0 0.630938 0.759167 0.011875 0.015
0 0.605 0.792083 0.0125 0.015833
0 0.588125 0.910833 0.0125 0.015
0 0.613437 0.893333 0.013125 0.015
0 0.674063 0.955 0.015625 0.016667
0 0.711875 0.9 0.01375 0.018333
0 0.655312 0.889583 0.013125 0.019167
0 0.73625 0.7475 0.01 0.015
0 0.318125 0.787083 0.015 0.0175
0 0.428438 0.385 0.009375 0.015
0 0.584063 0.061667 0.013125 0.016667
0 0.697812 0.035417 0.013125 0.014167
0 0.767813 0.012083 0.010625 0.014167
0 0.666875 0.23875 0.01 0.0125
0 0.622812 0.401667 0.010625 0.013333
0 0.655937 0.375833 0.011875 0.016667
0 0.698438 0.315 0.014375 0.018333
0 0.679688 0.34625 0.010625 0.0175
0 0.60625 0.5225 0.015 0.023333
0 0.619687 0.472917 0.009375 0.015833
0 0.705937 0.439583 0.011875 0.015833
0 0.76875 0.41625 0.015 0.019167
0 0.774375 0.444167 0.01125 0.018333
0 0.753125 0.462083 0.01125 0.015833
0 0.783125 0.668333 0.0125 0.016667
0 0.816875 0.82125 0.0125 0.014167
0 0.872812 0.946667 0.013125 0.015
0 0.864375 0.934583 0.0125 0.0175
0 0.895625 0.889583 0.01 0.0125
0 0.831875 0.6675 0.0125 0.015
0 0.821875 0.460833 0.01125 0.013333
0 0.828438 0.334583 0.011875 0.0225
0 0.838437 0.340417 0.009375 0.019167
0 0.854688 0.424583 0.013125 0.015833
0 0.744687 0.124167 0.010625 0.015
0 0.727812 0.033333 0.011875 0.013333
0 0.862812 0.162917 0.013125 0.014167
0 0.938125 0.09875 0.01125 0.014167
0 0.35375 0.184167 0.01375 0.016667
0 0.471562 0.122083 0.013125 0.014167
0 0.233437 0.319167 0.010625 0.013333
0 0.057188 0.878333 0.011875 0.015
0 0.4325 0.7675 0.0125 0.015
0 0.660937 0.665 0.011875 0.015
0 0.557187 0.784583 0.014375 0.0175
0 0.852812 0.499167 0.008125 0.011667
0 0.876563 0.435417 0.014375 0.015833
0 0.892188 0.4125 0.014375 0.015
0 0.946562 0.34625 0.015625 0.019167
0 0.73125 0.327083 0.00875 0.0125
0 0.559688 0.979167 0.011875 0.016667
0 0.658125 0.80375 0.01375 0.0175
