0 0.118438 0.209167 0.011875 0.016667
0 0.263437 0.0275 0.011875 0.016667
0 0.280938 0.0425 0.009375 0.013333
0 0.305 0.090833 0.00875 0.013333
0 0.3225 0.10625 0.01125 0.015833
0 0.247812 0.121667 0.008125 0.013333
0 0.35625 0.145 0.00875 0.015
0 0.1775 0.496667 0.00875 0.015
0 0.085625 0.310417 0.01 0.014167
0 0.196563 0.23 0.008125 0.013333
0 0.355938 0.21125 0.009375 0.014167
0 0.30875 0.237083 0.00875 0.0125
0 0.286875 0.265417 0.00875 0.015833
0 0.337187 0.260833 0.009375 0.011667
0 0.309063 0.324583 0.010625 0.014167
0 0.276562 0.397917 0.010625 0.014167
0 0.158125 0.483333 0.01125 0.016667
0 0.27 0.5375 0.01125 0.013333
0 0.36375 0.46625 0.01125 0.0175
0 0.363438 0.486667 0.010625 0.011667
0 0.292812 0.57125 0.009375 0.010833
0 0.23375 0.48625 0.01 0.0125
0 0.030312 0.739583 0.011875 0.015833
0 0.040313 0.748333 0.009375 0.013333
0 0.114375 0.684167 0.01125 0.015
0 0.032813 0.65 0.009375 0.013333
0 0.179375 0.790833 0.01 0.016667
0 0.179063 0.837083 0.011875 0.015833
0 0.0975 0.869583 0.01125 0.014167
0 0.222812 0.856667 0.011875 0.016667
0 0.176563 0.9075 0.013125 0.015
0 0.253437 0.93875 0.010625 0.014167
0 0.305937 0.791667 0.010625 0.015
0 0.344062 0.609167 0.010625 0.015
0 0.405625 0.134583 0.00875 0.0125
0 0.486563 0.20125 0.009375 0.014167
0 0.495937 0.23 0.008125 0.011667
0 0.485312 0.324583 0.010625 0.014167
0 0.478438 0.480833 0.008125 0.011667
0 0.484687 0.465 0.009375 0.011667
0 0.473125 0.453333 0.00875 0.015
0 0.459688 0.45 0.009375 0.011667
0 0.474375 0.435 0.00875 0.011667
0 0.530625 0.433333 0.00875 0.013333
0 0.506563 0.534167 0.010625 0.016667
0 0.584688 0.579167 0.010625 0.015
0 0.412813 0.794167 0.011875 0.013333
0 0.459062 0.9375 0.009375 0.015
0 0.58125 0.950417 0.01 0.0125
0 0.590625 0.859167 0.01125 0.016667
0 0.54375 0.814583 0.01 0.0125
0 0.462187 0.679583 0.008125 0.0125
0 0.610625 0.141667 0.01 0.015
0 0.604062 0.147083 0.008125 0.0125
0 0.594063 0.226667 0.009375 0.013333
0 0.609062 0.530417 0.008125 0.014167
0 0.653125 0.672083 0.00625 0.010833
0 0.687187 0.994167 0.009375 0.011667
0 0.853437 0.89125 0.013125 0.015833
0 0.8 0.87375 0.01125 0.0175
0 0.735 0.88625 0.01 0.010833
0 0.904062 0.70625 0.010625 0.015833
0 0.716875 0.7025 0.01375 0.018333
0 0.749687 0.672917 0.010625 0.014167
0 0.656563 0.519167 0.014375 0.016667
0 0.765312 0.465 0.010625 0.013333
0 0.853437 0.373333 0.010625 0.016667
0 0.819688 0.31875 0.010625 0.015833
0 0.79625 0.175 0.01 0.015
0 0.734062 0.121667 0.009375 0.015
0 0.74625 0.614167 0.00875 0.013333
