0 0.039688 0.957917 0.013125 0.0175
0 0.054375 0.956667 0.01 0.016667
0 0.064375 0.965417 0.00875 0.010833
0 0.079375 0.79375 0.0175 0.015833
0 0.118125 0.794167 0.01 0.015
0 0.1275 0.797083 0.00875 0.010833
0 0.150625 0.800417 0.01125 0.0175
0 0.22375 0.855 0.01125 0.013333
0 0.225625 0.838333 0.00875 0.015
0 0.217812 0.83875 0.008125 0.015833
0 0.232187 0.83375 0.009375 0.0125
0 0.026562 0.81 0.011875 0.016667
0 0.115937 0.767917 0.010625 0.015833
0 0.135625 0.728333 0.01 0.013333
0 0.079375 0.74875 0.0125 0.014167
0 0.078125 0.708333 0.01125 0.015
0 0.04625 0.69125 0.01125 0.0175
0 0.010313 0.668333 0.011875 0.016667
0 0.117813 0.654167 0.013125 0.016667
0 0.049063 0.571667 0.011875 0.02
0 0.065312 0.53875 0.011875 0.015833
0 0.065312 0.492917 0.010625 0.014167
0 0.045625 0.48 0.01125 0.013333
0 0.039688 0.4575 0.013125 0.016667
0 0.069062 0.467083 0.014375 0.015833
0 0.112187 0.46125 0.009375 0.019167
0 0.10375 0.45 0.00875 0.011667
0 0.087813 0.368333 0.010625 0.013333
0 0.080937 0.354167 0.010625 0.011667
0 0.110312 0.34625 0.009375 0.009167
0 0.14 0.314167 0.00875 0.015
0 0.129375 0.30625 0.01125 0.015833
0 0.11625 0.300833 0.01 0.011667
0 0.119375 0.25875 0.01125 0.014167
0 0.125938 0.222083 0.010625 0.0125
0 0.135 0.1075 0.00875 0.011667
0 0.200625 0.077083 0.01125 0.014167
0 0.25625 0.08125 0.01375 0.0175
0 0.215 0.022917 0.01 0.014167
0 0.131562 0.597083 0.016875 0.020833
0 0.099687 0.965 0.015625 0.018333
0 0.278438 0.964167 0.016875 0.018333
0 0.1725 0.934167 0.00875 0.015
0 0.310937 0.96375 0.009375 0.014167
0 0.284375 0.929583 0.01 0.014167
0 0.368437 0.975833 0.009375 0.015
0 0.444375 0.945 0.01125 0.018333
0 0.205937 0.747083 0.010625 0.0175
0 0.245 0.769167 0.01125 0.016667
0 0.2625 0.745833 0.0125 0.02
0 0.2075 0.707083 0.01 0.014167
0 0.289375 0.617917 0.00875 0.014167
0 0.314688 0.627083 0.009375 0.014167
0 0.318437 0.512917 0.011875 0.014167
0 0.304063 0.53625 0.010625 0.010833
0 0.287187 0.502083 0.010625 0.0175
0 0.287187 0.4275 0.011875 0.016667
0 0.294687 0.40125 0.010625 0.015833
0 0.182812 0.285833 0.010625 0.015
0 0.165 0.243333 0.0125 0.016667
0 0.171563 0.197083 0.010625 0.014167
0 0.189062 0.098333 0.014375 0.018333
0 0.163438 0.0825 0.011875 0.015
0 0.27625 0.24625 0.0125 0.0175
0 0.247812 0.28625 0.011875 0.014167
0 0.221875 0.2975 0.01 0.015
0 0.285625 0.3025 0.01125 0.011667
0 0.330313 0.281667 0.011875 0.016667
0 0.340313 0.292917 0.010625 0.014167
0 0.245625 0.668333 0.015 0.02
0 0.314375 0.755417 0.0125 0.0175
0 0.345938 0.759583 0.011875 0.0175
0 0.325313 0.775417 0.016875 0.014167
0 0.357187 0.817917 0.014375 0.0175
0 0.400938 0.820417 0.014375 0.020833
0 0.380937 0.721667 0.010625 0.013333
0 0.385625 0.714167 0.01 0.015
0 0.392188 0.71 0.008125 0.013333
0 0.424063 0.72 0.014375 0.02
0 0.396875 0.7775 0.01125 0.015
0 0.441875 0.842917 0.01125 0.0175
0 0.458437 0.826667 0.010625 0.016667
0 0.45625 0.693333 0.0125 0.02
0 0.3775 0.58625 0.01 0.015833
0 0.402187 0.575 0.011875 0.016667
0 0.394688 0.555833 0.010625 0.015
0 0.431875 0.5775 0.01125 0.013333
0 0.412187 0.599167 0.011875 0.015
0 0.471562 0.588333 0.013125 0.016667
0 0.391875 0.36875 0.01375 0.015833
0 0.366563 0.1625 0.011875 0.018333
0 0.448125 0.187083 0.01125 0.014167
0 0.433125 0.096667 0.01 0.013333
0 0.474062 0.2325 0.010625 0.015
0 0.504687 0.812917 0.013125 0.015833
0 0.488438 0.672083 0.009375 0.0175
0 0.5475 0.697917 0.0125 0.015833
0 0.584063 0.727917 0.013125 0.015833
0 0.568125 0.8125 0.0125 0.016667
0 0.535 0.839583 0.01625 0.014167
0 0.605625 0.7575 0.00875 0.013333
0 0.615938 0.7975 0.011875 0.016667
0 0.679063 0.885 0.011875 0.02
0 0.679375 0.900833 0.01375 0.015
0 0.616563 0.914167 0.009375 0.013333
0 0.680312 0.844583 0.010625 0.014167
0 0.651563 0.809583 0.013125 0.019167
0 0.7275 0.940833 0.0125 0.02
0 0.748437 0.931667 0.010625 0.013333
0 0.897813 0.899167 0.011875 0.018333
0 0.884062 0.84625 0.009375 0.015833
0 0.85 0.777083 0.015 0.0175
0 0.943438 0.790833 0.011875 0.018333
0 0.775937 0.832083 0.014375 0.0125
0 0.81625 0.755417 0.01125 0.015833
0 0.72375 0.7175 0.0125 0.015
0 0.668438 0.68125 0.011875 0.0175
0 0.663125 0.605833 0.01 0.013333
0 0.423438 0.464583 0.010625 0.014167
0 0.442188 0.5075 0.010625 0.016667
0 0.504062 0.5225 0.013125 0.013333
0 0.544063 0.585417 0.010625 0.015833
0 0.58 0.62875 0.0125 0.014167
0 0.494063 0.5925 0.010625 0.015
0 0.596562 0.595417 0.013125 0.014167
0 0.644062 0.574167 0.009375 0.013333
0 0.653125 0.54875 0.0125 0.015833
0 0.620625 0.51875 0.0125 0.015833
0 0.621875 0.427083 0.01125 0.015833
0 0.616875 0.440833 0.01375 0.015
0 0.51125 0.50375 0.0125 0.0175
0 0.545 0.5525 0.01125 0.013333
0 0.547188 0.3775 0.009375 0.013333
0 0.569688 0.36125 0.013125 0.015833
0 0.500625 0.352917 0.01 0.014167
0 0.5875 0.264167 0.01125 0.016667
0 0.558125 0.200417 0.0125 0.0175
0 0.521563 0.052917 0.016875 0.019167
0 0.6675 0.0375 0.01 0.016667
0 0.609688 0.104167 0.013125 0.016667
0 0.576875 0.105 0.01125 0.02
0 0.629375 0.316667 0.01375 0.02
0 0.664062 0.752917 0.011875 0.015833
0 0.784062 0.6675 0.009375 0.015
0 0.72375 0.500833 0.01 0.011667
0 0.734688 0.294583 0.010625 0.015833
0 0.695625 0.131667 0.01375 0.016667
0 0.760312 0.009167 0.013125 0.016667
0 0.779687 0.12 0.016875 0.02
0 0.80625 0.1625 0.01375 0.016667
0 0.831562 0.039167 0.014375 0.016667
0 0.854688 0.01 0.014375 0.018333
0 0.81875 0.580833 0.015 0.018333
0 0.84875 0.585 0.0125 0.016667
0 0.90375 0.555417 0.015 0.019167
0 0.93875 0.600417 0.01125 0.015833
0 0.954375 0.66375 0.01375 0.019167
0 0.792813 0.555 0.013125 0.026667
0 0.873437 0.52375 0.011875 0.015833
0 0.878437 0.4825 0.014375 0.018333
0 0.819375 0.398333 0.01125 0.016667
0 0.810312 0.353333 0.009375 0.013333
0 0.806875 0.337917 0.0125 0.020833
0 0.855938 0.282917 0.011875 0.0175
0 0.811875 0.269583 0.01375 0.019167
0 0.854062 0.121667 0.015625 0.021667
0 0.939375 0.184167 0.01125 0.015
0 0.496875 0.123333 0.0125 0.018333
0 0.540625 0.310833 0.01125 0.016667
0 0.444375 0.44 0.01375 0.021667
0 0.515625 0.429167 0.0125 0.016667
0 0.46625 0.611667 0.01125 0.016667
0 0.505625 0.542917 0.0125 0.014167
0 0.539687 0.889583 0.011875 0.020833
0 0.580625 0.918333 0.01125 0.015
0 0.515938 0.984583 0.013125 0.0125
