0 0.807187 0.98625 0.025625 0.0275
0 0.718125 0.745 0.05375 0.071667
0 0.245938 0.442917 0.033125 0.0675
0 0.889062 0.648333 0.061875 0.07
0 0.187812 0.090833 0.043125 0.055
0 0.017188 0.51625 0.033125 0.064167
0 0.325 0.68875 0.04375 0.060833
0 0.784687 0.975417 0.035625 0.049167
0 0.975625 0.25625 0.0375 0.054167
0 0.765625 0.224167 0.03875 0.073333
0 0.32125 0.034583 0.035 0.050833
0 0.296563 0.709167 0.044375 0.068333
0 0.012188 0.12375 0.023125 0.054167
0 0.9675 0.300417 0.0325 0.055833
0 0.704688 0.855 0.040625 0.066667
0 0.977187 0.63375 0.039375 0.070833
0 0.860938 0.885 0.041875 0.06
0 0.211875 0.300833 0.03375 0.053333
0 0.864688 0.595 0.034375 0.055
0 0.953125 0.19375 0.0425 0.0725
0 0.11375 0.815833 0.035 0.055
0 0.528125 0.801667 0.03625 0.051667
0 0.515312 0.975417 0.038125 0.049167
0 0.322188 0.496667 0.041875 0.066667
0 0.905937 0.051667 0.050625 0.066667
0 0.209687 0.452083 0.046875 0.075833
0 0.635312 0.6075 0.039375 0.056667
0 0.920312 0.894167 0.035625 0.053333
0 0.176875 0.565 0.0375 0.053333
0 0.029063 0.397917 0.044375 0.060833
0 0.835 0.53875 0.04 0.0575
0 0.669063 0.31625 0.040625 0.060833
0 0.932813 0.309583 0.040625 0.0625
0 0.600625 0.410833 0.04 0.058333
0 0.85 0.9575 0.04375 0.063333
0 0.607187 0.930417 0.040625 0.059167
0 0.655625 0.674167 0.03875 0.061667
0 0.8925 0.8225 0.0475 0.07
0 0.803438 0.439583 0.055625 0.079167
0 0.944688 0.060833 0.031875 0.05
0 0.971875 0.52375 0.03875 0.064167
