0 0.585 0.077083 0.05625 0.0825
0 0.912813 0.185417 0.061875 0.095833
0 0.578438 0.23625 0.060625 0.089167
0 0.778438 0.365417 0.046875 0.065833
0 0.758437 0.4375 0.044375 0.06
0 0.634687 0.40875 0.043125 0.059167
0 0.696562 0.501667 0.039375 0.05
0 0.6975 0.430833 0.07 0.101667
0 0.835 0.577917 0.04625 0.0775
0 0.741563 0.64 0.049375 0.075
0 0.704688 0.637083 0.039375 0.059167
0 0.691562 0.70625 0.058125 0.070833
0 0.61 0.694167 0.05875 0.081667
0 0.5175 0.725 0.05125 0.07
0 0.6875 0.94125 0.06 0.0825
0 0.559375 0.8725 0.06875 0.098333
0 0.440312 0.72625 0.074375 0.099167
0 0.522813 0.607083 0.035625 0.0575
0 0.413125 0.6075 0.04 0.05
0 0.38 0.514167 0.03875 0.065
0 0.104375 0.935833 0.06875 0.085
0 0.155938 0.71125 0.060625 0.0825
0 0.248438 0.642917 0.039375 0.054167
0 0.058438 0.542083 0.084375 0.074167
0 0.364063 0.342917 0.071875 0.079167
0 0.37125 0.271667 0.065 0.086667
0 0.46125 0.338333 0.04875 0.063333
0 0.455313 0.286667 0.036875 0.04
0 0.296563 0.219167 0.060625 0.076667
0 0.520938 0.322917 0.060625 0.080833
0 0.74625 0.02125 0.04875 0.040833
0 0.47875 0.192917 0.05625 0.090833
0 0.31375 0.11625 0.0375 0.054167
0 0.185 0.09625 0.0475 0.055833
0 0.162812 0.043333 0.038125 0.053333
0 0.897188 0.665833 0.029375 0.04
