0 0.197187 0.242917 0.101875 0.1525
0 0.186875 0.352917 0.05 0.075833
0 0.169375 0.444167 0.05625 0.086667
0 0.059687 0.62125 0.068125 0.110833
0 0.03125 0.70375 0.05125 0.0775
0 0.031875 0.827917 0.0625 0.104167
0 0.115625 0.747083 0.03875 0.080833
0 0.136563 0.6975 0.059375 0.111667
0 0.27375 0.620833 0.05375 0.076667
0 0.300938 0.76375 0.065625 0.099167
0 0.293438 0.897917 0.051875 0.0975
0 0.438125 0.945833 0.05875 0.093333
0 0.394688 0.929583 0.058125 0.104167
0 0.409687 0.87375 0.039375 0.0825
0 0.418125 0.635833 0.05625 0.093333
0 0.444688 0.55875 0.050625 0.0725
0 0.410313 0.4825 0.063125 0.115
0 0.449375 0.44625 0.0625 0.119167
0 0.4975 0.451667 0.06625 0.088333
0 0.493125 0.37875 0.07 0.084167
0 0.296563 0.133333 0.051875 0.088333
0 0.269062 0.0275 0.064375 0.053333
0 0.474687 0.089167 0.054375 0.115
0 0.595938 0.041667 0.069375 0.081667
0 0.743437 0.037083 0.049375 0.0725
0 0.7275 0.110417 0.0625 0.069167
0 0.724688 0.172917 0.061875 0.080833
0 0.636563 0.272083 0.063125 0.090833
0 0.686875 0.224167 0.0525 0.083333
0 0.529375 0.628333 0.07 0.1
0 0.591875 0.661667 0.0575 0.086667
0 0.593125 0.8275 0.0575 0.1
0 0.633125 0.769167 0.05625 0.103333
0 0.669063 0.822917 0.063125 0.0925
0 0.703125 0.876667 0.06625 0.111667
0 0.769062 0.886667 0.054375 0.091667
0 0.770312 0.959167 0.056875 0.08
0 0.839063 0.889167 0.065625 0.106667
0 0.844375 0.748333 0.06375 0.12
0 0.743437 0.642083 0.073125 0.104167
0 0.694063 0.476667 0.059375 0.105
0 0.795625 0.408333 0.06 0.101667
0 0.89 0.208333 0.0525 0.088333
0 0.954375 0.274167 0.05 0.083333
0 0.975625 0.234583 0.04875 0.090833
0 0.96625 0.344583 0.06375 0.085833
0 0.890938 0.46 0.053125 0.086667
0 0.953125 0.4925 0.07 0.115
0 0.949688 0.674167 0.041875 0.065
0 0.9625 0.72625 0.06625 0.0925
0 0.65125 0.96625 0.0575 0.064167
