0 0.979688 0.08625 0.026875 0.0425
0 0.563438 0.090833 0.031875 0.036667
0 0.36625 0.164583 0.03125 0.045833
0 0.423438 0.342917 0.030625 0.039167
0 0.559688 0.367083 0.026875 0.0375
0 0.48875 0.36875 0.0325 0.040833
0 0.930937 0.65 0.035625 0.043333
0 0.71375 0.495833 0.03375 0.046667
0 0.592812 0.570833 0.028125 0.04
0 0.817813 0.699583 0.033125 0.039167
0 0.104375 0.830833 0.0325 0.046667
0 0.346562 0.715417 0.036875 0.049167
0 0.388125 0.656667 0.0375 0.045
0 0.260313 0.606667 0.025625 0.035
0 0.17625 0.469583 0.02875 0.0375
0 0.204063 0.43125 0.028125 0.044167
0 0.267813 0.046667 0.030625 0.041667
0 0.184375 0.018333 0.03375 0.035
0 0.428438 0.795833 0.034375 0.043333
