0 0.918125 0.9375 0.03875 0.043333
0 0.91625 0.88 0.03625 0.046667
0 0.958438 0.809583 0.028125 0.044167
0 0.945312 0.649167 0.034375 0.048333
0 0.752812 0.704583 0.033125 0.049167
0 0.754375 0.756667 0.03375 0.05
0 0.806562 0.069583 0.031875 0.045833
0 0.71625 0.284583 0.0325 0.045833
0 0.588125 0.342917 0.03875 0.049167
0 0.4375 0.534583 0.0475 0.0675
0 0.404062 0.539583 0.028125 0.049167
0 0.332188 0.69125 0.038125 0.050833
0 0.26125 0.59 0.03875 0.051667
0 0.261562 0.01375 0.036875 0.025833
0 0.030937 0.1 0.038125 0.045
0 0.094062 0.16875 0.025625 0.035833
0 0.079062 0.180833 0.033125 0.036667
0 0.126562 0.21875 0.031875 0.0325
0 0.074688 0.223333 0.029375 0.038333
0 0.040313 0.255417 0.034375 0.040833
0 0.015312 0.338333 0.029375 0.058333
0 0.208125 0.47 0.0375 0.065
0 0.087188 0.5525 0.029375 0.035
0 0.175313 0.569167 0.039375 0.06
0 0.155625 0.6075 0.03625 0.046667
0 0.194062 0.734167 0.035625 0.05
0 0.274375 0.821667 0.0375 0.055
0 0.034688 0.78875 0.033125 0.0425
0 0.024688 0.865417 0.045625 0.0525
0 0.292812 0.9375 0.031875 0.045
0 0.329062 0.98875 0.035625 0.0225
0 0.129062 0.9725 0.038125 0.055
0 0.695312 0.830417 0.028125 0.0425
