0 0.732812 0.02375 0.031875 0.0425
0 0.982812 0.079167 0.034375 0.058333
0 0.939375 0.118333 0.04 0.055
0 0.8525 0.096667 0.03625 0.05
0 0.8175 0.07375 0.03625 0.049167
0 0.823125 0.21 0.0375 0.058333
0 0.98 0.26375 0.04 0.0575
0 0.97 0.35375 0.0375 0.059167
0 0.669063 0.202083 0.041875 0.059167
0 0.69375 0.287917 0.03875 0.0575
0 0.677188 0.427917 0.034375 0.054167
0 0.73 0.415 0.03375 0.036667
0 0.735625 0.445 0.03125 0.031667
0 0.727812 0.48125 0.039375 0.0425
0 0.772813 0.49875 0.040625 0.0625
0 0.705 0.505 0.035 0.046667
0 0.677188 0.52 0.040625 0.063333
0 0.697812 0.560417 0.045625 0.060833
0 0.726875 0.58 0.0375 0.048333
0 0.729375 0.651667 0.03125 0.048333
0 0.621875 0.58625 0.03875 0.054167
0 0.70625 0.7125 0.04375 0.065
0 0.98875 0.535417 0.0225 0.0475
0 0.904687 0.70625 0.034375 0.050833
0 0.88 0.80875 0.0425 0.0575
0 0.881563 0.859167 0.043125 0.046667
0 0.877188 0.90875 0.045625 0.055833
0 0.790937 0.85 0.039375 0.056667
0 0.654375 0.78375 0.03875 0.055833
0 0.622188 0.859583 0.045625 0.0725
0 0.56 0.192083 0.03375 0.0475
0 0.364063 0.215 0.041875 0.061667
0 0.26375 0.11375 0.03875 0.050833
0 0.425312 0.3775 0.040625 0.053333
0 0.44 0.406667 0.0425 0.035
0 0.399375 0.402917 0.035 0.044167
0 0.36625 0.40625 0.04375 0.040833
0 0.371563 0.452917 0.040625 0.049167
0 0.32875 0.344583 0.0425 0.064167
0 0.280938 0.332917 0.043125 0.055833
0 0.203437 0.288333 0.045625 0.065
0 0.40375 0.512083 0.04 0.054167
0 0.433437 0.545417 0.036875 0.050833
0 0.490625 0.6825 0.045 0.063333
0 0.533438 0.746667 0.048125 0.065
0 0.343438 0.758333 0.033125 0.055
0 0.216875 0.920417 0.03625 0.054167
0 0.31125 0.970417 0.04625 0.050833
