0 0.76 0.13125 0.03875 0.0525
0 0.78625 0.188333 0.03 0.04
0 0.740938 0.225833 0.031875 0.046667
0 0.715938 0.189167 0.041875 0.063333
0 0.85875 0.141667 0.03125 0.041667
0 0.9125 0.06125 0.02875 0.0475
0 0.937187 0.071667 0.031875 0.036667
0 0.945937 0.110417 0.031875 0.045833
0 0.899687 0.134167 0.039375 0.06
0 0.929063 0.184167 0.034375 0.045
0 0.975625 0.192083 0.0375 0.0475
0 0.663438 0.279167 0.031875 0.045
0 0.99125 0.062917 0.0175 0.039167
0 0.62375 0.374167 0.02625 0.04
0 0.613437 0.41 0.046875 0.05
0 0.591875 0.462083 0.04125 0.055833
0 0.62125 0.477917 0.03375 0.044167
0 0.810937 0.4525 0.039375 0.068333
0 0.774687 0.514167 0.040625 0.058333
0 0.905625 0.5075 0.0325 0.045
0 0.958125 0.508333 0.0425 0.058333
0 0.572812 0.065 0.043125 0.051667
0 0.611875 0.03625 0.02625 0.059167
0 0.583125 0.03375 0.0325 0.0375
0 0.565312 0.020833 0.038125 0.04
0 0.45125 0.075417 0.0275 0.0325
0 0.466875 0.092083 0.02375 0.024167
0 0.469062 0.113333 0.030625 0.028333
0 0.462813 0.1475 0.031875 0.041667
0 0.489687 0.14 0.034375 0.035
0 0.500313 0.11625 0.029375 0.035833
0 0.875625 0.955833 0.0325 0.046667
0 0.923125 0.96625 0.0325 0.045833
0 0.944375 0.910417 0.02625 0.044167
0 0.877188 0.84875 0.026875 0.039167
0 0.905937 0.833333 0.030625 0.043333
0 0.945625 0.804167 0.03625 0.053333
0 0.978437 0.816667 0.025625 0.041667
0 0.968437 0.7725 0.036875 0.046667
0 0.89 0.695417 0.03375 0.049167
0 0.801875 0.736667 0.03125 0.046667
0 0.805937 0.695833 0.029375 0.036667
0 0.81125 0.64875 0.04375 0.059167
0 0.777813 0.629583 0.036875 0.0475
0 0.912813 0.633333 0.021875 0.036667
0 0.658438 0.5875 0.028125 0.04
0 0.62875 0.6025 0.0325 0.046667
0 0.721562 0.955833 0.031875 0.045
0 0.785625 0.872083 0.02625 0.0425
0 0.755938 0.866667 0.036875 0.046667
0 0.753437 0.79875 0.021875 0.0375
0 0.731875 0.81875 0.03 0.0275
0 0.7225 0.780417 0.03625 0.050833
0 0.688438 0.794583 0.038125 0.055833
0 0.702187 0.829583 0.044375 0.045833
0 0.642813 0.817917 0.031875 0.0425
0 0.6125 0.8775 0.03375 0.048333
0 0.700313 0.88625 0.030625 0.0275
0 0.68875 0.912083 0.0275 0.034167
0 0.710625 0.911667 0.025 0.033333
0 0.63625 0.69875 0.0375 0.0525
0 0.632812 0.765833 0.049375 0.053333
0 0.522813 0.829583 0.034375 0.0425
0 0.488125 0.84 0.03625 0.053333
0 0.25 0.028333 0.02875 0.043333
0 0.221562 0.024583 0.030625 0.040833
0 0.352812 0.108333 0.040625 0.065
0 0.305625 0.114583 0.035 0.0425
0 0.223125 0.143333 0.03625 0.046667
0 0.374063 0.236667 0.038125 0.046667
0 0.191562 0.222917 0.038125 0.049167
0 0.208125 0.271667 0.03875 0.053333
0 0.3075 0.300417 0.04 0.0525
0 0.262813 0.359583 0.036875 0.050833
0 0.36 0.327083 0.05 0.070833
0 0.432188 0.350833 0.055625 0.073333
0 0.494375 0.36875 0.045 0.0575
0 0.529375 0.3775 0.02875 0.041667
0 0.54625 0.430417 0.02875 0.040833
0 0.52125 0.42 0.01625 0.031667
0 0.502188 0.4175 0.024375 0.035
0 0.497812 0.477083 0.046875 0.064167
0 0.505313 0.537083 0.041875 0.054167
0 0.524687 0.60625 0.035625 0.055833
0 0.471562 0.610417 0.035625 0.059167
0 0.397188 0.553333 0.036875 0.05
0 0.124063 0.18 0.035625 0.046667
0 0.074375 0.197083 0.03375 0.0475
0 0.088438 0.285417 0.034375 0.044167
0 0.158125 0.41625 0.03375 0.035833
0 0.16375 0.390833 0.03 0.03
0 0.314063 0.395417 0.025625 0.040833
0 0.328437 0.404583 0.024375 0.045833
0 0.350938 0.393333 0.036875 0.051667
0 0.393437 0.4325 0.050625 0.08
0 0.363438 0.454583 0.036875 0.0525
0 0.284687 0.527083 0.045625 0.069167
0 0.302187 0.560833 0.036875 0.048333
0 0.3325 0.5525 0.0325 0.046667
0 0.065 0.550417 0.03 0.0375
0 0.11 0.655833 0.03125 0.038333
0 0.152812 0.60125 0.033125 0.045833
0 0.179375 0.594583 0.02625 0.045833
0 0.196875 0.61 0.02125 0.041667
0 0.212812 0.620417 0.019375 0.0425
0 0.237813 0.610417 0.031875 0.0475
0 0.282813 0.617917 0.038125 0.055833
0 0.325 0.6925 0.0325 0.048333
0 0.322188 0.79375 0.033125 0.0425
0 0.31 0.820833 0.03875 0.043333
0 0.280313 0.8375 0.030625 0.043333
0 0.39375 0.8425 0.04625 0.065
0 0.021875 0.8575 0.0325 0.055
0 0.194688 0.9875 0.038125 0.025
0 0.337187 0.988333 0.033125 0.023333
0 0.3875 0.98125 0.03875 0.0375
