0 0.8875 0.235417 0.03375 0.039167
0 0.88375 0.276667 0.0375 0.046667
0 0.9675 0.38375 0.04125 0.054167
0 0.803125 0.484583 0.04375 0.0575
0 0.7525 0.37 0.03875 0.048333
0 0.695 0.288333 0.03625 0.061667
0 0.629062 0.225 0.041875 0.053333
0 0.5325 0.07125 0.03 0.039167
0 0.914687 0.760833 0.035625 0.061667
0 0.965313 0.787917 0.035625 0.049167
0 0.986563 0.863333 0.026875 0.048333
0 0.327813 0.847083 0.041875 0.0425
0 0.354063 0.682083 0.038125 0.045833
0 0.427812 0.700417 0.036875 0.0375
0 0.418438 0.663333 0.036875 0.041667
0 0.406875 0.5775 0.04125 0.05
0 0.497812 0.4325 0.034375 0.04
0 0.318125 0.4075 0.03375 0.045
0 0.200313 0.200833 0.039375 0.048333
0 0.253437 0.182083 0.043125 0.0575
0 0.063125 0.295833 0.04 0.045
0 0.045625 0.614167 0.0275 0.035
0 0.00625 0.7625 0.01125 0.035
