0 0.985 0.250417 0.03 0.044167
0 0.84375 0.354167 0.03375 0.04
0 0.864062 0.43 0.034375 0.045
0 0.753125 0.44375 0.04125 0.059167
0 0.71375 0.472083 0.03625 0.044167
0 0.605313 0.38125 0.034375 0.044167
0 0.539687 0.040833 0.030625 0.038333
0 0.406562 0.227917 0.033125 0.040833
0 0.265313 0.078333 0.039375 0.055
0 0.027187 0.181667 0.031875 0.053333
0 0.00875 0.15125 0.01625 0.035833
0 0.009687 0.18625 0.018125 0.040833
0 0.114375 0.34 0.03 0.041667
0 0.662188 0.676667 0.040625 0.058333
0 0.706562 0.822917 0.040625 0.055833
0 0.683125 0.933333 0.03875 0.061667
0 0.44625 0.609583 0.04625 0.065833
0 0.345 0.545417 0.03 0.039167
0 0.150312 0.526667 0.031875 0.038333
0 0.420938 0.8 0.038125 0.046667
0 0.3525 0.892083 0.03125 0.039167
0 0.011562 0.80375 0.021875 0.050833
0 0.027813 0.693333 0.030625 0.036667
0 0.157812 0.759583 0.029375 0.040833
0 0.215312 0.73625 0.040625 0.0475
0 0.102813 0.922083 0.035625 0.055833
0 0.161875 0.982917 0.03875 0.034167
0 0.15875 0.925 0.0375 0.048333
0 0.205937 0.875 0.038125 0.045
0 0.440937 0.24625 0.053125 0.064167
