0 0.80375 0.05875 0.035 0.049167
0 0.785937 0.130833 0.030625 0.05
0 0.789687 0.19125 0.029375 0.040833
0 0.7975 0.225833 0.03625 0.053333
0 0.788438 0.2675 0.028125 0.041667
0 0.937813 0.33 0.030625 0.041667
0 0.929375 0.449583 0.0325 0.0475
0 0.867188 0.43625 0.046875 0.070833
0 0.79625 0.404583 0.0275 0.050833
0 0.688438 0.340417 0.028125 0.044167
0 0.745313 0.468333 0.036875 0.051667
0 0.97625 0.761667 0.03375 0.051667
0 0.8375 0.6675 0.04 0.055
0 0.790937 0.6975 0.026875 0.046667
0 0.665 0.692083 0.03125 0.044167
0 0.5425 0.614167 0.04125 0.055
0 0.53375 0.53125 0.0425 0.059167
0 0.668438 0.795 0.031875 0.045
0 0.67375 0.828333 0.02875 0.036667
0 0.694375 0.85 0.0375 0.055
0 0.593437 0.91125 0.043125 0.045833
0 0.465625 0.905 0.03875 0.055
0 0.942813 0.983333 0.034375 0.033333
0 0.126562 0.846667 0.026875 0.036667
0 0.1675 0.844583 0.0425 0.045833
0 0.235937 0.7675 0.039375 0.05
0 0.274062 0.794583 0.035625 0.054167
0 0.144063 0.655833 0.035625 0.05
0 0.466562 0.565417 0.034375 0.0425
0 0.429688 0.33375 0.040625 0.0575
0 0.381875 0.38375 0.0375 0.050833
0 0.329375 0.439167 0.03125 0.046667
0 0.929688 0.0925 0.024375 0.038333
0 0.226875 0.71 0.03125 0.045
0 0.112812 0.51625 0.039375 0.055833
0 0.116562 0.40375 0.039375 0.0525
0 0.218438 0.421667 0.035625 0.048333
0 0.014375 0.3125 0.0275 0.043333
0 0.1225 0.229167 0.04625 0.068333
0 0.221562 0.174167 0.040625 0.056667
0 0.245 0.238333 0.0375 0.056667
0 0.437812 0.16375 0.039375 0.054167
0 0.051875 0.052917 0.03125 0.0425
0 0.068437 0.0225 0.033125 0.04
0 0.120625 0.06625 0.03875 0.0425
0 0.150938 0.0425 0.043125 0.051667
