0 0.765938 0.139583 0.046875 0.055833
0 0.732187 0.105833 0.043125 0.051667
0 0.736875 0.06375 0.0375 0.044167
0 0.741563 0.020833 0.029375 0.04
0 0.717187 0.01 0.031875 0.018333
0 0.64 0.027917 0.03875 0.054167
0 0.897188 0.211667 0.034375 0.043333
0 0.919063 0.24 0.043125 0.056667
0 0.976562 0.304583 0.040625 0.054167
0 0.82875 0.324167 0.04 0.046667
0 0.834063 0.36625 0.033125 0.040833
0 0.837812 0.444583 0.030625 0.044167
0 0.88625 0.633333 0.0325 0.041667
0 0.871563 0.738333 0.031875 0.045
0 0.724375 0.706667 0.03375 0.041667
0 0.825 0.800833 0.035 0.041667
0 0.805 0.822917 0.0375 0.0525
0 0.761875 0.834583 0.04 0.054167
0 0.964688 0.945 0.034375 0.043333
0 0.640625 0.922917 0.03375 0.045833
0 0.545625 0.97375 0.0425 0.0525
0 0.494375 0.92875 0.0325 0.0475
0 0.429375 0.9725 0.04625 0.053333
0 0.594063 0.607083 0.035625 0.045833
0 0.514062 0.630833 0.039375 0.045
0 0.425938 0.31875 0.045625 0.054167
0 0.526563 0.265 0.043125 0.048333
0 0.444375 0.262917 0.04 0.050833
0 0.339687 0.43 0.036875 0.043333
0 0.227813 0.200833 0.036875 0.06
0 0.395625 0.680833 0.04 0.045
0 0.306875 0.678333 0.04125 0.055
0 0.265 0.688333 0.03875 0.05
0 0.29125 0.638333 0.04 0.04
0 0.2775 0.7625 0.03625 0.038333
0 0.065937 0.021667 0.044375 0.041667
0 0.032813 0.135833 0.031875 0.038333
0 0.21 0.56125 0.03625 0.050833
0 0.11375 0.455833 0.04 0.045
0 0.164375 0.590417 0.03875 0.0475
0 0.071563 0.619583 0.039375 0.049167
0 0.04625 0.67625 0.04 0.049167
0 0.035937 0.78125 0.041875 0.055833
0 0.063125 0.800417 0.03625 0.0525
0 0.699063 0.91375 0.034375 0.050833
0 0.875 0.9625 0.04 0.048333
0 0.305937 0.549167 0.040625 0.053333
0 0.140937 0.4175 0.036875 0.045
