0 0.880938 0.180417 0.036875 0.064167
0 0.545937 0.12125 0.045625 0.0675
0 0.634062 0.270417 0.039375 0.065833
0 0.801562 0.301667 0.040625 0.06
0 0.294063 0.130833 0.044375 0.066667
0 0.05875 0.330417 0.04125 0.059167
0 0.427187 0.494167 0.054375 0.063333
0 0.488125 0.60125 0.0425 0.060833
0 0.5725 0.564583 0.04375 0.060833
0 0.7625 0.61625 0.0525 0.069167
0 0.645938 0.739167 0.044375 0.066667
0 0.455313 0.872917 0.048125 0.0675
0 0.57375 0.93625 0.0525 0.0725
0 0.595625 0.9575 0.04875 0.06
0 0.655312 0.09125 0.045625 0.0575
0 0.345313 0.72 0.041875 0.06
0 0.1425 0.717083 0.04875 0.0675
0 0.02625 0.739583 0.0475 0.0625
0 0.1125 0.569583 0.03375 0.045833
0 0.174375 0.984167 0.0375 0.031667
0 0.163125 0.025833 0.04875 0.05
0 0.326562 0.525 0.048125 0.061667
