0 0.909375 0.30375 0.03625 0.050833
0 0.936562 0.342917 0.049375 0.0525
0 0.625 0.211667 0.03875 0.06
0 0.588125 0.245 0.055 0.073333
0 0.695937 0.44 0.038125 0.07
0 0.825313 0.965417 0.040625 0.045833
0 0.603125 0.631667 0.04 0.065
0 0.423125 0.805417 0.04375 0.070833
0 0.282187 0.870417 0.045625 0.064167
0 0.205625 0.85 0.04125 0.07
0 0.232813 0.936667 0.058125 0.07
0 0.08375 0.915417 0.04375 0.064167
0 0.155625 0.663333 0.0425 0.046667
0 0.10125 0.439583 0.03625 0.0875
0 0.36875 0.3125 0.045 0.061667
0 0.279687 0.225833 0.034375 0.046667
0 0.217188 0.17625 0.038125 0.0525
0 0.154062 0.18 0.049375 0.078333
0 0.37625 0.0525 0.04375 0.065
0 0.19 0.02125 0.04625 0.040833
