0 0.029687 0.862083 0.039375 0.0575
0 0.028125 0.417083 0.03125 0.049167
0 0.023125 0.019583 0.045 0.0375
0 0.207187 0.040417 0.035625 0.049167
0 0.41875 0.157083 0.04 0.050833
0 0.497812 0.065833 0.033125 0.045
0 0.577187 0.222917 0.030625 0.0425
0 0.574375 0.275 0.03125 0.035
0 0.5825 0.307917 0.03875 0.0425
0 0.346562 0.52125 0.038125 0.050833
0 0.199063 0.54625 0.034375 0.050833
0 0.370312 0.547083 0.035625 0.045833
0 0.3275 0.633333 0.0375 0.05
0 0.251875 0.7 0.025 0.038333
0 0.121875 0.787083 0.03125 0.0375
0 0.243438 0.89 0.036875 0.055
0 0.414375 0.912083 0.04 0.049167
0 0.430937 0.967917 0.033125 0.040833
0 0.379688 0.78875 0.030625 0.045833
0 0.409375 0.759583 0.0425 0.059167
0 0.442812 0.785833 0.035625 0.046667
0 0.426875 0.822917 0.0425 0.050833
0 0.482187 0.720833 0.036875 0.046667
0 0.560937 0.712917 0.039375 0.055833
0 0.58375 0.904583 0.0425 0.059167
0 0.664687 0.940417 0.045625 0.0625
0 0.705 0.95375 0.0375 0.069167
0 0.7425 0.977917 0.035 0.044167
0 0.921562 0.827083 0.033125 0.049167
0 0.849063 0.729583 0.035625 0.050833
0 0.689063 0.782917 0.030625 0.045833
0 0.638437 0.490833 0.034375 0.04
0 0.676562 0.444167 0.026875 0.045
0 0.73875 0.45375 0.03 0.039167
0 0.760938 0.09125 0.034375 0.045833
0 0.854375 0.124167 0.03625 0.041667
0 0.812187 0.154583 0.036875 0.045833
0 0.814375 0.19625 0.04 0.0425
0 0.865625 0.26 0.035 0.048333
0 0.895312 0.325833 0.039375 0.053333
0 0.98125 0.313333 0.03625 0.05
0 0.988125 0.625417 0.02375 0.035833
0 0.829063 0.327917 0.036875 0.054167
0 0.865625 0.022083 0.0325 0.0425
