0 0.891563 0.690417 0.034375 0.045833
0 0.852187 0.627917 0.035625 0.055833
0 0.610938 0.629167 0.043125 0.04
0 0.720625 0.445417 0.0375 0.055833
0 0.909687 0.054167 0.053125 0.065
0 0.758437 0.225417 0.036875 0.049167
0 0.689688 0.24125 0.044375 0.049167
0 0.659687 0.135833 0.040625 0.056667
0 0.585 0.172083 0.04875 0.0625
0 0.619062 0.3675 0.054375 0.058333
0 0.47125 0.185833 0.0475 0.073333
0 0.382188 0.157917 0.035625 0.044167
0 0.366563 0.275417 0.041875 0.050833
0 0.429063 0.517917 0.048125 0.0625
0 0.566875 0.602917 0.0425 0.054167
0 0.522188 0.619583 0.033125 0.044167
0 0.181875 0.07 0.03875 0.041667
0 0.184062 0.1 0.029375 0.031667
0 0.048125 0.082917 0.0375 0.064167
0 0.0875 0.155833 0.0525 0.066667
0 0.147187 0.14625 0.045625 0.065833
0 0.205937 0.185417 0.046875 0.059167
0 0.159375 0.345417 0.0475 0.055833
0 0.209375 0.474167 0.03375 0.051667
0 0.244062 0.555 0.041875 0.068333
0 0.113437 0.704167 0.054375 0.071667
0 0.129062 0.853333 0.053125 0.081667
0 0.077813 0.871667 0.049375 0.07
0 0.096875 0.786667 0.04375 0.051667
0 0.17 0.697917 0.05375 0.0625
0 0.065937 0.534167 0.045625 0.068333
0 0.273438 0.808333 0.056875 0.073333
0 0.284375 0.96875 0.05125 0.0575
