0 0.896875 0.112083 0.03375 0.054167
0 0.805625 0.117083 0.03375 0.054167
0 0.760938 0.1025 0.035625 0.048333
0 0.6825 0.12375 0.03625 0.049167
0 0.685625 0.16375 0.04125 0.0425
0 0.674375 0.199167 0.045 0.068333
0 0.916562 0.348333 0.024375 0.033333
0 0.960625 0.425833 0.04 0.05
0 0.93875 0.459167 0.0325 0.046667
0 0.835938 0.355417 0.035625 0.049167
0 0.631875 0.344583 0.03875 0.050833
0 0.509687 0.2575 0.053125 0.066667
0 0.74625 0.4725 0.04 0.071667
0 0.794063 0.512917 0.040625 0.0475
0 0.98375 0.57625 0.0325 0.059167
0 0.889375 0.567083 0.03625 0.0525
0 0.74875 0.565417 0.0375 0.045833
0 0.786875 0.630833 0.03625 0.051667
0 0.849063 0.66625 0.038125 0.049167
0 0.94625 0.733333 0.03875 0.051667
0 0.815312 0.715833 0.033125 0.046667
0 0.865938 0.879167 0.038125 0.058333
0 0.740625 0.785833 0.04125 0.055
0 0.750313 0.86375 0.036875 0.045833
0 0.650937 0.729167 0.033125 0.043333
0 0.609688 0.719583 0.041875 0.064167
0 0.570625 0.848333 0.04 0.046667
0 0.609375 0.914583 0.0325 0.0425
0 0.615938 0.960417 0.039375 0.049167
0 0.480938 0.930833 0.036875 0.041667
0 0.48125 0.971667 0.03875 0.043333
0 0.41375 0.98875 0.03625 0.0225
0 0.328437 0.871667 0.031875 0.046667
0 0.281875 0.736667 0.0425 0.055
0 0.248125 0.66875 0.045 0.049167
0 0.543438 0.464583 0.040625 0.0525
0 0.014063 0.845417 0.026875 0.044167
0 0.063437 0.854167 0.044375 0.053333
0 0.1625 0.882917 0.04375 0.0575
0 0.255937 0.417083 0.044375 0.049167
0 0.314688 0.445 0.035625 0.045
0 0.251563 0.4875 0.044375 0.065
0 0.275 0.536667 0.04375 0.066667
0 0.334062 0.490417 0.043125 0.050833
0 0.307812 0.510833 0.040625 0.055
0 0.10875 0.32 0.045 0.053333
0 0.094375 0.26625 0.03375 0.040833
0 0.329375 0.325833 0.0275 0.045
0 0.350625 0.234167 0.03875 0.053333
0 0.3675 0.190833 0.03375 0.046667
0 0.434375 0.288333 0.0375 0.048333
0 0.555 0.095 0.03625 0.051667
0 0.494063 0.012917 0.033125 0.024167
0 0.48 0.056667 0.03625 0.048333
0 0.45625 0.094167 0.0375 0.053333
0 0.422187 0.025417 0.033125 0.0425
0 0.389688 0.051667 0.044375 0.055
0 0.280625 0.09875 0.0375 0.044167
