0 0.750625 0.067917 0.03 0.0425
0 0.690937 0.05625 0.043125 0.0675
0 0.477187 0.039583 0.048125 0.0575
0 0.365312 0.083333 0.041875 0.06
0 0.461875 0.204583 0.05125 0.0725
0 0.4875 0.16375 0.035 0.044167
0 0.34125 0.29625 0.04625 0.060833
0 0.300312 0.26625 0.040625 0.059167
0 0.390937 0.437917 0.045625 0.080833
0 0.315937 0.456667 0.049375 0.078333
0 0.1175 0.14375 0.0425 0.054167
0 0.206563 0.25875 0.043125 0.0625
0 0.1425 0.31125 0.04625 0.059167
0 0.368437 0.589167 0.046875 0.061667
0 0.274062 0.67 0.036875 0.04
0 0.097187 0.669583 0.038125 0.049167
0 0.015938 0.735 0.030625 0.065
0 0.11 0.754167 0.04375 0.07
0 0.020313 0.82125 0.039375 0.070833
0 0.443437 0.898333 0.044375 0.053333
0 0.36875 0.972917 0.04875 0.054167
0 0.825 0.914167 0.0475 0.053333
0 0.675625 0.84875 0.03625 0.064167
0 0.819063 0.78125 0.038125 0.0625
0 0.615625 0.94375 0.02875 0.040833
0 0.914375 0.6425 0.03125 0.041667
0 0.9125 0.55875 0.04375 0.065833
