0 0.0675 0.632917 0.02875 0.0425
0 0.22125 0.484583 0.035 0.0475
0 0.494375 0.410417 0.02875 0.045833
0 0.508437 0.447917 0.028125 0.035833
0 0.479375 0.455 0.03 0.036667
0 0.570625 0.692917 0.035 0.0475
0 0.55875 0.835833 0.0325 0.038333
0 0.272813 0.895 0.036875 0.041667
0 0.265 0.328333 0.035 0.041667
0 0.255312 0.14375 0.038125 0.049167
0 0.250312 0.059167 0.044375 0.048333
0 0.334062 0.025 0.041875 0.045
0 0.33625 0.065 0.03625 0.048333
0 0.285313 0.08375 0.033125 0.045833
0 0.31 0.0775 0.035 0.048333
0 0.479063 0.169583 0.034375 0.040833
0 0.65625 0.061667 0.03125 0.048333
0 0.672813 0.175417 0.031875 0.0475
0 0.82875 0.105833 0.03625 0.056667
0 0.745938 0.36125 0.040625 0.0475
0 0.8125 0.362917 0.03875 0.049167
0 0.913438 0.457917 0.038125 0.054167
0 0.951875 0.562083 0.0275 0.040833
0 0.928125 0.579167 0.025 0.03
0 0.903438 0.594583 0.034375 0.0525
0 0.759687 0.757917 0.031875 0.039167
0 0.662813 0.969583 0.031875 0.045833
0 0.637813 0.95 0.031875 0.036667
