0 0.560937 0.015 0.035625 0.028333
0 0.717187 0.0275 0.034375 0.051667
0 0.675 0.166667 0.0475 0.06
0 0.533438 0.18125 0.038125 0.065833
0 0.4625 0.142917 0.02875 0.039167
0 0.648438 0.305833 0.038125 0.053333
0 0.6975 0.32875 0.02875 0.0375
0 0.719688 0.31125 0.026875 0.035833
0 0.732812 0.33875 0.029375 0.040833
0 0.85 0.312083 0.04125 0.0575
0 0.92875 0.665417 0.03625 0.044167
0 0.782188 0.5475 0.040625 0.048333
0 0.540937 0.548333 0.039375 0.05
0 0.500625 0.564167 0.03625 0.048333
0 0.460625 0.593333 0.03875 0.05
0 0.427187 0.666667 0.040625 0.053333
0 0.328437 0.498333 0.043125 0.041667
0 0.329375 0.06125 0.03625 0.0475
0 0.389062 0.205417 0.035625 0.044167
0 0.349062 0.285833 0.041875 0.05
0 0.614688 0.85875 0.043125 0.059167
0 0.575 0.91375 0.045 0.055833
0 0.11125 0.9625 0.0325 0.048333
0 0.029687 0.916667 0.036875 0.053333
0 0.252812 0.72125 0.026875 0.039167
0 0.279375 0.725833 0.025 0.041667
0 0.184375 0.724167 0.0375 0.045
0 0.209375 0.645 0.03125 0.035
0 0.011562 0.609583 0.021875 0.045833
0 0.03875 0.567917 0.0375 0.045833
0 0.1 0.407083 0.03875 0.0475
