0 0.569375 0.017917 0.04375 0.034167
0 0.73875 0.125417 0.03125 0.0425
0 0.750625 0.084167 0.03125 0.046667
0 0.602812 0.349583 0.035625 0.0525
0 0.63375 0.462083 0.03875 0.054167
0 0.866875 0.49875 0.0375 0.054167
0 0.977812 0.740417 0.041875 0.0675
0 0.535937 0.7775 0.043125 0.06
0 0.637813 0.979167 0.035625 0.041667
0 0.309688 0.712917 0.041875 0.050833
0 0.343438 0.7075 0.029375 0.043333
0 0.356563 0.74375 0.030625 0.040833
0 0.325625 0.745417 0.02625 0.0375
0 0.342813 0.76 0.025625 0.031667
0 0.387813 0.723333 0.031875 0.048333
0 0.535 0.46375 0.03375 0.054167
0 0.538125 0.546667 0.03625 0.046667
0 0.348438 0.43375 0.033125 0.045833
0 0.352812 0.475 0.041875 0.04
0 0.283438 0.620833 0.041875 0.058333
0 0.145625 0.324583 0.03875 0.049167
0 0.094062 0.344167 0.038125 0.055
