0 0.943125 0.09625 0.0325 0.0425
0 0.825937 0.078333 0.038125 0.051667
0 0.820312 0.129583 0.026875 0.039167
0 0.64625 0.180417 0.03 0.039167
0 0.638437 0.247917 0.031875 0.035833
0 0.5875 0.09875 0.04875 0.059167
0 0.489687 0.146667 0.030625 0.036667
0 0.950937 0.422083 0.036875 0.049167
0 0.916875 0.465 0.03 0.046667
0 0.969063 0.56125 0.043125 0.049167
0 0.629687 0.485417 0.039375 0.0575
0 0.772188 0.620833 0.036875 0.053333
0 0.84625 0.67375 0.035 0.0475
0 0.854062 0.816667 0.043125 0.06
0 0.619062 0.810833 0.033125 0.046667
0 0.460313 0.59625 0.040625 0.054167
0 0.677188 0.940417 0.039375 0.0475
0 0.460938 0.985417 0.031875 0.029167
0 0.4175 0.819583 0.04625 0.0575
0 0.380937 0.744583 0.036875 0.044167
0 0.309688 0.83375 0.039375 0.044167
0 0.222812 0.847917 0.038125 0.055833
0 0.275938 0.603333 0.044375 0.055
0 0.19875 0.5575 0.04 0.056667
0 0.09125 0.54 0.03 0.041667
0 0.195 0.462917 0.0425 0.054167
0 0.020938 0.410417 0.039375 0.0525
0 0.237813 0.115 0.030625 0.038333
