0 0.01625 0.052917 0.02875 0.034167
0 0.110937 0.02 0.029375 0.036667
0 0.205937 0.145417 0.041875 0.055833
0 0.308125 0.156667 0.03125 0.043333
0 0.33375 0.023333 0.0375 0.043333
0 0.370625 0.019583 0.035 0.0375
0 0.041563 0.35375 0.035625 0.0375
0 0.099375 0.422917 0.04 0.059167
0 0.204687 0.445833 0.036875 0.041667
0 0.386562 0.414583 0.036875 0.050833
0 0.449062 0.243333 0.034375 0.038333
0 0.515 0.136667 0.02875 0.04
0 0.500625 0.364583 0.0325 0.0375
0 0.578125 0.055417 0.03 0.0375
0 0.65875 0.075 0.0325 0.041667
0 0.645 0.221667 0.03375 0.045
0 0.600313 0.252083 0.025625 0.0325
0 0.586875 0.357917 0.03875 0.050833
0 0.879687 0.103333 0.026875 0.04
0 0.905625 0.115833 0.0325 0.038333
0 0.90875 0.161667 0.03 0.046667
0 0.87625 0.170417 0.045 0.0625
0 0.974688 0.18625 0.031875 0.044167
0 0.980313 0.68875 0.036875 0.0575
0 0.887188 0.62875 0.031875 0.039167
0 0.788438 0.539583 0.038125 0.049167
0 0.83875 0.752917 0.0325 0.045833
0 0.638125 0.682083 0.03625 0.049167
0 0.804688 0.39375 0.036875 0.0525
0 0.779062 0.418333 0.039375 0.046667
0 0.678125 0.472917 0.04 0.0525
0 0.571562 0.509583 0.031875 0.039167
0 0.546562 0.545 0.040625 0.056667
0 0.565625 0.655 0.03 0.036667
0 0.85375 0.674583 0.0225 0.030833
0 0.88875 0.8725 0.025 0.028333
0 0.901875 0.983333 0.0325 0.033333
0 0.839063 0.924167 0.026875 0.035
0 0.792813 0.807083 0.044375 0.055833
0 0.704688 0.83375 0.025625 0.0425
0 0.683438 0.84125 0.033125 0.045833
0 0.694688 0.968333 0.031875 0.036667
0 0.382812 0.986667 0.026875 0.025
0 0.012812 0.987917 0.024375 0.024167
0 0.155938 0.795833 0.045625 0.061667
0 0.247812 0.797917 0.036875 0.0475
0 0.04 0.73375 0.03625 0.045833
0 0.059687 0.844167 0.028125 0.033333
0 0.251875 0.687917 0.0325 0.040833
0 0.169063 0.652083 0.030625 0.0375
0 0.177187 0.618333 0.023125 0.028333
0 0.154375 0.61125 0.0275 0.0375
0 0.3475 0.677083 0.035 0.045833
0 0.331562 0.586667 0.041875 0.06
0 0.677813 0.4 0.055625 0.066667
