0 0.262188 0.343333 0.030625 0.045
0 0.997188 0.225833 0.005625 0.038333
0 0.3 0.911667 0.035 0.051667
0 0.265625 0.39125 0.03 0.045833
0 0.679375 0.931667 0.03125 0.036667
0 0.75 0.575417 0.0275 0.040833
0 0.284375 0.852083 0.03125 0.040833
0 0.125625 0.236667 0.02375 0.035
0 0.379063 0.807917 0.035625 0.044167
0 0.914687 0.70875 0.031875 0.045833
0 0.132812 0.260417 0.028125 0.0325
0 0.230313 0.355833 0.043125 0.055
0 0.785625 0.878333 0.0325 0.04
0 0.73625 0.554583 0.03375 0.0475
0 0.654687 0.987917 0.033125 0.024167
0 0.119063 0.044167 0.033125 0.043333
0 0.36 0.84125 0.04375 0.050833
0 0.541562 0.524167 0.031875 0.041667
0 0.264688 0.547917 0.029375 0.055833
0 0.085625 0.145417 0.03375 0.0425
0 0.722187 0.274583 0.026875 0.059167
0 0.08 0.861667 0.0325 0.041667
0 0.232813 0.423333 0.030625 0.045
0 0.295625 0.5625 0.0375 0.06
0 0.918125 0.764167 0.035 0.053333
0 0.917188 0.398333 0.031875 0.046667
0 0.926562 0.455833 0.030625 0.045
0 0.011562 0.310417 0.021875 0.045833
0 0.807187 0.584167 0.033125 0.045
0 0.100625 0.242917 0.03125 0.044167
0 0.080312 0.405833 0.035625 0.048333
0 0.773125 0.219167 0.02875 0.043333
0 0.955313 0.784583 0.039375 0.059167
0 0.5 0.17125 0.0325 0.0475
0 0.587187 0.80375 0.035625 0.0475
0 0.41875 0.370833 0.04875 0.058333
0 0.617812 0.017917 0.036875 0.034167
0 0.136563 0.671667 0.035625 0.05
0 0.546875 0.883333 0.03 0.04
0 0.990625 0.752083 0.01875 0.049167
0 0.882812 0.787917 0.038125 0.0575
0 0.191562 0.171667 0.045625 0.066667
0 0.900937 0.075 0.033125 0.04
0 0.232813 0.5675 0.040625 0.058333
0 0.265625 0.649583 0.0475 0.070833
0 0.281875 0.1975 0.03625 0.05
0 0.495 0.267083 0.0325 0.049167
0 0.909062 0.111667 0.034375 0.046667
0 0.83375 0.095417 0.03375 0.054167
0 0.526875 0.856667 0.035 0.045
0 0.470938 0.9425 0.036875 0.053333
0 0.570312 0.070833 0.045625 0.051667
0 0.692813 0.2625 0.039375 0.063333
0 0.258437 0.891667 0.039375 0.051667
0 0.505313 0.67875 0.038125 0.050833
0 0.015938 0.640833 0.030625 0.058333
0 0.552188 0.124167 0.031875 0.046667
0 0.6775 0.142083 0.0475 0.0625
0 0.295 0.38125 0.03875 0.0625
