0 0.882812 0.056667 0.050625 0.076667
0 0.792188 0.09625 0.030625 0.049167
0 0.7625 0.109583 0.035 0.044167
0 0.759062 0.069583 0.039375 0.0475
0 0.898125 0.1775 0.04625 0.066667
0 0.925312 0.152917 0.046875 0.084167
0 0.704688 0.257917 0.056875 0.1075
0 0.66625 0.315417 0.05125 0.075833
0 0.676875 0.109583 0.0475 0.0875
0 0.754375 0.46 0.045 0.058333
0 0.6975 0.54375 0.045 0.0625
0 0.7 0.625417 0.0525 0.070833
0 0.834375 0.660417 0.05375 0.080833
0 0.899062 0.76 0.040625 0.083333
0 0.719375 0.769167 0.045 0.085
0 0.527813 0.442083 0.061875 0.100833
0 0.5725 0.367917 0.04375 0.069167
0 0.619687 0.905 0.043125 0.06
0 0.65875 0.965833 0.05625 0.068333
0 0.546562 0.204583 0.033125 0.049167
0 0.595625 0.050833 0.0525 0.055
0 0.336562 0.03 0.048125 0.058333
0 0.4675 0.4025 0.04375 0.068333
0 0.440312 0.427083 0.039375 0.049167
0 0.403125 0.394583 0.04375 0.065833
0 0.3375 0.565833 0.0625 0.09
0 0.298125 0.955833 0.04375 0.058333
0 0.357187 0.730417 0.048125 0.084167
0 0.232813 0.841667 0.048125 0.056667
0 0.220938 0.795 0.043125 0.051667
0 0.053125 0.676667 0.05 0.058333
0 0.117813 0.603333 0.039375 0.05
0 0.130312 0.584583 0.031875 0.0475
0 0.205937 0.548333 0.040625 0.053333
0 0.135625 0.4375 0.03 0.051667
0 0.089688 0.445 0.064375 0.085
0 0.03125 0.397917 0.0425 0.0725
0 0.204375 0.275417 0.06875 0.099167
0 0.016875 0.281667 0.0325 0.046667
0 0.029375 0.112917 0.055 0.074167
0 0.103438 0.121667 0.048125 0.075
0 0.062187 0.27125 0.048125 0.0475
0 0.034688 0.017917 0.041875 0.034167
