0 0.901563 0.10375 0.035625 0.054167
0 0.935625 0.31 0.03625 0.056667
0 0.810312 0.192083 0.036875 0.054167
0 0.708125 0.15875 0.0325 0.045833
0 0.61125 0.14875 0.02875 0.049167
0 0.58625 0.10375 0.02875 0.044167
0 0.53 0.113333 0.03875 0.048333
0 0.518125 0.149583 0.03125 0.044167
0 0.695 0.300833 0.0325 0.056667
0 0.775937 0.358333 0.035625 0.055
0 0.717187 0.385 0.036875 0.048333
0 0.82375 0.367083 0.03375 0.050833
0 0.803125 0.46375 0.03875 0.0575
0 0.701562 0.479583 0.034375 0.049167
0 0.66625 0.4675 0.03125 0.045
0 0.621563 0.403333 0.038125 0.05
0 0.982187 0.59375 0.031875 0.059167
0 0.86625 0.61875 0.03375 0.0575
0 0.830937 0.61875 0.034375 0.045833
0 0.951562 0.66375 0.033125 0.054167
0 0.820312 0.736667 0.035625 0.06
0 0.860625 0.764583 0.03375 0.055833
0 0.841875 0.844583 0.0375 0.059167
0 0.785625 0.925 0.03875 0.051667
0 0.6975 0.693333 0.04 0.055
0 0.67625 0.598333 0.0425 0.061667
0 0.655625 0.954167 0.03625 0.058333
0 0.541875 0.914583 0.04125 0.054167
0 0.529062 0.877083 0.033125 0.049167
0 0.498125 0.800417 0.03125 0.045833
0 0.463438 0.774167 0.035625 0.043333
0 0.48375 0.955833 0.035 0.048333
0 0.448125 0.95375 0.03375 0.054167
0 0.39 0.955417 0.035 0.0475
0 0.37375 0.85625 0.0375 0.050833
0 0.536563 0.679167 0.031875 0.038333
0 0.51625 0.637083 0.04375 0.050833
0 0.470938 0.6325 0.034375 0.048333
0 0.222812 0.802917 0.038125 0.060833
0 0.34625 0.568333 0.04 0.056667
0 0.416875 0.51125 0.03625 0.049167
0 0.26125 0.474167 0.04125 0.058333
0 0.307188 0.402917 0.040625 0.0425
0 0.27 0.382917 0.02875 0.035833
0 0.120625 0.48125 0.03625 0.044167
0 0.136875 0.390417 0.04875 0.060833
0 0.0875 0.358333 0.02875 0.035
0 0.0325 0.359167 0.02875 0.033333
0 0.389688 0.249583 0.035625 0.044167
0 0.162812 0.21125 0.031875 0.040833
0 0.16 0.165833 0.03875 0.051667
0 0.121875 0.069167 0.03875 0.053333
0 0.038437 0.029583 0.024375 0.034167
0 0.185 0.028333 0.035 0.043333
0 0.400313 0.20375 0.045625 0.055833
0 0.986563 0.792083 0.025625 0.039167
