0 0.017188 0.285417 0.033125 0.079167
0 0.48 0.955417 0.045 0.065833
0 0.099062 0.0525 0.035625 0.053333
0 0.2475 0.077083 0.0475 0.0775
0 0.01375 0.205417 0.02625 0.064167
0 0.597187 0.569167 0.040625 0.068333
0 0.304063 0.960417 0.038125 0.055833
0 0.445312 0.022917 0.045625 0.044167
0 0.179688 0.384167 0.041875 0.063333
0 0.35375 0.07375 0.0425 0.0675
0 0.557187 0.817917 0.040625 0.059167
0 0.393437 0.477083 0.043125 0.069167
0 0.382812 0.6525 0.040625 0.061667
0 0.670625 0.185833 0.03875 0.06
0 0.702812 0.602917 0.049375 0.075833
0 0.574375 0.083333 0.04125 0.056667
