0 0.940937 0.12 0.029375 0.04
0 0.931562 0.063333 0.035625 0.046667
0 0.704688 0.100417 0.045625 0.054167
0 0.844688 0.21375 0.028125 0.040833
0 0.615625 0.302083 0.03875 0.0525
0 0.55375 0.2225 0.03875 0.063333
0 0.441875 0.02625 0.03875 0.050833
0 0.227187 0.0675 0.041875 0.056667
0 0.256563 0.225417 0.041875 0.0525
0 0.305625 0.284583 0.0425 0.050833
0 0.351875 0.434167 0.0425 0.061667
0 0.508437 0.355 0.044375 0.055
0 0.547813 0.3775 0.038125 0.066667
0 0.522813 0.447917 0.046875 0.069167
0 0.9175 0.460417 0.03625 0.050833
0 0.967812 0.749167 0.039375 0.06
0 0.815 0.778333 0.035 0.056667
0 0.656875 0.69 0.0275 0.033333
0 0.928125 0.9825 0.0425 0.035
0 0.445 0.842083 0.03875 0.069167
0 0.408438 0.810417 0.040625 0.0425
0 0.394062 0.769583 0.043125 0.059167
0 0.155312 0.865833 0.035625 0.048333
0 0.110625 0.72875 0.0375 0.054167
0 0.22625 0.512083 0.0275 0.039167
0 0.200937 0.497917 0.041875 0.0625
0 0.129062 0.452917 0.029375 0.034167
0 0.1025 0.4325 0.03625 0.061667
0 0.026562 0.47375 0.046875 0.065833
0 0.058438 0.450417 0.036875 0.055833
0 0.131875 0.296667 0.0425 0.071667
0 0.068437 0.222083 0.041875 0.045833
