0 0.937187 0.014167 0.029375 0.026667
0 0.762813 0.162083 0.026875 0.035833
0 0.705937 0.190833 0.030625 0.05
0 0.690937 0.164583 0.020625 0.029167
0 0.946875 0.33625 0.02375 0.0325
0 0.344687 0.013333 0.029375 0.025
0 0.21 0.01625 0.0325 0.030833
0 0.174063 0.26 0.028125 0.036667
0 0.29625 0.392083 0.02625 0.0375
0 0.227813 0.46125 0.029375 0.040833
0 0.255 0.57375 0.0275 0.044167
0 0.370625 0.51375 0.03 0.040833
0 0.293438 0.614583 0.026875 0.034167
0 0.579688 0.270833 0.025625 0.031667
0 0.525625 0.3625 0.02875 0.036667
0 0.534062 0.411667 0.028125 0.038333
0 0.611563 0.44375 0.030625 0.0375
0 0.63 0.50125 0.03 0.050833
0 0.799063 0.510833 0.028125 0.033333
0 0.633125 0.619167 0.02875 0.038333
0 0.915937 0.763333 0.026875 0.045
0 0.931875 0.9125 0.025 0.031667
0 0.931562 0.950417 0.033125 0.040833
0 0.782188 0.916667 0.025625 0.033333
0 0.5425 0.879167 0.0275 0.04
0 0.412187 0.885833 0.034375 0.06
0 0.402813 0.75125 0.033125 0.044167
0 0.072813 0.97 0.023125 0.03
0 0.142813 0.8925 0.024375 0.031667
0 0.221875 0.850833 0.025 0.036667
0 0.124063 0.752083 0.029375 0.0375
