0 0.679688 0.009167 0.030625 0.016667
0 0.978125 0.021667 0.04375 0.041667
0 0.749062 0.98125 0.030625 0.0375
0 0.991875 0.945 0.01625 0.045
0 0.308125 0.820833 0.03625 0.046667
0 0.626875 0.34875 0.045 0.065833
0 0.300625 0.129583 0.035 0.054167
0 0.21 0.421667 0.03375 0.048333
0 0.0725 0.120417 0.02875 0.039167
0 0.015 0.267917 0.02875 0.064167
0 0.480938 0.8375 0.041875 0.05
0 0.84875 0.425417 0.03875 0.0525
0 0.6375 0.454167 0.03125 0.05
0 0.13 0.357917 0.03375 0.045833
0 0.182812 0.412083 0.030625 0.045833
0 0.104063 0.133333 0.040625 0.051667
0 0.456562 0.446667 0.041875 0.056667
0 0.063125 0.189167 0.03375 0.045
0 0.452813 0.890417 0.045625 0.050833
0 0.983125 0.692917 0.03375 0.055833
0 0.33375 0.880417 0.0425 0.060833
0 0.944063 0.165 0.050625 0.071667
