0 0.218438 0.895833 0.033125 0.046667
0 0.2775 0.850417 0.03375 0.049167
0 0.055938 0.848333 0.034375 0.046667
0 0.080625 0.515417 0.0325 0.050833
0 0.1325 0.525833 0.03125 0.046667
0 0.382812 0.452083 0.039375 0.0475
0 0.024375 0.175833 0.0325 0.041667
0 0.373437 0.072917 0.033125 0.0575
0 0.33125 0.175417 0.03375 0.0475
0 0.480938 0.0425 0.034375 0.038333
0 0.615625 0.28 0.03375 0.05
0 0.549375 0.449583 0.03375 0.0425
0 0.45625 0.499583 0.025 0.030833
0 0.603125 0.547083 0.03375 0.050833
0 0.542813 0.605833 0.030625 0.045
0 0.6775 0.9675 0.03125 0.051667
0 0.750625 0.640417 0.03875 0.055833
0 0.873125 0.65875 0.03625 0.050833
0 0.80625 0.461667 0.03375 0.043333
0 0.766875 0.436667 0.03375 0.05
0 0.945 0.431667 0.03375 0.045
0 0.965 0.118333 0.03 0.036667
0 0.82625 0.050417 0.03375 0.049167
0 0.749375 0.051667 0.0225 0.043333
