0 0.819063 0.867917 0.040625 0.054167
0 0.765312 0.692083 0.038125 0.049167
0 0.975938 0.719583 0.039375 0.055833
0 0.97 0.512917 0.03 0.0475
0 0.95125 0.496667 0.02875 0.041667
0 0.796875 0.51375 0.035 0.044167
0 0.670312 0.502917 0.035625 0.069167
0 0.595625 0.214583 0.0325 0.039167
0 0.363438 0.06375 0.043125 0.054167
0 0.536875 0.415833 0.03375 0.045
0 0.29625 0.312083 0.045 0.060833
0 0.385937 0.39625 0.038125 0.060833
0 0.423125 0.433333 0.04 0.058333
0 0.433125 0.495417 0.06 0.0575
0 0.308437 0.475417 0.048125 0.064167
0 0.223438 0.04375 0.036875 0.050833
0 0.070312 0.225 0.038125 0.056667
0 0.1775 0.324583 0.0475 0.069167
0 0.145313 0.560417 0.035625 0.044167
0 0.229063 0.635833 0.046875 0.065
0 0.075625 0.8475 0.035 0.043333
0 0.206563 0.82875 0.048125 0.065833
0 0.448125 0.89875 0.04875 0.0625
0 0.283125 0.95125 0.0375 0.054167
