0 0.848125 0.011667 0.045 0.021667
0 0.898125 0.0075 0.03 0.013333
0 0.963437 0.085 0.034375 0.046667
0 0.64125 0.0525 0.02375 0.04
0 0.710313 0.06 0.031875 0.04
0 0.7825 0.09625 0.02625 0.0375
0 0.815 0.144583 0.025 0.035833
0 0.865313 0.157917 0.026875 0.035833
0 0.893125 0.212083 0.0375 0.045833
0 0.83375 0.227917 0.03 0.040833
0 0.805937 0.241667 0.029375 0.041667
0 0.760625 0.219583 0.02625 0.0375
0 0.732187 0.199167 0.033125 0.041667
0 0.629687 0.13 0.026875 0.036667
0 0.538438 0.136667 0.029375 0.043333
0 0.525 0.220833 0.02875 0.041667
0 0.546562 0.26 0.025625 0.033333
0 0.514062 0.372083 0.026875 0.035833
0 0.626563 0.258333 0.024375 0.036667
0 0.652188 0.257083 0.024375 0.0375
0 0.734062 0.307083 0.024375 0.039167
0 0.92 0.327917 0.02875 0.040833
0 0.88875 0.325 0.0225 0.035
0 0.823125 0.348333 0.025 0.031667
0 0.822187 0.32 0.023125 0.031667
0 0.790937 0.392083 0.023125 0.0375
0 0.929375 0.457917 0.0225 0.0325
0 0.883437 0.44375 0.026875 0.0375
0 0.842812 0.452917 0.024375 0.035833
0 0.485938 0.313333 0.026875 0.035
0 0.580625 0.36375 0.02375 0.034167
0 0.614375 0.4025 0.0275 0.04
0 0.630625 0.387917 0.02875 0.039167
0 0.720313 0.37 0.026875 0.035
0 0.724063 0.417917 0.029375 0.0425
0 0.689063 0.42625 0.030625 0.0425
0 0.709688 0.461667 0.030625 0.046667
0 0.484375 0.492917 0.03 0.049167
0 0.625313 0.47 0.029375 0.038333
0 0.824063 0.55375 0.025625 0.039167
0 0.55 0.60875 0.02625 0.0325
0 0.4725 0.639583 0.025 0.0375
0 0.542813 0.642083 0.026875 0.039167
0 0.592187 0.625 0.026875 0.035
0 0.839375 0.671667 0.02625 0.041667
0 0.915937 0.67 0.021875 0.036667
0 0.982812 0.855833 0.033125 0.048333
0 0.909687 0.845833 0.033125 0.05
0 0.462187 0.58375 0.023125 0.030833
0 0.454375 0.709583 0.02625 0.035833
0 0.47125 0.78 0.025 0.038333
0 0.517813 0.901667 0.018125 0.035
0 0.500938 0.906667 0.018125 0.031667
0 0.57875 0.8075 0.025 0.035
0 0.589688 0.885833 0.026875 0.04
0 0.74375 0.86625 0.02875 0.0425
0 0.690625 0.93125 0.02375 0.034167
0 0.66375 0.98125 0.03 0.0375
0 0.791562 0.9525 0.026875 0.038333
0 0.360312 0.985 0.025625 0.028333
0 0.215625 0.913333 0.02625 0.033333
0 0.27625 0.899583 0.02125 0.0325
0 0.336875 0.86 0.0275 0.036667
0 0.297812 0.826667 0.025625 0.035
0 0.365 0.78125 0.0325 0.0425
0 0.11625 0.875417 0.025 0.0325
0 0.16125 0.825833 0.0275 0.036667
0 0.189375 0.804167 0.03 0.041667
0 0.232187 0.79125 0.029375 0.0425
0 0.039375 0.755417 0.02875 0.035833
0 0.077188 0.6775 0.028125 0.033333
0 0.039062 0.595833 0.030625 0.036667
0 0.35125 0.695833 0.03375 0.043333
0 0.355625 0.63875 0.03 0.034167
0 0.39625 0.617917 0.025 0.034167
0 0.454688 0.479583 0.025625 0.035833
0 0.435625 0.50875 0.02875 0.0375
0 0.40375 0.522083 0.02875 0.035833
0 0.300312 0.54375 0.030625 0.0425
0 0.21 0.552083 0.02875 0.039167
0 0.158125 0.58 0.0375 0.051667
0 0.177813 0.53375 0.034375 0.044167
0 0.069687 0.520833 0.023125 0.036667
0 0.050625 0.49375 0.025 0.035833
0 0.01875 0.445 0.0225 0.03
0 0.137187 0.47875 0.026875 0.0325
0 0.228125 0.485417 0.02625 0.0375
0 0.224375 0.412917 0.03375 0.0475
0 0.145313 0.3175 0.031875 0.048333
0 0.333437 0.3825 0.024375 0.031667
0 0.375625 0.382917 0.02875 0.039167
0 0.385625 0.34125 0.025 0.035833
0 0.43625 0.319583 0.02625 0.039167
0 0.40625 0.285 0.03 0.038333
0 0.427812 0.262083 0.025625 0.034167
0 0.471562 0.214583 0.024375 0.034167
0 0.386562 0.210417 0.028125 0.039167
0 0.30625 0.157917 0.035 0.050833
0 0.364687 0.127917 0.025625 0.0375
0 0.459688 0.07375 0.029375 0.035833
0 0.089063 0.095 0.024375 0.035
0 0.201563 0.156667 0.029375 0.038333
0 0.156875 0.161667 0.03375 0.041667
0 0.075313 0.1875 0.028125 0.04
0 0.022812 0.2325 0.026875 0.028333
0 0.009375 0.204167 0.0175 0.043333
0 0.024688 0.2075 0.023125 0.026667
0 0.049688 0.219167 0.029375 0.046667
