0 0.125312 0.907917 0.044375 0.0575
0 0.38125 0.7225 0.03875 0.05
0 0.445625 0.704167 0.045 0.065
0 0.805 0.96125 0.05125 0.0725
0 0.984062 0.914583 0.031875 0.055833
0 0.919375 0.7075 0.03625 0.055
0 0.554688 0.43625 0.035625 0.054167
0 0.534687 0.375833 0.036875 0.051667
0 0.570625 0.297083 0.045 0.054167
0 0.850313 0.206667 0.043125 0.048333
0 0.349375 0.147083 0.04125 0.049167
0 0.233437 0.18375 0.041875 0.050833
0 0.269062 0.062083 0.044375 0.049167
0 0.92125 0.629583 0.03375 0.0475
0 0.370312 0.347917 0.025625 0.034167
0 0.120313 0.461667 0.040625 0.048333
