0 0.93875 0.094167 0.025 0.033333
0 0.919375 0.105833 0.025 0.036667
0 0.894375 0.032083 0.02625 0.034167
0 0.868437 0.1825 0.034375 0.038333
0 0.82125 0.1475 0.03 0.038333
0 0.71375 0.06625 0.0275 0.0325
0 0.647188 0.1975 0.025625 0.041667
0 0.923438 0.735 0.041875 0.06
0 0.855938 0.5975 0.043125 0.063333
0 0.740625 0.6 0.03 0.04
0 0.68 0.567083 0.02875 0.0425
0 0.715 0.715417 0.03125 0.0325
0 0.722812 0.749167 0.035625 0.036667
0 0.769687 0.771667 0.028125 0.036667
0 0.928125 0.945417 0.02875 0.040833
0 0.606875 0.725833 0.0275 0.035
0 0.593437 0.704583 0.031875 0.0425
0 0.5675 0.86625 0.025 0.034167
0 0.541875 0.599583 0.03125 0.0375
0 0.499063 0.556667 0.040625 0.045
0 0.494063 0.464583 0.034375 0.039167
0 0.439688 0.623333 0.031875 0.043333
0 0.335313 0.738333 0.031875 0.045
0 0.414062 0.521667 0.025625 0.036667
0 0.391562 0.520833 0.026875 0.038333
0 0.41 0.443333 0.0275 0.036667
0 0.464375 0.237917 0.03125 0.044167
0 0.557813 0.23625 0.026875 0.034167
0 0.478438 0.0225 0.034375 0.043333
0 0.51125 0.008333 0.03 0.015
0 0.1775 0.054583 0.02875 0.040833
0 0.111875 0.31125 0.03 0.040833
0 0.188125 0.38125 0.02875 0.039167
0 0.219375 0.422917 0.03625 0.049167
0 0.259688 0.465 0.034375 0.048333
0 0.304063 0.41625 0.031875 0.039167
0 0.33375 0.412917 0.03125 0.034167
0 0.2375 0.50625 0.0225 0.030833
0 0.109063 0.185417 0.039375 0.0525
0 0.202187 0.914167 0.028125 0.04
0 0.030937 0.944167 0.026875 0.035
0 0.120625 0.924167 0.02625 0.033333
0 0.06625 0.790833 0.035 0.045
0 0.02 0.69625 0.03375 0.0375
0 0.092813 0.584583 0.034375 0.044167
0 0.056563 0.524583 0.031875 0.040833
0 0.07125 0.008333 0.02125 0.015
0 0.878125 0.665417 0.03625 0.049167
0 0.597187 0.47125 0.048125 0.0625
