0 0.237187 0.02125 0.033125 0.040833
0 0.348125 0.032917 0.03625 0.045833
0 0.298438 0.051667 0.038125 0.048333
0 0.73125 0.04875 0.03 0.039167
0 0.720938 0.019167 0.035625 0.036667
0 0.989688 0.241667 0.020625 0.05
0 0.9425 0.222083 0.03375 0.040833
0 0.866563 0.202083 0.040625 0.060833
0 0.664687 0.25125 0.038125 0.0525
0 0.710938 0.32625 0.041875 0.0625
0 0.594375 0.34875 0.03875 0.064167
0 0.842812 0.425417 0.038125 0.055833
0 0.973125 0.932083 0.0475 0.069167
0 0.875938 0.8175 0.039375 0.053333
0 0.84 0.784167 0.03625 0.048333
0 0.814688 0.795417 0.036875 0.054167
0 0.860938 0.983333 0.035625 0.033333
0 0.5775 0.855417 0.04375 0.0725
0 0.740938 0.652083 0.039375 0.0475
0 0.604688 0.612083 0.044375 0.060833
0 0.413125 0.922083 0.0275 0.035833
0 0.383125 0.785417 0.0375 0.050833
0 0.455937 0.683333 0.028125 0.04
0 0.412187 0.624167 0.035625 0.043333
0 0.505 0.39125 0.03 0.0425
0 0.491875 0.321667 0.03625 0.051667
0 0.426563 0.3225 0.039375 0.053333
0 0.444688 0.400417 0.030625 0.044167
0 0.390313 0.175417 0.026875 0.0375
0 0.24375 0.776667 0.03875 0.058333
0 0.17375 0.87875 0.03375 0.039167
0 0.094687 0.893333 0.041875 0.051667
0 0.049063 0.87 0.033125 0.045
0 0.1575 0.667917 0.0325 0.039167
0 0.100937 0.57625 0.036875 0.045833
0 0.152188 0.541667 0.030625 0.041667
0 0.014375 0.353333 0.0275 0.048333
0 0.165937 0.144583 0.039375 0.054167
