0 0.76 0.3275 0.0275 0.063333
0 0.7325 0.348333 0.04375 0.065
0 0.242812 0.597083 0.041875 0.0525
0 0.675625 0.605417 0.035 0.0575
0 0.96125 0.259167 0.0425 0.063333
0 0.452813 0.492917 0.040625 0.069167
0 0.03125 0.660833 0.03875 0.065
0 0.240937 0.65 0.043125 0.058333
0 0.475 0.057083 0.0425 0.054167
0 0.451562 0.023333 0.040625 0.045
0 0.54375 0.872083 0.03875 0.060833
0 0.961875 0.32 0.045 0.065
0 0.052812 0.4675 0.049375 0.08
0 0.905312 0.6025 0.039375 0.073333
0 0.203437 0.473333 0.041875 0.07
0 0.814688 0.54875 0.040625 0.065833
