0 0.156562 0.032917 0.038125 0.049167
0 0.375937 0.045 0.038125 0.046667
0 0.364687 0.0925 0.041875 0.048333
0 0.505625 0.04375 0.02875 0.0375
0 0.242812 0.174583 0.039375 0.0425
0 0.173125 0.253333 0.04 0.046667
0 0.155 0.360833 0.03375 0.036667
0 0.2175 0.3175 0.03625 0.053333
0 0.0875 0.4625 0.03125 0.045
0 0.231563 0.50625 0.031875 0.039167
0 0.253437 0.46625 0.036875 0.044167
0 0.339687 0.506667 0.035625 0.051667
0 0.060937 0.65625 0.035625 0.0425
0 0.017188 0.709583 0.033125 0.055833
0 0.178125 0.780833 0.03625 0.058333
0 0.455937 0.625833 0.035625 0.045
0 0.407187 0.513333 0.033125 0.04
0 0.584063 0.703333 0.036875 0.045
0 0.645938 0.715 0.034375 0.043333
0 0.64 0.754167 0.0425 0.05
0 0.67625 0.767917 0.03625 0.050833
0 0.706562 0.579167 0.036875 0.051667
0 0.515312 0.345 0.033125 0.041667
0 0.648438 0.830417 0.034375 0.0375
0 0.615313 0.906667 0.031875 0.036667
0 0.974688 0.97625 0.034375 0.039167
0 0.828438 0.933333 0.026875 0.035
0 0.900312 0.882917 0.024375 0.030833
0 0.904062 0.812917 0.026875 0.035833
0 0.94625 0.828333 0.0375 0.045
0 0.95375 0.86875 0.045 0.049167
0 0.921562 0.464167 0.036875 0.046667
0 0.87 0.199167 0.0325 0.041667
0 0.83375 0.160417 0.03375 0.044167
0 0.676562 0.135833 0.035625 0.043333
