0 0.982812 0.172917 0.034375 0.070833
0 0.910937 0.0475 0.046875 0.058333
0 0.7925 0.054167 0.055 0.076667
0 0.90125 0.147917 0.03875 0.0575
0 0.879062 0.172083 0.045625 0.070833
0 0.836875 0.175833 0.04875 0.081667
0 0.70625 0.152083 0.04125 0.0575
0 0.855313 0.261667 0.041875 0.058333
0 0.521875 0.1125 0.06125 0.126667
0 0.4125 0.08125 0.04375 0.059167
0 0.63 0.102917 0.04125 0.055833
0 0.592812 0.243333 0.048125 0.105
0 0.4975 0.257083 0.055 0.094167
0 0.616563 0.394583 0.045625 0.075833
0 0.98125 0.43625 0.0375 0.059167
0 0.987812 0.482917 0.024375 0.045833
0 0.894062 0.37625 0.046875 0.0725
0 0.776875 0.491667 0.05125 0.106667
0 0.651875 0.485833 0.04375 0.055
0 0.453437 0.448333 0.059375 0.081667
0 0.427187 0.405833 0.051875 0.063333
0 0.448125 0.524167 0.0425 0.06
0 0.870625 0.64625 0.06375 0.0925
0 0.978125 0.69875 0.04375 0.0875
0 0.964375 0.96 0.04875 0.073333
0 0.7675 0.639583 0.035 0.064167
0 0.62375 0.74 0.0475 0.065
0 0.644687 0.814167 0.043125 0.063333
0 0.603125 0.845833 0.065 0.085
0 0.177187 0.130417 0.044375 0.0775
0 0.329062 0.075417 0.056875 0.074167
0 0.289062 0.20375 0.055625 0.095833
0 0.275313 0.412083 0.034375 0.044167
0 0.215938 0.59 0.050625 0.068333
0 0.055938 0.065833 0.038125 0.051667
0 0.024375 0.143333 0.03875 0.048333
0 0.067812 0.406667 0.046875 0.09
0 0.335 0.847083 0.0625 0.085833
0 0.231875 0.74375 0.04125 0.049167
0 0.184375 0.8475 0.04 0.061667
0 0.464687 0.97 0.063125 0.06
0 0.172187 0.972917 0.041875 0.054167
0 0.082187 0.895 0.074375 0.068333
0 0.015938 0.753333 0.030625 0.053333
