0 0.088125 0.03625 0.03875 0.0575
0 0.151562 0.075417 0.030625 0.044167
0 0.116562 0.118333 0.044375 0.055
0 0.152188 0.137917 0.040625 0.0575
0 0.05375 0.287917 0.0325 0.040833
0 0.112187 0.30125 0.040625 0.044167
0 0.118438 0.342917 0.044375 0.0475
0 0.2725 0.294583 0.03 0.035833
0 0.38 0.326667 0.0375 0.05
0 0.018125 0.498333 0.035 0.045
0 0.186562 0.485 0.029375 0.038333
0 0.184688 0.545833 0.030625 0.046667
0 0.152812 0.529167 0.034375 0.036667
0 0.38125 0.786667 0.03875 0.046667
0 0.041875 0.914583 0.0375 0.0525
0 0.345313 0.95875 0.039375 0.049167
0 0.511563 0.939167 0.043125 0.053333
0 0.56 0.947083 0.04 0.0575
0 0.457813 0.037083 0.043125 0.055833
0 0.536875 0.114167 0.035 0.048333
0 0.49875 0.207083 0.04125 0.0625
0 0.734375 0.0225 0.0425 0.043333
0 0.904375 0.122917 0.03875 0.0475
0 0.954063 0.282917 0.041875 0.0525
0 0.724063 0.3375 0.039375 0.046667
0 0.5425 0.507083 0.03875 0.0475
0 0.855313 0.982917 0.043125 0.034167
0 0.696562 0.84875 0.036875 0.044167
0 0.734062 0.824583 0.038125 0.045833
0 0.651875 0.741667 0.04375 0.043333
0 0.656563 0.61875 0.035625 0.045833
0 0.611563 0.5575 0.045625 0.053333
0 0.627812 0.43875 0.041875 0.0525
0 0.668438 0.46875 0.041875 0.060833
0 0.702187 0.4575 0.038125 0.043333
0 0.726875 0.4325 0.03375 0.045
0 0.797813 0.397917 0.040625 0.0525
0 0.850938 0.415 0.041875 0.05
0 0.892188 0.459583 0.040625 0.054167
0 0.9575 0.642917 0.03125 0.045833
0 0.8475 0.767083 0.04 0.054167
0 0.8375 0.816667 0.04375 0.053333
