0 0.18875 0.7575 0.03 0.05
0 0.220312 0.76 0.039375 0.053333
0 0.233437 0.567083 0.036875 0.044167
0 0.315625 0.606667 0.045 0.06
0 0.420938 0.642083 0.053125 0.089167
0 0.537188 0.575 0.048125 0.063333
0 0.6525 0.763333 0.0475 0.06
0 0.79875 0.834583 0.0375 0.050833
0 0.710625 0.595 0.05625 0.066667
0 0.767813 0.577917 0.048125 0.069167
0 0.870313 0.309583 0.049375 0.0575
0 0.8775 0.26125 0.04875 0.060833
0 0.82625 0.130833 0.03875 0.06
0 0.642813 0.119167 0.044375 0.053333
0 0.539062 0.180833 0.038125 0.05
0 0.31 0.12 0.05 0.068333
0 0.227187 0.152083 0.040625 0.0525
0 0.53125 0.407917 0.0325 0.044167
0 0.045937 0.255 0.039375 0.05
