0 0.788438 0.011667 0.016875 0.021667
0 0.8475 0.06625 0.02125 0.0275
0 0.7525 0.085417 0.02875 0.0425
0 0.683438 0.114583 0.025625 0.0325
0 0.8725 0.226667 0.02625 0.035
0 0.686875 0.19 0.03 0.035
0 0.992188 0.53 0.015625 0.026667
0 0.801562 0.437083 0.026875 0.0375
0 0.75625 0.428333 0.02625 0.035
0 0.716562 0.42875 0.024375 0.029167
0 0.582812 0.353333 0.023125 0.031667
0 0.607812 0.293333 0.020625 0.026667
0 0.9775 0.797083 0.0275 0.034167
0 0.835938 0.794167 0.019375 0.033333
0 0.860938 0.870833 0.025625 0.035
0 0.855625 0.990417 0.0225 0.019167
0 0.870938 0.98125 0.018125 0.020833
0 0.683125 0.898333 0.01875 0.028333
0 0.636563 0.841667 0.023125 0.036667
0 0.536563 0.198333 0.024375 0.035
0 0.506875 0.186667 0.0275 0.033333
0 0.424375 0.33125 0.02625 0.035833
0 0.315312 0.298333 0.024375 0.028333
0 0.424063 0.453333 0.028125 0.03
0 0.57 0.579167 0.0275 0.035
0 0.520625 0.750833 0.0225 0.025
0 0.415312 0.73625 0.023125 0.0275
0 0.375 0.865 0.025 0.03
0 0.116875 0.985417 0.025 0.029167
0 0.194375 0.9775 0.03125 0.033333
0 0.211875 0.915417 0.02 0.0275
0 0.1025 0.835417 0.03125 0.039167
0 0.169687 0.80875 0.023125 0.030833
0 0.254688 0.76375 0.024375 0.030833
0 0.125312 0.674583 0.026875 0.0325
0 0.198437 0.640417 0.019375 0.025833
0 0.265937 0.544167 0.021875 0.028333
0 0.090938 0.472083 0.036875 0.0475
0 0.060937 0.236667 0.021875 0.03
0 0.216562 0.21125 0.020625 0.020833
0 0.190938 0.052917 0.020625 0.025833
0 0.169375 0.032083 0.02125 0.029167
0 0.205313 0.006667 0.021875 0.011667
0 0.0675 0.075833 0.03 0.031667
