0 0.069687 0.078333 0.036875 0.048333
0 0.04 0.071667 0.025 0.036667
0 0.173125 0.168333 0.03625 0.041667
0 0.199375 0.138333 0.03125 0.041667
0 0.2225 0.176667 0.0275 0.038333
0 0.25125 0.236667 0.03125 0.045
0 0.270625 0.212917 0.03625 0.054167
0 0.336875 0.097083 0.0375 0.0525
0 0.352187 0.242917 0.040625 0.049167
0 0.441563 0.1275 0.031875 0.038333
0 0.42375 0.177083 0.035 0.049167
0 0.367188 0.31125 0.034375 0.054167
0 0.134687 0.5275 0.029375 0.04
0 0.097187 0.565417 0.040625 0.0575
0 0.10875 0.638333 0.035 0.04
0 0.174063 0.976667 0.046875 0.03
0 0.250312 0.807917 0.034375 0.0525
0 0.330625 0.657917 0.0325 0.044167
0 0.499375 0.9575 0.04 0.06
0 0.522813 0.811667 0.036875 0.048333
0 0.546562 0.415 0.039375 0.048333
0 0.855938 0.9325 0.039375 0.04
0 0.753437 0.75 0.035625 0.045
0 0.712812 0.775833 0.036875 0.05
0 0.71 0.674583 0.0425 0.054167
0 0.757812 0.499167 0.035625 0.05
0 0.92125 0.677083 0.03375 0.044167
0 0.85 0.230417 0.035 0.0425
0 0.759062 0.235833 0.039375 0.056667
0 0.775 0.11 0.0325 0.038333
0 0.811875 0.008333 0.0325 0.015
0 0.568125 0.267083 0.03 0.0375
0 0.33875 0.599167 0.0475 0.061667
0 0.885 0.552083 0.035 0.050833
0 0.558125 0.883333 0.03625 0.046667
0 0.811562 0.258333 0.029375 0.041667
0 0.345 0.369167 0.0325 0.048333
0 0.345625 0.946667 0.0325 0.05
0 0.364063 0.865833 0.033125 0.046667
