0 0.861875 0.032083 0.03375 0.0425
0 0.637188 0.0425 0.034375 0.045
0 0.867812 0.21 0.033125 0.043333
0 0.949688 0.23625 0.030625 0.049167
0 0.915937 0.5425 0.034375 0.045
0 0.98625 0.462917 0.0275 0.039167
0 0.993125 0.636667 0.01375 0.035
0 0.837812 0.674167 0.030625 0.041667
0 0.890938 0.75875 0.039375 0.059167
0 0.705313 0.749583 0.035625 0.044167
0 0.694688 0.794167 0.026875 0.03
0 0.656875 0.597083 0.03125 0.0375
0 0.884375 0.963333 0.03125 0.045
0 0.844688 0.9775 0.038125 0.045
0 0.094375 0.93875 0.03375 0.039167
0 0.086563 0.789167 0.034375 0.038333
0 0.025937 0.741667 0.030625 0.036667
0 0.20625 0.839167 0.03375 0.041667
0 0.452813 0.8625 0.031875 0.041667
0 0.407813 0.758333 0.035625 0.053333
0 0.550937 0.673333 0.031875 0.045
0 0.51 0.675 0.03625 0.046667
0 0.550312 0.564167 0.033125 0.046667
0 0.27125 0.59 0.0325 0.041667
0 0.477812 0.405833 0.036875 0.043333
0 0.575937 0.36 0.035625 0.046667
0 0.032188 0.501667 0.030625 0.04
0 0.3975 0.232917 0.03375 0.040833
0 0.392188 0.189583 0.030625 0.044167
0 0.384688 0.034167 0.033125 0.04
