0 0.043437 0.11375 0.058125 0.064167
0 0.14125 0.02375 0.04875 0.045833
0 0.19125 0.02875 0.045 0.0525
0 0.33375 0.099167 0.04125 0.058333
0 0.385625 0.135 0.045 0.056667
0 0.39125 0.195417 0.0425 0.0625
0 0.52625 0.01625 0.0425 0.030833
0 0.515 0.285417 0.07375 0.0875
0 0.496875 0.222917 0.035 0.040833
0 0.602812 0.255833 0.053125 0.078333
0 0.539687 0.385833 0.040625 0.066667
0 0.574063 0.372083 0.043125 0.070833
0 0.741875 0.09875 0.03875 0.055833
0 0.7025 0.25 0.04625 0.066667
0 0.805937 0.217083 0.043125 0.0775
0 0.568438 0.468333 0.049375 0.081667
0 0.54875 0.535833 0.06125 0.085
0 0.81 0.507917 0.04625 0.074167
0 0.779375 0.60875 0.04875 0.0575
0 0.833125 0.601667 0.03375 0.043333
0 0.9775 0.71625 0.045 0.070833
0 0.86125 0.731667 0.0325 0.04
0 0.688125 0.758333 0.03375 0.043333
0 0.670312 0.69875 0.041875 0.0775
0 0.552813 0.625833 0.031875 0.045
0 0.527813 0.62875 0.025625 0.039167
0 0.477187 0.691667 0.044375 0.056667
0 0.324375 0.470417 0.03 0.044167
0 0.1325 0.54375 0.05125 0.065833
0 0.04625 0.665833 0.05125 0.058333
0 0.195 0.706667 0.045 0.063333
0 0.309375 0.725417 0.0575 0.065833
0 0.348125 0.891667 0.04 0.053333
0 0.23875 0.899167 0.055 0.076667
