0 0.903438 0.129583 0.029375 0.039167
0 0.965625 0.275417 0.0325 0.0425
0 0.731563 0.329583 0.025625 0.034167
0 0.98375 0.892917 0.0275 0.0375
0 0.899687 0.859583 0.036875 0.0475
0 0.884687 0.8175 0.029375 0.036667
0 0.859375 0.64625 0.03125 0.0475
0 0.715938 0.825417 0.031875 0.0425
0 0.710625 0.950833 0.03 0.046667
0 0.572812 0.935417 0.030625 0.039167
0 0.506875 0.982917 0.04 0.034167
0 0.42625 0.778333 0.03375 0.046667
0 0.325625 0.741667 0.03 0.035
0 0.034063 0.737083 0.033125 0.040833
0 0.273438 0.615417 0.039375 0.0475
0 0.120313 0.460833 0.030625 0.043333
0 0.070938 0.41375 0.031875 0.054167
0 0.044062 0.285833 0.034375 0.05
0 0.215 0.34125 0.03875 0.049167
0 0.515938 0.47125 0.036875 0.049167
0 0.51625 0.319583 0.04 0.0525
0 0.5275 0.240417 0.03125 0.0425
0 0.43375 0.202917 0.0325 0.040833
0 0.39875 0.168333 0.035 0.043333
0 0.11875 0.196667 0.03 0.041667
0 0.484375 0.049167 0.035 0.048333
