0 0.96 0.980833 0.04875 0.038333
0 0.830937 0.80875 0.035625 0.0475
0 0.661563 0.914167 0.030625 0.045
0 0.626563 0.91875 0.044375 0.0675
0 0.573438 0.801667 0.036875 0.043333
0 0.82 0.636667 0.04 0.063333
0 0.9875 0.685 0.025 0.051667
0 0.985938 0.574167 0.028125 0.046667
0 0.691875 0.56375 0.0325 0.045833
0 0.654062 0.559167 0.033125 0.048333
0 0.8325 0.455417 0.03625 0.054167
0 0.731563 0.455 0.034375 0.043333
0 0.601875 0.450833 0.03125 0.045
0 0.969375 0.310417 0.03625 0.0625
0 0.647813 0.326667 0.038125 0.051667
0 0.569688 0.35125 0.041875 0.070833
0 0.776875 0.187083 0.03 0.0425
0 0.788125 0.1575 0.0375 0.048333
0 0.928438 0.05125 0.029375 0.034167
0 0.744375 0.05125 0.045 0.065833
0 0.690625 0.11625 0.035 0.049167
0 0.631875 0.115417 0.03875 0.044167
0 0.634375 0.061667 0.0325 0.046667
0 0.601875 0.053333 0.0375 0.051667
0 0.544375 0.089583 0.0375 0.0525
0 0.485 0.190417 0.04125 0.045833
0 0.459688 0.135 0.031875 0.046667
0 0.429375 0.01875 0.0375 0.035833
0 0.1675 0.025417 0.035 0.044167
0 0.133437 0.10875 0.034375 0.0425
0 0.369688 0.115833 0.031875 0.041667
0 0.281562 0.263333 0.035625 0.055
0 0.304375 0.25125 0.03125 0.0475
0 0.490625 0.417917 0.03 0.044167
0 0.507812 0.52125 0.040625 0.049167
0 0.505 0.599167 0.02875 0.04
0 0.503437 0.64875 0.040625 0.050833
0 0.432812 0.627083 0.034375 0.045833
0 0.373437 0.497083 0.040625 0.055833
0 0.415938 0.724583 0.034375 0.0525
0 0.47875 0.708333 0.035 0.045
0 0.199375 0.69125 0.03875 0.055833
0 0.33 0.958333 0.04625 0.06
