0 0.84 0.02625 0.045 0.050833
0 0.971562 0.095417 0.034375 0.049167
0 0.887188 0.310833 0.030625 0.06
0 0.917813 0.31 0.024375 0.046667
0 0.925625 0.459583 0.03875 0.060833
0 0.626563 0.310833 0.025625 0.046667
0 0.602812 0.3025 0.031875 0.048333
0 0.619062 0.267917 0.036875 0.040833
0 0.5175 0.2325 0.04 0.06
0 0.375937 0.330833 0.038125 0.053333
0 0.076563 0.036667 0.043125 0.058333
0 0.984375 0.68875 0.03125 0.064167
0 0.678125 0.666667 0.03625 0.055
0 0.805312 0.952917 0.031875 0.040833
0 0.63375 0.9775 0.03625 0.043333
0 0.473125 0.830417 0.03875 0.0475
0 0.449375 0.695833 0.03 0.05
0 0.415625 0.694167 0.04 0.066667
0 0.3375 0.5925 0.045 0.053333
0 0.354063 0.787083 0.039375 0.0625
0 0.339062 0.892917 0.030625 0.0375
0 0.17 0.88375 0.0375 0.054167
0 0.2475 0.754167 0.04 0.056667
0 0.1325 0.749167 0.04375 0.06
0 0.069375 0.776667 0.0325 0.045
0 0.020625 0.765417 0.04 0.050833
0 0.034063 0.71625 0.041875 0.0625
0 0.13625 0.550417 0.04 0.0525
0 0.19 0.5 0.03875 0.056667
0 0.147187 0.45625 0.040625 0.0625
