0 0.770938 0.0525 0.033125 0.036667
0 0.764062 0.081667 0.039375 0.055
0 0.808125 0.87875 0.0325 0.0475
0 0.36625 0.025 0.03125 0.038333
0 0.765938 0.071667 0.041875 0.075
0 0.953438 0.51 0.039375 0.061667
0 0.861563 0.808333 0.033125 0.043333
0 0.970313 0.545 0.036875 0.043333
0 0.7975 0.914583 0.03375 0.039167
0 0.579063 0.315833 0.050625 0.065
0 0.348438 0.94625 0.045625 0.064167
0 0.557813 0.219167 0.039375 0.056667
0 0.464375 0.465 0.035 0.051667
0 0.273125 0.65625 0.04875 0.064167
0 0.7025 0.416667 0.04875 0.065
0 0.229063 0.512917 0.040625 0.050833
0 0.188125 0.095 0.03875 0.046667
0 0.761875 0.8025 0.03375 0.048333
0 0.982812 0.980417 0.034375 0.039167
0 0.390313 0.965 0.036875 0.05
0 0.820937 0.084583 0.039375 0.049167
0 0.92125 0.822917 0.04125 0.0525
0 0.103125 0.16 0.03625 0.053333
0 0.973437 0.217917 0.034375 0.044167
0 0.67875 0.2925 0.04 0.055
0 0.724375 0.502083 0.0425 0.055833
0 0.5525 0.792083 0.03875 0.0525
0 0.34 0.879583 0.045 0.060833
0 0.193438 0.1975 0.036875 0.05
0 0.17875 0.8325 0.03875 0.051667
0 0.779375 0.884167 0.0325 0.053333
0 0.9125 0.468333 0.03875 0.06
0 0.50375 0.209167 0.05875 0.083333
0 0.415 0.248333 0.03625 0.05
