0 0.986875 0.031667 0.02625 0.041667
0 0.833438 0.129167 0.035625 0.045
0 0.792813 0.020833 0.043125 0.04
0 0.86625 0.130417 0.02875 0.0425
0 0.878437 0.173333 0.033125 0.046667
0 0.940625 0.352917 0.0425 0.050833
0 0.642813 0.263333 0.030625 0.036667
0 0.59625 0.254167 0.03375 0.048333
0 0.552813 0.125833 0.029375 0.041667
0 0.53625 0.019583 0.03125 0.0375
0 0.719063 0.109167 0.029375 0.036667
0 0.94375 0.58375 0.03375 0.044167
0 0.82625 0.524167 0.03375 0.043333
0 0.760312 0.56625 0.033125 0.0475
0 0.72625 0.63125 0.03 0.044167
0 0.969375 0.480833 0.02875 0.04
0 0.861875 0.462083 0.02875 0.035833
0 0.962187 0.165417 0.028125 0.040833
0 0.835 0.308333 0.04375 0.061667
0 0.773125 0.975833 0.03625 0.043333
0 0.792813 0.797083 0.025625 0.030833
0 0.917813 0.807083 0.028125 0.024167
0 0.910312 0.784583 0.026875 0.0275
0 0.888125 0.742083 0.025 0.030833
0 0.911563 0.675 0.029375 0.041667
0 0.926875 0.860833 0.02625 0.033333
0 0.52125 0.88125 0.03375 0.045833
0 0.590313 0.918333 0.028125 0.038333
0 0.522813 0.9575 0.028125 0.036667
0 0.375937 0.98625 0.040625 0.0275
0 0.367188 0.908333 0.028125 0.038333
0 0.251875 0.938333 0.04 0.058333
0 0.170937 0.94 0.029375 0.038333
0 0.570312 0.67 0.031875 0.046667
0 0.581875 0.501667 0.03125 0.045
0 0.664687 0.631667 0.024375 0.035
0 0.56375 0.579167 0.025 0.038333
0 0.730625 0.353333 0.0225 0.03
0 0.604375 0.325417 0.02625 0.034167
0 0.629062 0.196667 0.020625 0.035
0 0.352812 0.746667 0.039375 0.058333
0 0.376563 0.692083 0.034375 0.039167
0 0.144063 0.77 0.029375 0.045
0 0.253125 0.710417 0.0325 0.0375
0 0.042813 0.6075 0.024375 0.036667
0 0.141875 0.552917 0.03125 0.039167
0 0.230937 0.522917 0.030625 0.049167
0 0.201563 0.484167 0.029375 0.036667
0 0.638437 0.74125 0.020625 0.030833
0 0.059687 0.69375 0.031875 0.0325
0 0.559063 0.165417 0.026875 0.0375
0 0.355 0.296667 0.035 0.045
0 0.390937 0.197083 0.024375 0.0325
0 0.279062 0.181667 0.034375 0.046667
0 0.254375 0.149583 0.02875 0.0375
0 0.382812 0.100417 0.024375 0.034167
0 0.326562 0.069583 0.026875 0.0325
0 0.26625 0.032083 0.0275 0.0375
0 0.089688 0.21625 0.025625 0.034167
0 0.065312 0.16625 0.029375 0.040833
0 0.103125 0.147917 0.0325 0.040833
0 0.120313 0.029167 0.024375 0.03
0 0.231875 0.828333 0.02875 0.035
0 0.637188 0.137083 0.026875 0.030833
0 0.42875 0.155833 0.02 0.031667
0 0.21625 0.335833 0.0275 0.031667
