0 0.8 0.061667 0.04 0.063333
0 0.004063 0.80875 0.006875 0.030833
0 0.609375 0.372917 0.0325 0.055833
0 0.367188 0.265833 0.028125 0.038333
0 0.3375 0.328333 0.0275 0.035
0 0.734375 0.535833 0.03625 0.056667
0 0.742188 0.973333 0.035625 0.043333
0 0.955 0.620417 0.03375 0.044167
0 0.558438 0.914583 0.029375 0.040833
0 0.170625 0.942083 0.03125 0.040833
0 0.384062 0.31875 0.029375 0.0375
0 0.971875 0.737917 0.04 0.069167
0 0.010937 0.787917 0.020625 0.0375
0 0.188125 0.560417 0.03125 0.040833
0 0.285625 0.408333 0.03 0.045
0 0.087813 0.281667 0.028125 0.04
0 0.205 0.8325 0.03125 0.043333
0 0.066875 0.025 0.0375 0.043333
0 0.821875 0.586667 0.0325 0.041667
0 0.756563 0.57375 0.038125 0.054167
0 0.50125 0.198333 0.03125 0.041667
0 0.162188 0.78625 0.034375 0.040833
0 0.355938 0.512083 0.033125 0.040833
0 0.017188 0.956667 0.031875 0.04
0 0.75 0.752083 0.03375 0.0425
0 0.202187 0.318333 0.030625 0.04
0 0.915 0.49 0.0325 0.045
0 0.83875 0.835 0.0325 0.043333
0 0.333125 0.188333 0.03125 0.04
0 0.58625 0.440833 0.035 0.053333
0 0.37375 0.795417 0.0325 0.034167
0 0.33875 0.62 0.02875 0.036667
0 0.064062 0.45625 0.029375 0.039167
0 0.380625 0.54875 0.03375 0.044167
0 0.808438 0.542083 0.031875 0.0425
0 0.527188 0.38125 0.034375 0.050833
0 0.27 0.226667 0.03 0.038333
0 0.725938 0.014583 0.030625 0.0275
0 0.785937 0.7975 0.031875 0.041667
0 0.370312 0.8275 0.030625 0.035
0 0.252188 0.5675 0.033125 0.045
0 0.825 0.014167 0.03625 0.026667
0 0.017812 0.43125 0.034375 0.0475
0 0.611563 0.494167 0.039375 0.05
0 0.979688 0.520417 0.034375 0.0475
0 0.494063 0.770833 0.034375 0.046667
0 0.644062 0.965 0.035625 0.045
0 0.626563 0.766667 0.036875 0.05
0 0.274375 0.7325 0.03625 0.045
0 0.10125 0.727917 0.03375 0.045833
0 0.065937 0.552917 0.034375 0.045833
0 0.703438 0.086667 0.031875 0.045
0 0.885312 0.055833 0.036875 0.046667
0 0.763437 0.340417 0.031875 0.0475
0 0.994375 0.740833 0.01125 0.076667
