0 0.014375 0.89125 0.0275 0.040833
0 0.065625 0.920417 0.03 0.044167
0 0.084062 0.945833 0.031875 0.043333
0 0.375 0.809167 0.03375 0.041667
0 0.480938 0.836667 0.040625 0.051667
0 0.480625 0.789583 0.03875 0.050833
0 0.599063 0.98625 0.035625 0.0275
0 0.6225 0.680417 0.03625 0.0525
0 0.6325 0.632083 0.03875 0.055833
0 0.6125 0.55 0.04 0.043333
0 0.538125 0.538333 0.0325 0.04
0 0.52875 0.510833 0.03 0.041667
0 0.78125 0.669583 0.03625 0.0475
0 0.985938 0.406667 0.028125 0.045
0 0.923125 0.332083 0.04875 0.0525
0 0.992812 0.20375 0.014375 0.044167
0 0.8525 0.205833 0.04375 0.051667
0 0.946562 0.10875 0.034375 0.044167
0 0.607812 0.18875 0.028125 0.0375
0 0.534375 0.29125 0.035 0.045833
0 0.4475 0.40125 0.03 0.049167
0 0.262188 0.28875 0.031875 0.040833
0 0.374063 0.153333 0.035625 0.046667
0 0.205 0.362083 0.04 0.0525
0 0.169687 0.05125 0.028125 0.0425
0 0.188125 0.044583 0.025 0.044167
0 0.21375 0.048333 0.03 0.051667
0 0.305625 0.022083 0.03375 0.0425
0 0.406875 0.0125 0.03 0.023333
