0 0.30875 0.151667 0.04625 0.055
0 0.269375 0.2525 0.05125 0.063333
0 0.089688 0.299583 0.040625 0.0575
0 0.10625 0.44 0.04625 0.058333
0 0.033125 0.458333 0.04625 0.068333
0 0.562187 0.354583 0.054375 0.0725
0 0.658125 0.489583 0.05375 0.0575
0 0.655937 0.549583 0.058125 0.0675
0 0.557813 0.599583 0.050625 0.059167
0 0.517188 0.637917 0.050625 0.070833
0 0.467187 0.609167 0.055625 0.061667
0 0.030625 0.65875 0.0475 0.059167
0 0.027187 0.722917 0.051875 0.0675
0 0.024688 0.859167 0.046875 0.061667
0 0.135313 0.880417 0.035625 0.0425
0 0.13125 0.923333 0.05625 0.048333
0 0.1025 0.955417 0.0525 0.055833
0 0.09125 0.987917 0.0475 0.024167
0 0.97875 0.370417 0.0425 0.049167
0 0.847812 0.462917 0.036875 0.050833
0 0.829063 0.510417 0.050625 0.069167
0 0.75 0.63625 0.05 0.074167
0 0.8175 0.854583 0.03875 0.0525
0 0.970313 0.75625 0.048125 0.0725
0 0.92125 0.945833 0.04125 0.043333
