0 0.775625 0.02625 0.05375 0.050833
0 0.814688 0.027917 0.034375 0.030833
0 0.809688 0.058333 0.040625 0.055
0 0.849688 0.08 0.049375 0.066667
0 0.89125 0.19625 0.0375 0.0725
0 0.854062 0.213333 0.043125 0.083333
0 0.743437 0.16625 0.051875 0.069167
0 0.688438 0.251667 0.053125 0.083333
0 0.885312 0.2875 0.050625 0.08
0 0.951875 0.273333 0.05125 0.086667
0 0.816875 0.328333 0.0425 0.073333
0 0.7325 0.338333 0.04625 0.07
0 0.924063 0.39375 0.058125 0.105833
0 0.9475 0.466667 0.03125 0.051667
0 0.5825 0.226667 0.05625 0.081667
0 0.594375 0.097083 0.045 0.084167
0 0.634375 0.063333 0.04625 0.066667
0 0.63875 0.019583 0.0375 0.0375
0 0.469687 0.04 0.049375 0.065
0 0.453125 0.122917 0.045 0.075833
0 0.4225 0.15625 0.05 0.0725
0 0.345 0.13125 0.04 0.060833
0 0.393125 0.221667 0.05 0.08
0 0.909062 0.618333 0.074375 0.1
0 0.774062 0.606667 0.044375 0.083333
0 0.6175 0.518333 0.03625 0.06
0 0.565 0.530833 0.0425 0.075
0 0.4675 0.452083 0.05 0.085833
0 0.829063 0.7475 0.056875 0.088333
0 0.770312 0.741667 0.044375 0.076667
0 0.857187 0.882917 0.036875 0.0625
0 0.925937 0.9725 0.050625 0.055
0 0.658125 0.814583 0.045 0.055833
0 0.589375 0.74125 0.0425 0.055833
0 0.609688 0.674583 0.040625 0.0625
0 0.508437 0.636667 0.050625 0.07
0 0.515 0.935833 0.04875 0.088333
0 0.484063 0.93625 0.038125 0.060833
0 0.4475 0.977917 0.0475 0.044167
0 0.386875 0.938333 0.04625 0.08
0 0.043437 0.942917 0.036875 0.0525
0 0.03 0.913333 0.04125 0.065
0 0.134063 0.77875 0.041875 0.059167
0 0.284062 0.6875 0.044375 0.071667
0 0.200937 0.610417 0.048125 0.075833
0 0.035625 0.673333 0.0375 0.063333
0 0.023438 0.573333 0.045625 0.095
0 0.355312 0.557917 0.048125 0.069167
0 0.330313 0.490833 0.049375 0.076667
0 0.204375 0.503333 0.0475 0.053333
0 0.17625 0.542917 0.03125 0.049167
0 0.149062 0.584583 0.030625 0.0425
0 0.112812 0.604583 0.049375 0.055833
0 0.084062 0.56 0.041875 0.066667
0 0.38 0.441667 0.04875 0.085
0 0.337813 0.41125 0.046875 0.065833
0 0.196875 0.444167 0.045 0.06
0 0.199375 0.3875 0.05125 0.06
0 0.153438 0.385 0.041875 0.071667
0 0.174687 0.329167 0.053125 0.075
0 0.168437 0.170417 0.051875 0.080833
0 0.06875 0.442083 0.0425 0.059167
0 0.035937 0.380417 0.041875 0.0625
0 0.019375 0.216667 0.0375 0.071667
0 0.0375 0.1525 0.045 0.068333
0 0.013125 0.121667 0.025 0.063333
0 0.347187 0.0275 0.066875 0.053333
0 0.563125 0.62125 0.05125 0.085833
0 0.97375 0.570833 0.04875 0.091667
