0 0.901875 0.527083 0.03375 0.040833
0 0.367812 0.089167 0.045625 0.055
0 0.970625 0.469167 0.04125 0.066667
0 0.551562 0.989583 0.033125 0.020833
0 0.863437 0.953333 0.034375 0.063333
0 0.855 0.396667 0.02875 0.035
0 0.855625 0.360833 0.0425 0.041667
0 0.995 0.529583 0.01 0.0475
0 0.230313 0.174167 0.033125 0.053333
0 0.705 0.983333 0.0375 0.033333
0 0.634062 0.279167 0.031875 0.045
0 0.879687 0.382083 0.026875 0.0375
0 0.823438 0.415 0.035625 0.056667
0 0.008438 0.91875 0.015625 0.060833
0 0.545937 0.360417 0.029375 0.035833
0 0.792813 0.632083 0.033125 0.044167
0 0.827812 0.327083 0.041875 0.0525
0 0.080625 0.69875 0.03 0.039167
0 0.08 0.190417 0.0325 0.0475
0 0.53625 0.330833 0.035 0.035
0 0.094375 0.722083 0.03 0.0375
0 0.839688 0.72875 0.031875 0.044167
0 0.01625 0.259167 0.03125 0.045
0 0.21125 0.409167 0.03375 0.045
0 0.090938 0.780417 0.031875 0.045833
0 0.83875 0.97875 0.03625 0.0425
0 0.474375 0.163333 0.0475 0.061667
0 0.532188 0.57375 0.046875 0.0625
0 0.571562 0.049583 0.031875 0.045833
0 0.53125 0.29 0.035 0.046667
0 0.011562 0.7225 0.021875 0.048333
0 0.73 0.7425 0.03625 0.058333
0 0.84625 0.550417 0.0325 0.049167
0 0.104688 0.83125 0.034375 0.0475
0 0.863125 0.237917 0.0325 0.0525
0 0.64375 0.239167 0.035 0.046667
0 0.79625 0.487917 0.035 0.0525
0 0.634375 0.095833 0.03375 0.046667
0 0.436875 0.865833 0.03625 0.051667
0 0.064062 0.449167 0.039375 0.056667
0 0.414375 0.060833 0.03875 0.051667
0 0.211562 0.088333 0.035625 0.046667
0 0.544687 0.135833 0.036875 0.053333
0 0.70875 0.404167 0.0375 0.053333
0 0.2225 0.492917 0.0375 0.0575
0 0.055313 0.810417 0.041875 0.0625
0 0.344062 0.53375 0.038125 0.0575
0 0.759375 0.034167 0.035 0.05
0 0.763125 0.290417 0.03875 0.0625
0 0.608125 0.297917 0.055 0.095833
0 0.25 0.184167 0.03625 0.051667
0 0.89625 0.970833 0.0325 0.058333
