0 0.83 0.2175 0.0275 0.046667
0 0.805625 0.215417 0.02375 0.040833
0 0.905 0.242083 0.03125 0.039167
0 0.702812 0.032083 0.026875 0.0325
0 0.605625 0.02125 0.035 0.040833
0 0.977812 0.548333 0.031875 0.04
0 0.9125 0.32875 0.03 0.0425
0 0.785312 0.3425 0.029375 0.04
0 0.71125 0.39375 0.03 0.040833
0 0.840313 0.405417 0.035625 0.049167
0 0.83875 0.4825 0.03375 0.046667
0 0.73125 0.549167 0.03375 0.038333
0 0.660312 0.584583 0.036875 0.050833
0 0.771563 0.718333 0.028125 0.035
0 0.5575 0.375 0.03875 0.05
0 0.335 0.012083 0.03125 0.0225
0 0.247188 0.252917 0.041875 0.054167
0 0.326875 0.34125 0.035 0.054167
0 0.366563 0.436667 0.026875 0.045
0 0.3575 0.454167 0.02 0.026667
0 0.315312 0.472083 0.033125 0.045833
0 0.017188 0.24375 0.029375 0.034167
0 0.237187 0.540833 0.038125 0.048333
0 0.07 0.763333 0.0275 0.033333
0 0.183125 0.87875 0.03 0.039167
0 0.260625 0.853333 0.02625 0.043333
0 0.23375 0.859167 0.035 0.038333
0 0.236563 0.82 0.035625 0.041667
0 0.476875 0.602083 0.03375 0.045833
0 0.4975 0.761667 0.035 0.048333
0 0.636875 0.905833 0.0275 0.036667
0 0.672188 0.923333 0.053125 0.063333
