0 0.0275 0.877917 0.03625 0.0575
0 0.015312 0.801667 0.029375 0.043333
0 0.0175 0.772083 0.03375 0.039167
0 0.124063 0.75875 0.039375 0.069167
0 0.152812 0.762917 0.029375 0.054167
0 0.299687 0.6775 0.038125 0.065
0 0.366875 0.827917 0.03625 0.049167
0 0.375625 0.531667 0.04 0.056667
0 0.455937 0.645417 0.036875 0.0575
0 0.45375 0.121667 0.045 0.061667
0 0.38875 0.10875 0.04375 0.0675
0 0.726875 0.13 0.04 0.056667
0 0.83875 0.227083 0.03875 0.0525
0 0.92 0.262917 0.04125 0.054167
0 0.98125 0.190417 0.0375 0.064167
0 0.942187 0.112083 0.045625 0.0625
0 0.937813 0.661667 0.046875 0.071667
0 0.932187 0.867917 0.051875 0.069167
0 0.473438 0.988333 0.040625 0.023333
0 0.802813 0.985833 0.038125 0.028333
0 0.496563 0.66375 0.046875 0.100833
0 0.350313 0.679583 0.033125 0.049167
0 0.494688 0.269583 0.059375 0.070833
