0 0.034688 0.250417 0.031875 0.0425
0 0.11375 0.194583 0.03375 0.040833
0 0.204687 0.188333 0.035625 0.05
0 0.327813 0.24875 0.036875 0.0525
0 0.180938 0.320833 0.026875 0.035
0 0.450937 0.169583 0.028125 0.040833
0 0.518437 0.542083 0.030625 0.040833
0 0.549375 0.479167 0.0275 0.041667
0 0.533125 0.03375 0.03 0.045833
0 0.1725 0.820833 0.03125 0.041667
0 0.424063 0.702083 0.033125 0.044167
0 0.597187 0.764583 0.028125 0.0375
0 0.659687 0.660833 0.030625 0.05
0 0.705313 0.650833 0.031875 0.038333
0 0.7675 0.669583 0.03625 0.050833
0 0.755625 0.73375 0.0325 0.039167
0 0.793125 0.620417 0.03375 0.045833
0 0.853125 0.64125 0.03375 0.045833
0 0.828438 0.538333 0.031875 0.04
0 0.950937 0.604583 0.030625 0.039167
0 0.665 0.772083 0.0275 0.0325
0 0.921875 0.046667 0.02375 0.031667
0 0.94875 0.63625 0.0225 0.030833
