0 0.103125 0.712917 0.04125 0.050833
0 0.207813 0.4225 0.033125 0.048333
0 0.360938 0.445833 0.039375 0.056667
0 0.4725 0.56125 0.0375 0.069167
0 0.489687 0.827083 0.053125 0.065833
0 0.559688 0.808333 0.041875 0.056667
0 0.341562 0.960417 0.038125 0.0575
0 0.593437 0.9725 0.043125 0.055
0 0.012188 0.603333 0.023125 0.05
0 0.14375 0.124583 0.03625 0.040833
0 0.169063 0.059167 0.043125 0.056667
0 0.274687 0.021667 0.033125 0.041667
0 0.503437 0.114167 0.040625 0.058333
0 0.629375 0.353333 0.0325 0.05
0 0.724688 0.254167 0.046875 0.066667
0 0.544375 0.139167 0.03125 0.045
0 0.9175 0.0675 0.03375 0.038333
0 0.88625 0.765417 0.03 0.0375
0 0.015 0.5575 0.02875 0.036667
