0 0.23125 0.789583 0.05875 0.069167
0 0.9975 0.912083 0.005 0.045833
0 0.944688 0.047083 0.034375 0.075833
0 0.133437 0.01625 0.048125 0.030833
0 0.665 0.965833 0.06 0.068333
0 0.24125 0.5325 0.04375 0.075
0 0.101875 0.32625 0.04375 0.0625
0 0.450625 0.8 0.0475 0.071667
0 0.065312 0.779167 0.041875 0.058333
0 0.613437 0.945833 0.051875 0.078333
0 0.420312 0.020833 0.044375 0.038333
0 0.681562 0.102083 0.040625 0.055833
0 0.803438 0.7075 0.040625 0.06
0 0.553438 0.1825 0.043125 0.061667
0 0.212812 0.288333 0.044375 0.068333
0 0.29875 0.705417 0.03875 0.059167
0 0.907813 0.585833 0.043125 0.068333
0 0.910937 0.054583 0.041875 0.074167
0 0.524375 0.025417 0.04625 0.0475
0 0.686875 0.87375 0.03625 0.055833
0 0.243438 0.732083 0.055625 0.079167
0 0.204687 0.72875 0.053125 0.0475
0 0.198125 0.684167 0.05875 0.07
