0 0.367188 0.76625 0.050625 0.080833
0 0.795 0.242917 0.04375 0.064167
0 0.349062 0.02375 0.053125 0.045833
0 0.978437 0.969167 0.043125 0.061667
0 0.080937 0.97875 0.051875 0.0425
0 0.0175 0.9775 0.03375 0.045
0 0.186562 0.44625 0.040625 0.054167
0 0.9475 0.61375 0.05 0.070833
0 0.151875 0.030833 0.045 0.058333
0 0.641875 0.854583 0.04375 0.060833
0 0.81375 0.52625 0.04625 0.0625
0 0.241563 0.364167 0.051875 0.078333
0 0.837812 0.564583 0.049375 0.064167
0 0.565312 0.271667 0.048125 0.075
0 0.333437 0.706667 0.041875 0.063333
0 0.364375 0.585417 0.04875 0.074167
0 0.730938 0.882917 0.040625 0.059167
0 0.408438 0.26625 0.045625 0.0675
0 0.584688 0.02625 0.064375 0.050833
0 0.05625 0.897917 0.055 0.070833
0 0.312812 0.564583 0.058125 0.0825
0 0.27875 0.4725 0.0575 0.076667
0 0.5875 0.520417 0.0525 0.069167
0 0.420938 0.076667 0.046875 0.065
0 0.134375 0.745417 0.05 0.059167
0 0.879687 0.149167 0.061875 0.066667
0 0.498437 0.455 0.066875 0.088333
0 0.588437 0.785 0.050625 0.071667
