0 0.405625 0.109583 0.0425 0.060833
0 0.569688 0.32875 0.039375 0.0525
0 0.7 0.325833 0.03375 0.055
0 0.631563 0.450417 0.039375 0.054167
0 0.780625 0.374583 0.04125 0.0475
0 0.854062 0.395833 0.034375 0.058333
0 0.88625 0.475417 0.04125 0.0475
0 0.989062 0.767917 0.021875 0.039167
0 0.976562 0.838333 0.039375 0.056667
0 0.8825 0.81 0.0425 0.053333
0 0.880313 0.909167 0.041875 0.048333
0 0.797188 0.946667 0.039375 0.071667
0 0.697812 0.769583 0.043125 0.0625
0 0.60375 0.753333 0.0325 0.043333
0 0.596562 0.88875 0.041875 0.059167
0 0.506563 0.750833 0.033125 0.048333
0 0.445 0.909583 0.03375 0.050833
0 0.468125 0.958333 0.04 0.058333
0 0.382188 0.7325 0.036875 0.058333
0 0.512188 0.583333 0.036875 0.051667
0 0.47125 0.5575 0.04 0.051667
0 0.149688 0.84625 0.035625 0.050833
0 0.119063 0.675417 0.040625 0.0625
0 0.1875 0.617083 0.03625 0.055833
0 0.148438 0.510833 0.036875 0.048333
0 0.169063 0.315 0.038125 0.046667
