0 0.014063 0.929167 0.026875 0.05
0 0.075625 0.815417 0.04125 0.064167
0 0.03125 0.592083 0.03 0.049167
0 0.042188 0.526667 0.043125 0.056667
0 0.110937 0.1275 0.041875 0.05
0 0.350313 0.151667 0.044375 0.06
0 0.444375 0.365833 0.04125 0.051667
0 0.4325 0.40375 0.04125 0.055833
0 0.456875 0.8875 0.04375 0.063333
0 0.584688 0.915417 0.044375 0.0725
0 0.762188 0.881667 0.043125 0.07
0 0.754687 0.715833 0.039375 0.058333
0 0.718437 0.695 0.048125 0.066667
0 0.677813 0.559583 0.046875 0.079167
0 0.590625 0.440833 0.04125 0.058333
0 0.541875 0.146667 0.03625 0.056667
0 0.496563 0.04375 0.038125 0.039167
0 0.542188 0.012083 0.046875 0.0225
0 0.820625 0.039167 0.03375 0.048333
0 0.920625 0.267917 0.03125 0.0475
0 0.950937 0.553333 0.038125 0.051667
0 0.969375 0.44 0.03875 0.051667
0 0.81125 0.203333 0.04125 0.05
