0 0.88875 0.16625 0.035 0.044167
0 0.799375 0.115 0.04125 0.061667
0 0.9775 0.220833 0.03 0.04
0 0.874062 0.310833 0.043125 0.065
0 0.74875 0.2325 0.035 0.058333
0 0.762188 0.336667 0.039375 0.053333
0 0.860625 0.391667 0.03125 0.048333
0 0.803438 0.6 0.036875 0.043333
0 0.872188 0.677917 0.035625 0.050833
0 0.630313 0.51875 0.041875 0.0625
0 0.6475 0.90375 0.03125 0.050833
0 0.536875 0.950833 0.0275 0.04
0 0.465313 0.979583 0.043125 0.039167
0 0.310937 0.74625 0.044375 0.064167
0 0.597812 0.70875 0.044375 0.060833
0 0.6025 0.651667 0.04875 0.066667
0 0.545625 0.686667 0.0325 0.046667
0 0.095937 0.932083 0.056875 0.0725
0 0.167813 0.949583 0.033125 0.045833
0 0.388125 0.587083 0.0375 0.054167
0 0.334375 0.565833 0.03375 0.046667
0 0.48375 0.3975 0.045 0.066667
0 0.459062 0.25625 0.040625 0.0525
0 0.47375 0.123333 0.0425 0.058333
0 0.314688 0.219583 0.041875 0.059167
0 0.13125 0.315417 0.04375 0.059167
0 0.057188 0.46625 0.041875 0.055833
0 0.059062 0.227917 0.036875 0.0425
0 0.068437 0.07875 0.051875 0.070833
0 0.171563 0.034583 0.031875 0.040833
