0 0.213125 0.101667 0.05 0.07
0 0.831875 0.141667 0.05 0.05
0 0.54 0.372917 0.05625 0.0725
0 0.2275 0.329583 0.045 0.059167
0 0.19375 0.254167 0.04625 0.075
0 0.73375 0.345417 0.03875 0.055833
0 0.938438 0.48625 0.053125 0.0675
0 0.765 0.678333 0.04125 0.056667
0 0.591562 0.773333 0.045625 0.071667
0 0.404687 0.836667 0.050625 0.085
0 0.131562 0.624167 0.041875 0.066667
0 0.072188 0.892083 0.048125 0.0775
0 0.135313 0.9075 0.046875 0.071667
0 0.40875 0.959583 0.0425 0.064167
0 0.834688 0.105833 0.041875 0.031667
0 0.816562 0.164583 0.039375 0.049167
