0 0.930937 0.123333 0.035625 0.053333
0 0.975 0.2 0.035 0.038333
0 0.857187 0.259583 0.053125 0.070833
0 0.59 0.097917 0.0375 0.054167
0 0.979688 0.0375 0.026875 0.04
0 0.86375 0.54 0.04875 0.065
0 0.523125 0.532083 0.04375 0.0625
0 0.899375 0.9875 0.0375 0.025
0 0.750313 0.717083 0.041875 0.060833
0 0.705625 0.770417 0.035 0.0475
0 0.387188 0.83625 0.054375 0.065833
0 0.348438 0.584583 0.045625 0.070833
0 0.2825 0.558333 0.04 0.058333
0 0.60875 0.902083 0.04125 0.054167
0 0.254375 0.4075 0.03625 0.046667
0 0.085312 0.429583 0.040625 0.054167
0 0.047188 0.335417 0.033125 0.0525
0 0.310625 0.331667 0.03375 0.043333
0 0.176875 0.285 0.04 0.053333
0 0.124688 0.262083 0.043125 0.055833
0 0.431875 0.065 0.0375 0.053333
0 0.293438 0.082083 0.039375 0.055833
0 0.241563 0.130833 0.035625 0.048333
0 0.715313 0.699583 0.035625 0.055833
0 0.537813 0.352083 0.039375 0.0625
0 0.824688 0.207083 0.034375 0.0525
