0 0.734688 0.225 0.048125 0.068333
0 0.762813 0.395 0.050625 0.095
0 0.585625 0.263333 0.03 0.06
0 0.559688 0.25375 0.038125 0.0525
0 0.877188 0.619583 0.049375 0.090833
0 0.554063 0.535833 0.046875 0.073333
0 0.60125 0.675417 0.04 0.054167
0 0.564375 0.76125 0.04375 0.059167
0 0.864688 0.908333 0.036875 0.066667
0 0.903125 0.9575 0.05 0.068333
0 0.369375 0.199167 0.05125 0.088333
0 0.381875 0.640417 0.0525 0.0825
0 0.460938 0.354167 0.036875 0.051667
0 0.333437 0.702917 0.031875 0.044167
0 0.309688 0.66375 0.050625 0.0575
0 0.273125 0.7175 0.0475 0.071667
0 0.185938 0.734167 0.054375 0.065
0 0.169687 0.790833 0.045625 0.058333
0 0.200313 0.910833 0.056875 0.078333
0 0.149375 0.914167 0.05875 0.081667
0 0.259375 0.95 0.0375 0.066667
0 0.030937 0.744583 0.050625 0.0675
0 0.074688 0.970833 0.040625 0.058333
