0 0.85 0.079167 0.03625 0.05
0 0.667813 0.310833 0.041875 0.056667
0 0.96 0.471667 0.02875 0.045
0 0.721875 0.837083 0.03625 0.0475
0 0.957812 0.981667 0.038125 0.036667
0 0.373437 0.66875 0.041875 0.050833
0 0.384688 0.499167 0.041875 0.058333
0 0.269688 0.580417 0.030625 0.054167
0 0.237813 0.56 0.036875 0.068333
0 0.145 0.438333 0.0525 0.06
0 0.1625 0.397083 0.0375 0.0525
0 0.235625 0.705833 0.03625 0.051667
0 0.294687 0.66625 0.039375 0.0475
0 0.156562 0.919583 0.038125 0.0475
0 0.076875 0.945 0.0375 0.041667
0 0.193438 0.572083 0.050625 0.0725
