0 0.022812 0.020417 0.028125 0.0375
0 0.038437 0.05625 0.029375 0.0375
0 0.158125 0.1425 0.0375 0.045
0 0.253437 0.038333 0.038125 0.048333
0 0.159062 0.405833 0.043125 0.05
0 0.069375 0.7225 0.03375 0.051667
0 0.19625 0.860833 0.035 0.041667
0 0.194688 0.745417 0.036875 0.0475
0 0.244688 0.735 0.036875 0.045
0 0.27625 0.833333 0.02875 0.04
0 0.30375 0.838333 0.0275 0.038333
0 0.333437 0.771667 0.035625 0.046667
0 0.334062 0.739167 0.036875 0.051667
0 0.317812 0.697083 0.036875 0.040833
0 0.38 0.314583 0.03875 0.050833
0 0.564375 0.240833 0.04 0.05
0 0.696562 0.013333 0.039375 0.025
0 0.7225 0.504583 0.04125 0.0475
0 0.866563 0.93125 0.031875 0.035833
0 0.809063 0.897917 0.040625 0.0475
0 0.55875 0.105 0.04 0.06
0 0.046562 0.647083 0.051875 0.085833
0 0.073438 0.622917 0.031875 0.0525
0 0.712812 0.671667 0.025625 0.035
0 0.734062 0.65375 0.029375 0.044167
0 0.805937 0.204167 0.026875 0.036667
0 0.951562 0.284583 0.028125 0.039167
0 0.951562 0.45375 0.025625 0.034167
