0 0.225312 0.56 0.038125 0.055
0 0.11625 0.785417 0.04 0.0525
0 0.094062 0.897917 0.043125 0.0525
0 0.179688 0.4525 0.039375 0.051667
0 0.161562 0.344167 0.045625 0.051667
0 0.14625 0.0575 0.03625 0.043333
0 0.275938 0.120417 0.038125 0.049167
0 0.352812 0.062917 0.033125 0.039167
0 0.379688 0.091667 0.031875 0.048333
0 0.384375 0.145833 0.045 0.053333
0 0.364375 0.2575 0.0375 0.051667
0 0.397813 0.341667 0.033125 0.051667
0 0.33625 0.385 0.0375 0.05
0 0.414375 0.395833 0.03125 0.051667
0 0.367812 0.435 0.043125 0.043333
0 0.367188 0.47625 0.034375 0.0425
0 0.434688 0.55375 0.035625 0.0475
0 0.539062 0.289167 0.039375 0.061667
0 0.582812 0.148333 0.035625 0.048333
0 0.650937 0.076667 0.034375 0.045
0 0.800937 0.074583 0.039375 0.045833
0 0.78875 0.109583 0.03375 0.039167
0 0.043125 0.692083 0.03125 0.0425
0 0.238437 0.855 0.038125 0.05
0 0.268437 0.917083 0.035625 0.049167
0 0.388437 0.882917 0.044375 0.049167
0 0.450313 0.769167 0.035625 0.043333
0 0.573438 0.779583 0.035625 0.049167
0 0.653438 0.80625 0.043125 0.049167
0 0.343438 0.977083 0.039375 0.044167
0 0.455625 0.9575 0.0325 0.045
0 0.567187 0.968333 0.035625 0.046667
0 0.76625 0.946667 0.04125 0.046667
0 0.7475 0.899167 0.03625 0.046667
0 0.853437 0.67125 0.035625 0.050833
0 0.8025 0.609583 0.04 0.054167
0 0.771563 0.39 0.035625 0.045
0 0.815937 0.39875 0.040625 0.044167
