0 0.255625 0.776667 0.04 0.051667
0 0.004687 0.107083 0.008125 0.049167
0 0.369375 0.450417 0.045 0.0625
0 0.05625 0.024583 0.0425 0.0475
0 0.087813 0.096667 0.030625 0.033333
0 0.83625 0.609583 0.0425 0.0775
0 0.193125 0.024583 0.04375 0.0475
0 0.439688 0.87875 0.050625 0.064167
0 0.291563 0.183333 0.033125 0.05
0 0.497188 0.40875 0.043125 0.0625
0 0.7675 0.059167 0.04 0.053333
0 0.330937 0.38875 0.036875 0.055833
0 0.893437 0.544167 0.029375 0.045
0 0.419375 0.502917 0.04125 0.060833
0 0.758125 0.740833 0.04375 0.056667
0 0.830937 0.2525 0.043125 0.055
0 0.654687 0.403333 0.031875 0.046667
0 0.874687 0.5275 0.029375 0.043333
0 0.815625 0.215833 0.03875 0.05
0 0.065312 0.08 0.036875 0.046667
0 0.819688 0.10125 0.041875 0.059167
0 0.570625 0.11625 0.0475 0.065833
0 0.937813 0.52 0.035625 0.053333
0 0.765938 0.257083 0.041875 0.0575
0 0.281875 0.549583 0.04375 0.064167
0 0.081875 0.150833 0.04 0.053333
0 0.523438 0.08125 0.038125 0.050833
0 0.664062 0.299583 0.036875 0.0525
0 0.704375 0.91125 0.04375 0.055833
0 0.44875 0.978333 0.04125 0.043333
0 0.348125 0.47875 0.04875 0.070833
0 0.51 0.835417 0.04125 0.0525
0 0.778438 0.52875 0.038125 0.050833
0 0.031563 0.650417 0.033125 0.044167
0 0.835938 0.037917 0.040625 0.059167
0 0.0925 0.395417 0.035 0.0525
0 0.310312 0.275 0.038125 0.055
0 0.695937 0.404583 0.036875 0.0525
0 0.499063 0.68625 0.039375 0.055833
0 0.265 0.196667 0.0375 0.05
0 0.92375 0.44 0.03625 0.055
0 0.986563 0.84875 0.026875 0.0525
0 0.885312 0.019583 0.030625 0.035833
