0 0.87125 0.107083 0.0375 0.055833
0 0.733125 0.024167 0.03875 0.046667
0 0.713437 0.235833 0.043125 0.056667
0 0.676562 0.392083 0.033125 0.0425
0 0.750313 0.57125 0.044375 0.0525
0 0.606875 0.591667 0.04 0.046667
0 0.560937 0.60375 0.040625 0.044167
0 0.714063 0.7275 0.034375 0.048333
0 0.568438 0.790417 0.038125 0.0475
0 0.453125 0.669167 0.0425 0.051667
0 0.445937 0.522083 0.039375 0.049167
0 0.9725 0.797917 0.0275 0.0325
0 0.849063 0.87875 0.033125 0.0375
0 0.487812 0.921667 0.039375 0.05
0 0.183125 0.89625 0.03375 0.044167
0 0.079062 0.884583 0.036875 0.049167
0 0.15375 0.63 0.04375 0.053333
0 0.258437 0.63625 0.036875 0.0425
0 0.283438 0.587083 0.044375 0.060833
0 0.219375 0.505833 0.0475 0.063333
0 0.350313 0.364583 0.041875 0.0575
0 0.209687 0.095833 0.041875 0.053333
0 0.251875 0.046667 0.04125 0.058333
