0 0.299375 0.892917 0.04 0.0625
0 0.0875 0.36875 0.04625 0.069167
0 0.614375 0.415 0.05125 0.073333
0 0.84375 0.287083 0.04125 0.0575
0 0.36875 0.179583 0.04625 0.0625
0 0.979375 0.475 0.04125 0.08
0 0.317188 0.1975 0.050625 0.071667
0 0.182812 0.301667 0.056875 0.075
0 0.279375 0.313333 0.04875 0.066667
0 0.16625 0.60125 0.05125 0.069167
0 0.03625 0.69125 0.05375 0.0725
0 0.258125 0.139167 0.04625 0.071667
0 0.813125 0.421667 0.0625 0.086667
0 0.195312 0.437083 0.065625 0.079167
0 0.970313 0.547083 0.058125 0.079167
0 0.7875 0.290833 0.05375 0.076667
