0 0.58625 0.093333 0.045 0.045
0 0.299375 0.362917 0.04875 0.064167
0 0.798438 0.759167 0.035625 0.05
0 0.17125 0.734167 0.04125 0.065
0 0.009062 0.028333 0.016875 0.053333
0 0.83375 0.35 0.04375 0.065
0 0.77125 0.325417 0.04625 0.074167
0 0.135313 0.9025 0.049375 0.07
0 0.404062 0.161667 0.064375 0.085
0 0.284375 0.06875 0.055 0.064167
0 0.703438 0.384167 0.046875 0.063333
0 0.590625 0.132917 0.04 0.045833
0 0.540625 0.925833 0.05 0.068333
0 0.519687 0.619583 0.056875 0.084167
0 0.654687 0.146667 0.050625 0.075
0 0.270937 0.47125 0.048125 0.0675
0 0.300312 0.293333 0.065625 0.078333
0 0.9025 0.8325 0.04625 0.086667
0 0.112187 0.60875 0.050625 0.065833
0 0.282813 0.1275 0.063125 0.063333
0 0.29125 0.86 0.0575 0.078333
0 0.988125 0.0225 0.02375 0.043333
