0 0.98625 0.095833 0.0275 0.058333
0 0.949688 0.234167 0.039375 0.053333
0 0.7425 0.189167 0.03375 0.05
0 0.790625 0.223333 0.03125 0.043333
0 0.769062 0.272083 0.035625 0.055833
0 0.774375 0.36625 0.04 0.0625
0 0.891875 0.49375 0.04125 0.069167
0 0.840313 0.497083 0.045625 0.0725
0 0.721875 0.485 0.03875 0.056667
0 0.690625 0.530417 0.045 0.065833
0 0.511875 0.527083 0.03875 0.060833
0 0.496563 0.664583 0.050625 0.0675
0 0.830937 0.733333 0.040625 0.058333
0 0.484687 0.784167 0.043125 0.048333
0 0.059375 0.979583 0.04125 0.040833
0 0.105938 0.975417 0.043125 0.0425
0 0.112187 0.911667 0.028125 0.043333
0 0.296875 0.7475 0.04875 0.073333
0 0.38875 0.729167 0.03875 0.046667
0 0.067187 0.65375 0.040625 0.0475
0 0.3075 0.484167 0.04 0.046667
0 0.272188 0.380833 0.043125 0.053333
0 0.315312 0.315417 0.051875 0.064167
0 0.168125 0.27375 0.04625 0.0575
0 0.014687 0.158333 0.028125 0.06
0 0.315 0.17125 0.05125 0.074167
0 0.257812 0.135 0.046875 0.058333
0 0.454375 0.13625 0.03625 0.0475
0 0.538438 0.065833 0.043125 0.061667
0 0.57875 0.0275 0.0375 0.046667
0 0.635938 0.02625 0.036875 0.050833
0 0.490312 0.58 0.059375 0.093333
