0 0.106563 0.094583 0.035625 0.045833
0 0.30875 0.1075 0.03625 0.046667
0 0.323437 0.04375 0.043125 0.055833
0 0.226562 0.359583 0.033125 0.044167
0 0.012812 0.64125 0.024375 0.045833
0 0.105625 0.835417 0.03875 0.0475
0 0.23125 0.97625 0.03625 0.045833
0 0.255937 0.7825 0.040625 0.055
0 0.22875 0.750833 0.0325 0.046667
0 0.286875 0.872083 0.0425 0.059167
0 0.280625 0.94125 0.0325 0.049167
0 0.4175 0.66625 0.03875 0.054167
0 0.4175 0.86375 0.03 0.0475
0 0.474687 0.982083 0.039375 0.035833
0 0.555 0.654583 0.0425 0.054167
0 0.589375 0.841667 0.03 0.038333
0 0.859688 0.847083 0.031875 0.040833
0 0.73875 0.49125 0.04625 0.060833
0 0.644687 0.415 0.038125 0.05
0 0.604062 0.387917 0.033125 0.0475
0 0.86875 0.3275 0.0375 0.046667
0 0.938438 0.170833 0.045625 0.046667
0 0.836562 0.18 0.044375 0.051667
0 0.585313 0.100833 0.035625 0.045
0 0.509687 0.337083 0.036875 0.0575
0 0.445625 0.4875 0.04 0.045
0 0.664687 0.115417 0.028125 0.049167
0 0.079687 0.947083 0.029375 0.030833
0 0.907188 0.21375 0.035625 0.039167
