0 0.12625 0.557083 0.03125 0.040833
0 0.155625 0.560417 0.02625 0.040833
0 0.053125 0.871667 0.035 0.046667
0 0.069375 0.92625 0.03875 0.054167
0 0.23125 0.89375 0.04375 0.050833
0 0.343125 0.828333 0.03625 0.046667
0 0.30625 0.732917 0.03875 0.0525
0 0.215625 0.147083 0.0375 0.049167
0 0.352812 0.244583 0.040625 0.054167
0 0.4375 0.210833 0.0425 0.045
0 0.374375 0.039167 0.04 0.05
0 0.525312 0.619583 0.036875 0.050833
0 0.749687 0.59 0.031875 0.04
0 0.8025 0.900417 0.035 0.045833
0 0.792813 0.685833 0.035625 0.05
0 0.879062 0.27375 0.039375 0.0475
0 0.93375 0.26125 0.04 0.0525
0 0.689375 0.227917 0.0425 0.045833
0 0.80125 0.054583 0.035 0.0475
0 0.024688 0.581667 0.029375 0.045
0 0.618125 0.769167 0.0325 0.06
