0 0.919063 0.820417 0.040625 0.0625
0 0.7025 0.799583 0.06 0.085833
0 0.614062 0.825833 0.041875 0.058333
0 0.966875 0.5025 0.03125 0.046667
0 0.706562 0.415833 0.035625 0.051667
0 0.585625 0.564167 0.0475 0.066667
0 0.908438 0.285833 0.039375 0.048333
0 0.796562 0.292917 0.050625 0.079167
0 0.968437 0.195 0.034375 0.05
0 0.870625 0.121667 0.03625 0.053333
0 0.811875 0.122917 0.03 0.0525
0 0.67875 0.209583 0.0525 0.065833
0 0.556875 0.184167 0.05875 0.08
0 0.651563 0.330417 0.044375 0.065833
0 0.4325 0.35 0.04125 0.05
0 0.375937 0.57125 0.055625 0.080833
0 0.399062 0.772083 0.068125 0.0825
0 0.346562 0.771667 0.040625 0.058333
0 0.341875 0.715833 0.0475 0.061667
0 0.376875 0.725833 0.04625 0.065
0 0.055 0.922917 0.045 0.0575
0 0.101875 0.898333 0.06375 0.083333
0 0.040313 0.655417 0.053125 0.0775
0 0.208437 0.6075 0.040625 0.053333
0 0.262813 0.524167 0.041875 0.051667
0 0.357812 0.2525 0.048125 0.066667
0 0.303125 0.170417 0.0375 0.0475
0 0.189688 0.168333 0.036875 0.043333
0 0.018125 0.165833 0.035 0.095
0 0.040938 0.08125 0.039375 0.055833
0 0.150312 0.045417 0.038125 0.0525
