0 0.081562 0.310417 0.030625 0.040833
0 0.959688 0.49 0.044375 0.058333
0 0.98625 0.516667 0.0275 0.055
0 0.502188 0.5825 0.045625 0.063333
0 0.71625 0.569583 0.0425 0.060833
0 0.5 0.800833 0.0475 0.075
0 0.330313 0.28125 0.044375 0.049167
0 0.25375 0.586667 0.045 0.071667
0 0.947187 0.54375 0.050625 0.074167
0 0.67875 0.496667 0.03875 0.056667
0 0.31 0.133333 0.04375 0.056667
0 0.591562 0.622917 0.040625 0.0525
0 0.11625 0.158333 0.03625 0.051667
0 0.396562 0.305 0.038125 0.056667
0 0.910625 0.595833 0.03875 0.061667
0 0.288125 0.6975 0.0375 0.058333
0 0.95375 0.420417 0.04375 0.0625
0 0.409062 0.716667 0.040625 0.061667
0 0.252188 0.830417 0.048125 0.0775
0 0.7925 0.894583 0.04375 0.074167
0 0.69375 0.234583 0.04125 0.0675
0 0.675312 0.673333 0.058125 0.08
0 0.324062 0.2425 0.059375 0.058333
