0 0.664687 0.499583 0.036875 0.049167
0 0.302812 0.902917 0.036875 0.054167
0 0.990313 0.603333 0.019375 0.053333
0 0.06 0.400833 0.04875 0.066667
0 0.032813 0.039167 0.041875 0.055
0 0.033438 0.157917 0.059375 0.0825
0 0.037187 0.246667 0.043125 0.056667
0 0.648125 0.532083 0.03875 0.069167
0 0.391875 0.545417 0.0475 0.0775
0 0.453125 0.8075 0.0375 0.056667
0 0.490312 0.08875 0.039375 0.0575
0 0.283438 0.939167 0.039375 0.055
0 0.72 0.393333 0.04125 0.06
0 0.4125 0.31 0.04 0.06
0 0.93625 0.34125 0.03625 0.055833
0 0.7925 0.506667 0.04375 0.071667
0 0.711562 0.665833 0.040625 0.066667
