0 0.876563 0.5525 0.028125 0.04
0 0.926562 0.845833 0.029375 0.046667
0 0.295625 0.524583 0.0375 0.060833
0 0.134375 0.154583 0.0375 0.064167
0 0.655625 0.721667 0.0425 0.066667
0 0.686562 0.979583 0.030625 0.040833
0 0.328125 0.536667 0.03125 0.068333
0 0.011562 0.925417 0.021875 0.055833
0 0.304688 0.141667 0.038125 0.065
0 0.339687 0.0525 0.040625 0.066667
0 0.276562 0.54875 0.041875 0.0625
0 0.196563 0.355 0.036875 0.048333
0 0.486563 0.485833 0.043125 0.061667
0 0.965313 0.947083 0.043125 0.059167
0 0.950937 0.763333 0.029375 0.033333
0 0.580625 0.252917 0.0425 0.049167
0 0.479375 0.6725 0.0375 0.048333
0 0.806562 0.660833 0.043125 0.056667
0 0.030625 0.16625 0.03875 0.0525
0 0.94125 0.732917 0.0325 0.0375
0 0.972812 0.0375 0.038125 0.051667
0 0.122813 0.749167 0.039375 0.065
0 0.159688 0.31 0.039375 0.056667
0 0.8825 0.480833 0.03625 0.055
0 0.186562 0.465417 0.038125 0.0525
0 0.926562 0.493333 0.030625 0.043333
0 0.28375 0.779167 0.03375 0.045
0 0.975313 0.491667 0.034375 0.043333
0 0.539687 0.3775 0.038125 0.051667
0 0.127188 0.927917 0.040625 0.050833
0 0.073438 0.708333 0.035625 0.048333
0 0.0625 0.02 0.0375 0.038333
0 0.482187 0.079167 0.031875 0.041667
0 0.580937 0.885417 0.033125 0.0425
0 0.865313 0.685833 0.033125 0.046667
0 0.040313 0.6775 0.033125 0.043333
0 0.11 0.402083 0.03875 0.0525
0 0.211875 0.679167 0.035 0.05
0 0.64875 0.042917 0.04 0.054167
0 0.945625 0.095833 0.0375 0.048333
0 0.221562 0.880417 0.036875 0.049167
0 0.432188 0.85375 0.038125 0.050833
0 0.498437 0.647083 0.035625 0.0575
