0 0.985 0.01125 0.03 0.020833
0 0.979062 0.26875 0.034375 0.0475
0 0.671875 0.03 0.0525 0.058333
0 0.79875 0.02125 0.0375 0.040833
0 0.774687 0.10875 0.029375 0.059167
0 0.802188 0.177917 0.033125 0.044167
0 0.656875 0.375 0.0375 0.05
0 0.688438 0.350833 0.045625 0.061667
0 0.741563 0.390833 0.041875 0.061667
0 0.73875 0.489167 0.0225 0.036667
0 0.70125 0.544583 0.02875 0.0475
0 0.890938 0.63625 0.038125 0.049167
0 0.795625 0.625 0.06125 0.073333
0 0.661875 0.640417 0.02875 0.044167
0 0.921562 0.8525 0.025625 0.036667
0 0.823438 0.84 0.036875 0.048333
0 0.761563 0.94125 0.031875 0.054167
0 0.64 0.914583 0.04625 0.070833
0 0.345313 0.514167 0.038125 0.051667
0 0.49 0.5825 0.03875 0.055
0 0.48 0.429583 0.045 0.065833
0 0.6025 0.397083 0.03625 0.0575
0 0.54875 0.382917 0.04125 0.0575
0 0.627188 0.097917 0.049375 0.050833
0 0.54125 0.18 0.04375 0.06
0 0.502812 0.185 0.045625 0.065
0 0.48 0.230417 0.05875 0.0675
0 0.374688 0.0275 0.028125 0.053333
0 0.268125 0.0225 0.04125 0.043333
0 0.191562 0.05 0.043125 0.056667
0 0.2675 0.25375 0.0425 0.064167
0 0.223438 0.196667 0.035625 0.055
0 0.109375 0.095417 0.0425 0.054167
0 0.092188 0.14625 0.033125 0.050833
0 0.12125 0.142917 0.02625 0.0425
0 0.026562 0.299583 0.038125 0.054167
0 0.179063 0.386667 0.040625 0.05
0 0.1875 0.434583 0.0425 0.050833
0 0.282813 0.507083 0.038125 0.050833
0 0.102813 0.54 0.046875 0.07
0 0.243438 0.585417 0.035625 0.049167
0 0.202187 0.688333 0.044375 0.06
0 0.319375 0.831667 0.03625 0.043333
0 0.297187 0.8725 0.046875 0.046667
0 0.006562 0.977083 0.011875 0.039167
0 0.03375 0.987083 0.03125 0.025833
0 0.128438 0.872917 0.043125 0.0575
0 0.037187 0.80125 0.036875 0.049167
