0 0.088438 0.7175 0.051875 0.081667
0 0.297812 0.75125 0.044375 0.070833
0 0.421875 0.6 0.03625 0.066667
0 0.444063 0.56 0.033125 0.056667
0 0.4275 0.533333 0.03375 0.055
0 0.394688 0.533333 0.043125 0.06
0 0.34375 0.34875 0.03875 0.0575
0 0.314688 0.217083 0.046875 0.0675
0 0.440937 0.396667 0.049375 0.055
0 0.389375 0.261667 0.035 0.05
0 0.524375 0.314583 0.0375 0.0525
0 0.554375 0.230417 0.04875 0.070833
0 0.742812 0.193333 0.045625 0.063333
0 0.616563 0.314167 0.034375 0.051667
0 0.623437 0.695833 0.041875 0.053333
0 0.616875 0.554167 0.05 0.065
0 0.715625 0.604583 0.045 0.060833
0 0.876875 0.954167 0.0525 0.066667
0 0.18 0.602917 0.0325 0.0575
0 0.52375 0.14875 0.05125 0.064167
