0 0.126875 0.8975 0.04125 0.055
0 0.895312 0.0175 0.029375 0.031667
0 0.05875 0.395833 0.0425 0.075
0 0.283125 0.8775 0.0475 0.06
0 0.193438 0.102917 0.049375 0.060833
0 0.02375 0.388333 0.03875 0.063333
0 0.989062 0.165833 0.021875 0.068333
0 0.440312 0.905 0.043125 0.05
0 0.612812 0.807083 0.045625 0.065833
0 0.218438 0.131667 0.049375 0.063333
0 0.23375 0.027083 0.03875 0.0475
0 0.422187 0.866667 0.041875 0.051667
0 0.310625 0.72375 0.04 0.054167
0 0.575625 0.286667 0.04875 0.07
0 0.986875 0.715 0.02625 0.058333
0 0.547813 0.321667 0.040625 0.053333
0 0.731563 0.2075 0.039375 0.061667
0 0.805 0.740833 0.03875 0.058333
0 0.950937 0.321667 0.035625 0.05
0 0.10875 0.925 0.0425 0.051667
0 0.522188 0.284167 0.039375 0.06
0 0.666875 0.8925 0.04 0.058333
0 0.637813 0.68 0.035625 0.051667
0 0.843125 0.68875 0.04 0.060833
0 0.701875 0.76875 0.0375 0.050833
0 0.835938 0.502083 0.041875 0.064167
0 0.638437 0.090417 0.038125 0.0575
0 0.672813 0.10125 0.036875 0.059167
0 0.952812 0.25625 0.041875 0.060833
