0 0.0375 0.048333 0.04125 0.051667
0 0.23625 0.145417 0.03375 0.039167
0 0.365938 0.246667 0.036875 0.056667
0 0.126875 0.327917 0.035 0.045833
0 0.573125 0.2425 0.045 0.06
0 0.578438 0.176667 0.043125 0.06
0 0.557187 0.142917 0.033125 0.044167
0 0.808438 0.11 0.044375 0.058333
0 0.7525 0.234583 0.0375 0.044167
0 0.80375 0.325 0.03875 0.045
0 0.777813 0.359167 0.046875 0.063333
0 0.675312 0.5 0.041875 0.061667
0 0.611563 0.594167 0.045625 0.056667
0 0.98125 0.13625 0.0375 0.050833
0 0.939063 0.464583 0.036875 0.045833
0 0.933125 0.608333 0.03625 0.043333
0 0.041875 0.275 0.04125 0.051667
0 0.342187 0.546667 0.036875 0.043333
0 0.4075 0.680417 0.0425 0.055833
0 0.59125 0.654583 0.035 0.049167
0 0.2875 0.773333 0.04 0.056667
0 0.252812 0.822917 0.044375 0.0575
0 0.205937 0.7875 0.039375 0.048333
0 0.507188 0.972917 0.045625 0.054167
0 0.5675 0.9625 0.04625 0.058333
0 0.665 0.739167 0.04375 0.056667
0 0.739688 0.736667 0.025625 0.033333
0 0.54 0.258333 0.025 0.041667
0 0.462813 0.214167 0.026875 0.035
