0 0.179688 0.66875 0.045625 0.0575
0 0.164062 0.499583 0.045625 0.0575
0 0.232187 0.64375 0.040625 0.050833
0 0.2775 0.552083 0.0425 0.055833
0 0.390313 0.4625 0.039375 0.056667
0 0.488438 0.620417 0.044375 0.054167
0 0.119063 0.9775 0.048125 0.045
0 0.540625 0.361667 0.03875 0.055
0 0.697812 0.269167 0.045625 0.06
0 0.68375 0.320833 0.03875 0.046667
0 0.729062 0.08625 0.036875 0.0475
0 0.643125 0.12125 0.0375 0.059167
0 0.831562 0.325833 0.045625 0.053333
0 0.958125 0.34875 0.03875 0.044167
0 0.816875 0.481667 0.03875 0.053333
0 0.949688 0.65875 0.046875 0.0525
0 0.9275 0.9425 0.045 0.063333
0 0.977812 0.937917 0.035625 0.0525
0 0.744687 0.892917 0.034375 0.045833
0 0.622188 0.956667 0.033125 0.041667
0 0.416563 0.454583 0.049375 0.070833
0 0.830625 0.659583 0.03375 0.045833
0 0.0175 0.538333 0.03125 0.041667
