0 0.201875 0.674583 0.0375 0.050833
0 0.333437 0.49625 0.033125 0.044167
0 0.503437 0.649167 0.033125 0.045
0 0.28625 0.845 0.035 0.05
0 0.289062 0.902917 0.041875 0.0575
0 0.065625 0.513333 0.03 0.04
0 0.344687 0.98625 0.028125 0.025833
0 0.59875 0.849583 0.04 0.050833
0 0.762188 0.972917 0.038125 0.049167
0 0.858437 0.724583 0.039375 0.045833
0 0.87875 0.704583 0.0325 0.040833
0 0.660937 0.364167 0.041875 0.056667
0 0.703125 0.187083 0.0375 0.054167
0 0.767813 0.136667 0.039375 0.055
0 0.894375 0.316667 0.03125 0.043333
0 0.9675 0.95125 0.035 0.040833
0 0.419063 0.252917 0.028125 0.0525
