0 0.692187 0.912083 0.050625 0.060833
0 0.596875 0.712917 0.04375 0.0575
0 0.380625 0.7575 0.05375 0.078333
0 0.888125 0.819583 0.055 0.060833
0 0.860938 0.860417 0.051875 0.065833
0 0.875625 0.766667 0.03875 0.06
0 0.966875 0.832917 0.0525 0.060833
0 0.792813 0.666667 0.050625 0.068333
0 0.194062 0.978333 0.048125 0.043333
0 0.073125 0.909583 0.0475 0.065833
0 0.078437 0.79375 0.041875 0.054167
0 0.129688 0.6775 0.060625 0.091667
0 0.186562 0.645 0.049375 0.066667
0 0.191562 0.396667 0.046875 0.055
0 0.36 0.428333 0.055 0.07
0 0.407187 0.459583 0.053125 0.070833
0 0.484063 0.515833 0.043125 0.055
0 0.515938 0.28375 0.041875 0.055833
0 0.619687 0.428333 0.038125 0.058333
0 0.65 0.432917 0.03625 0.0675
0 0.674687 0.467083 0.046875 0.055833
0 0.7025 0.424167 0.045 0.053333
0 0.682187 0.388333 0.045625 0.058333
0 0.715313 0.311667 0.044375 0.065
0 0.770625 0.2725 0.06125 0.055
0 0.825937 0.298333 0.050625 0.063333
0 0.790312 0.368333 0.041875 0.065
0 0.851562 0.2575 0.039375 0.041667
0 0.872188 0.210833 0.045625 0.055
0 0.918125 0.22875 0.0475 0.0625
0 0.939375 0.168333 0.045 0.05
0 0.841562 0.0425 0.050625 0.068333
0 0.756563 0.0225 0.046875 0.043333
0 0.424063 0.042083 0.046875 0.060833
0 0.207187 0.03125 0.045625 0.060833
