0 0.914687 0.246667 0.053125 0.083333
0 0.744687 0.235 0.045625 0.068333
0 0.611563 0.327917 0.034375 0.0475
0 0.641875 0.368333 0.0375 0.046667
0 0.680312 0.4625 0.038125 0.061667
0 0.514375 0.507917 0.0525 0.075833
0 0.979688 0.472917 0.030625 0.0425
0 0.960313 0.504167 0.034375 0.048333
0 0.92625 0.51 0.0425 0.071667
0 0.940312 0.570417 0.048125 0.069167
0 0.830625 0.802083 0.04 0.065833
0 0.743125 0.75625 0.03125 0.0475
0 0.673125 0.77125 0.04125 0.0575
0 0.416875 0.028333 0.03875 0.055
0 0.73875 0.959167 0.05375 0.081667
0 0.467813 0.778333 0.044375 0.063333
0 0.386875 0.855833 0.06 0.075
0 0.419375 0.765 0.045 0.061667
0 0.26875 0.641667 0.04125 0.048333
0 0.191875 0.732917 0.035 0.045833
0 0.158438 0.72 0.048125 0.06
0 0.052187 0.957083 0.030625 0.045833
