0 0.656875 0.010417 0.03375 0.019167
0 0.029375 0.17625 0.045 0.055833
0 0.265625 0.2775 0.055 0.056667
0 0.253437 0.4275 0.035625 0.056667
0 0.227813 0.489167 0.045625 0.058333
0 0.20125 0.68625 0.03875 0.055833
0 0.161875 0.696667 0.0425 0.055
0 0.096562 0.81125 0.044375 0.064167
0 0.034688 0.80375 0.039375 0.0475
0 0.044687 0.917083 0.033125 0.0425
0 0.125312 0.86125 0.036875 0.0525
0 0.497188 0.765417 0.048125 0.064167
0 0.474062 0.365833 0.036875 0.053333
0 0.44125 0.35 0.035 0.05
0 0.420312 0.37625 0.034375 0.0575
0 0.499063 0.291667 0.049375 0.055
0 0.5275 0.149583 0.03 0.040833
0 0.5725 0.12 0.0425 0.066667
0 0.551875 0.53625 0.03625 0.0425
0 0.55125 0.49625 0.0375 0.044167
0 0.541562 0.615 0.035625 0.051667
0 0.808125 0.70625 0.05 0.059167
0 0.807813 0.554167 0.036875 0.048333
0 0.819688 0.322083 0.040625 0.0525
0 0.366563 0.931667 0.035625 0.041667
0 0.09125 0.359583 0.02875 0.0375
0 0.850938 0.919167 0.046875 0.068333
0 0.830313 0.260417 0.065625 0.0675
