0 0.791875 0.048333 0.03625 0.058333
0 0.947812 0.18375 0.041875 0.060833
0 0.840625 0.201667 0.04 0.053333
0 0.644687 0.187083 0.046875 0.064167
0 0.534687 0.07875 0.030625 0.044167
0 0.8275 0.288333 0.03875 0.078333
0 0.78 0.354583 0.03875 0.0475
0 0.761563 0.32625 0.028125 0.045833
0 0.68 0.363333 0.03625 0.051667
0 0.640938 0.373333 0.041875 0.058333
0 0.738125 0.525 0.04125 0.048333
0 0.724688 0.49 0.038125 0.043333
0 0.683438 0.442917 0.048125 0.069167
0 0.647813 0.50625 0.030625 0.064167
0 0.623437 0.505417 0.026875 0.054167
0 0.870313 0.585 0.034375 0.048333
0 0.520938 0.528333 0.059375 0.08
0 0.978125 0.794167 0.03875 0.055
0 0.98625 0.924167 0.0275 0.056667
0 0.59375 0.934167 0.045 0.063333
0 0.441563 0.935833 0.048125 0.07
0 0.445937 0.84 0.039375 0.06
0 0.396562 0.760417 0.055625 0.080833
0 0.418125 0.627917 0.03375 0.044167
0 0.290938 0.70625 0.041875 0.054167
0 0.220312 0.63625 0.036875 0.045833
0 0.210625 0.6 0.03375 0.041667
0 0.109375 0.402917 0.04375 0.0625
0 0.411562 0.393333 0.048125 0.071667
0 0.358125 0.3525 0.04375 0.058333
0 0.407813 0.233333 0.046875 0.063333
0 0.4125 0.153333 0.04125 0.046667
0 0.422187 0.1225 0.035625 0.045
0 0.398125 0.036667 0.04375 0.051667
0 0.416875 0.02 0.04 0.038333
0 0.263437 0.738333 0.025625 0.031667
