0 0.124375 0.515833 0.035 0.048333
0 0.1475 0.536667 0.0375 0.058333
0 0.451562 0.115833 0.034375 0.053333
0 0.432812 0.081667 0.038125 0.05
0 0.85125 0.1375 0.0375 0.056667
0 0.597187 0.21125 0.034375 0.040833
0 0.458437 0.212083 0.031875 0.040833
0 0.365 0.46375 0.03875 0.0475
0 0.484063 0.427917 0.044375 0.059167
0 0.578438 0.445833 0.031875 0.038333
0 0.7425 0.4175 0.03375 0.041667
0 0.964063 0.034583 0.038125 0.049167
0 0.778125 0.457917 0.03625 0.044167
0 0.859375 0.439167 0.0325 0.043333
0 0.76625 0.654583 0.0325 0.0375
0 0.309688 0.64125 0.034375 0.049167
0 0.690937 0.924167 0.028125 0.038333
0 0.65875 0.91 0.03125 0.046667
0 0.674687 0.7675 0.038125 0.055
0 0.494063 0.8275 0.040625 0.051667
0 0.473125 0.896667 0.03 0.036667
0 0.365 0.79625 0.0375 0.045833
0 0.29 0.774583 0.0375 0.049167
0 0.241875 0.8425 0.03 0.045
0 0.299687 0.94875 0.026875 0.0425
