0 0.111562 0.025 0.043125 0.048333
0 0.405313 0.0375 0.048125 0.061667
0 0.445937 0.289583 0.046875 0.064167
0 0.670312 0.31125 0.045625 0.060833
0 0.715625 0.015833 0.04625 0.03
0 0.766875 0.089167 0.05125 0.06
0 0.754375 0.296667 0.04 0.056667
0 0.854688 0.32375 0.043125 0.064167
0 0.957812 0.275417 0.049375 0.060833
0 0.958125 0.407917 0.035 0.059167
0 0.809375 0.517083 0.05625 0.065833
0 0.933125 0.805833 0.03625 0.05
0 0.73625 0.599167 0.045 0.065
0 0.709688 0.566667 0.041875 0.06
0 0.64375 0.91875 0.0425 0.060833
0 0.914375 0.985 0.035 0.03
0 0.583438 0.564167 0.048125 0.061667
0 0.39125 0.82125 0.0525 0.069167
0 0.578438 0.718333 0.028125 0.048333
0 0.075938 0.901667 0.043125 0.058333
0 0.163125 0.6325 0.04375 0.061667
0 0.28875 0.60625 0.04875 0.064167
0 0.120938 0.552917 0.026875 0.040833
0 0.372188 0.552083 0.049375 0.075833
0 0.29125 0.486667 0.05375 0.073333
0 0.179688 0.5 0.051875 0.068333
0 0.424063 0.515417 0.046875 0.0675
0 0.50125 0.445417 0.0475 0.064167
