0 0.272813 0.02625 0.056875 0.050833
0 0.37 0.017083 0.04375 0.0325
0 0.4125 0.082917 0.045 0.064167
0 0.446875 0.078333 0.04 0.061667
0 0.522188 0.074167 0.045625 0.066667
0 0.583438 0.1175 0.046875 0.08
0 0.65625 0.25 0.04 0.088333
0 0.683438 0.27375 0.028125 0.059167
0 0.805937 0.154583 0.035625 0.060833
0 0.83 0.12125 0.03625 0.074167
0 0.760625 0.215 0.04375 0.085
0 0.915312 0.327083 0.033125 0.055833
0 0.898438 0.39 0.050625 0.098333
0 0.848437 0.5175 0.044375 0.073333
0 0.748125 0.545 0.03875 0.061667
0 0.723125 0.630833 0.0475 0.078333
0 0.769375 0.632917 0.0475 0.085833
0 0.6625 0.685833 0.0425 0.046667
0 0.6675 0.738333 0.04375 0.065
0 0.725938 0.749167 0.043125 0.061667
0 0.790312 0.745417 0.035625 0.055833
0 0.879062 0.782083 0.043125 0.0625
0 0.793438 0.845417 0.040625 0.0625
0 0.88375 0.843333 0.04375 0.065
0 0.8125 0.964583 0.05125 0.069167
0 0.745313 0.965833 0.046875 0.068333
0 0.664687 0.971667 0.050625 0.056667
0 0.282813 0.98125 0.039375 0.0375
0 0.573438 0.78875 0.049375 0.074167
0 0.509062 0.715 0.038125 0.061667
0 0.473125 0.764167 0.03625 0.055
0 0.468125 0.843333 0.0525 0.073333
0 0.393125 0.877083 0.04 0.060833
0 0.297187 0.877917 0.048125 0.0625
0 0.324062 0.860833 0.043125 0.055
0 0.308437 0.80125 0.038125 0.055833
0 0.159375 0.846667 0.04125 0.063333
0 0.123438 0.87 0.041875 0.061667
0 0.03375 0.82375 0.0425 0.060833
0 0.129688 0.654583 0.041875 0.0625
0 0.1925 0.543333 0.04 0.055
0 0.349062 0.48625 0.051875 0.064167
0 0.404062 0.544167 0.041875 0.056667
0 0.461562 0.492917 0.039375 0.059167
0 0.5525 0.435417 0.0425 0.065833
0 0.423438 0.347083 0.040625 0.079167
0 0.393437 0.345417 0.036875 0.0625
0 0.5575 0.347917 0.05 0.064167
0 0.59 0.307083 0.035 0.045833
0 0.562187 0.265 0.038125 0.068333
0 0.494688 0.278333 0.048125 0.055
0 0.038437 0.401667 0.040625 0.06
0 0.013437 0.33125 0.025625 0.0675
0 0.316875 0.221667 0.05125 0.073333
0 0.349687 0.155833 0.048125 0.075
0 0.44625 0.15375 0.04875 0.075833
0 0.411875 0.2 0.04 0.063333
0 0.975 0.410417 0.05 0.079167
0 0.968125 0.35625 0.0575 0.069167
