0 0.234375 0.095417 0.05125 0.0725
0 0.12625 0.075417 0.0375 0.0625
0 0.18375 0.336667 0.045 0.071667
0 0.054688 0.20125 0.039375 0.069167
0 0.079375 0.471667 0.045 0.08
0 0.443125 0.451667 0.04375 0.065
0 0.42125 0.657917 0.0475 0.089167
0 0.024375 0.8175 0.0475 0.08
0 0.369375 0.963333 0.04125 0.065
0 0.635312 0.20625 0.034375 0.055833
0 0.83875 0.178333 0.04 0.07
0 0.876875 0.125833 0.03625 0.061667
0 0.843125 0.352917 0.0425 0.069167
0 0.9075 0.502917 0.03625 0.0575
0 0.92875 0.54625 0.035 0.054167
