0 0.961875 0.020417 0.0525 0.039167
0 0.921562 0.04625 0.041875 0.0525
0 0.847187 0.186667 0.041875 0.06
0 0.93125 0.31875 0.0375 0.059167
0 0.910625 0.61625 0.03125 0.0575
0 0.990313 0.765417 0.019375 0.060833
0 0.949375 0.853333 0.0425 0.055
0 0.813125 0.909583 0.035 0.0425
0 0.830937 0.645417 0.034375 0.0575
0 0.81375 0.393333 0.02875 0.041667
0 0.749687 0.265 0.034375 0.053333
0 0.66625 0.21 0.02625 0.036667
0 0.681875 0.057083 0.02625 0.0425
0 0.666562 0.01375 0.031875 0.025833
0 0.704063 0.41125 0.034375 0.0575
0 0.770312 0.457083 0.030625 0.044167
0 0.69875 0.564583 0.04375 0.055833
0 0.67875 0.672917 0.03625 0.0525
0 0.685625 0.77125 0.03375 0.0425
0 0.730938 0.922083 0.044375 0.069167
0 0.67625 0.970417 0.04125 0.054167
0 0.58875 0.892083 0.03375 0.045833
0 0.453437 0.925 0.035625 0.046667
0 0.482812 0.955417 0.048125 0.054167
0 0.434688 0.829167 0.036875 0.046667
0 0.469062 0.670417 0.040625 0.0625
0 0.5425 0.6525 0.03875 0.06
0 0.5675 0.389583 0.035 0.054167
0 0.436563 0.4825 0.048125 0.073333
0 0.316563 0.3475 0.053125 0.056667
0 0.259062 0.444583 0.053125 0.054167
0 0.185 0.432083 0.04375 0.0525
0 0.496563 0.225 0.048125 0.103333
0 0.305 0.10375 0.02375 0.055833
0 0.283438 0.090417 0.034375 0.059167
0 0.356563 0.052083 0.038125 0.055833
0 0.273125 0.149583 0.04 0.065833
0 0.217812 0.08 0.033125 0.046667
0 0.2575 0.605417 0.0325 0.049167
0 0.327813 0.67875 0.033125 0.050833
0 0.259062 0.787083 0.035625 0.040833
0 0.347187 0.827083 0.033125 0.039167
0 0.26 0.8375 0.02625 0.038333
0 0.3525 0.86375 0.0375 0.040833
0 0.365938 0.9075 0.036875 0.046667
0 0.080312 0.949167 0.038125 0.058333
0 0.0125 0.599167 0.02375 0.04
0 0.095312 0.537917 0.045625 0.055833
0 0.140625 0.488333 0.03625 0.055
0 0.05875 0.467917 0.03375 0.039167
0 0.052187 0.419583 0.035625 0.0425
0 0.0925 0.38125 0.03375 0.049167
0 0.043437 0.3625 0.033125 0.053333
0 0.007812 0.155833 0.014375 0.05
