0 0.795 0.030833 0.04375 0.06
0 0.911563 0.0375 0.044375 0.071667
0 0.889687 0.063333 0.040625 0.048333
0 0.875313 0.117917 0.058125 0.070833
0 0.92625 0.229583 0.06625 0.0875
0 0.808125 0.165833 0.0375 0.061667
0 0.77375 0.124167 0.05375 0.08
0 0.80375 0.332083 0.04625 0.070833
0 0.908125 0.57 0.055 0.058333
0 0.891875 0.521667 0.04 0.061667
0 0.812187 0.778333 0.041875 0.06
0 0.733437 0.802917 0.043125 0.0625
0 0.629062 0.57 0.044375 0.075
0 0.549063 0.645833 0.049375 0.065
0 0.495937 0.11375 0.059375 0.085833
0 0.550625 0.115833 0.0475 0.068333
0 0.590938 0.099167 0.036875 0.056667
0 0.31625 0.091667 0.05125 0.076667
0 0.325313 0.172917 0.060625 0.069167
0 0.396562 0.195 0.044375 0.076667
0 0.44625 0.229583 0.05125 0.074167
0 0.634687 0.8975 0.051875 0.068333
0 0.560312 0.874167 0.044375 0.06
0 0.581875 0.840417 0.0425 0.0425
0 0.55125 0.790833 0.0525 0.08
0 0.352187 0.6825 0.079375 0.071667
0 0.424687 0.881667 0.058125 0.081667
0 0.435 0.973333 0.0625 0.053333
0 0.278438 0.875417 0.049375 0.059167
0 0.19875 0.88125 0.04875 0.0575
0 0.01375 0.919583 0.02625 0.064167
0 0.052812 0.76125 0.045625 0.070833
0 0.22 0.7 0.06125 0.07
0 0.18875 0.624167 0.0425 0.056667
0 0.279375 0.478333 0.05125 0.075
0 0.025 0.497083 0.04875 0.074167
0 0.074063 0.3725 0.050625 0.073333
0 0.1825 0.18625 0.05 0.070833
0 0.167813 0.025833 0.050625 0.05
0 0.017188 0.059167 0.033125 0.058333
