0 0.175937 0.04875 0.039375 0.050833
0 0.18875 0.412083 0.04125 0.065833
0 0.994375 0.600417 0.01125 0.040833
0 0.235625 0.405833 0.02625 0.045
0 0.222188 0.085417 0.035625 0.044167
0 0.214688 0.395 0.029375 0.041667
0 0.524375 0.362917 0.03375 0.0475
0 0.177813 0.07625 0.024375 0.0275
0 0.293125 0.05875 0.0425 0.0525
0 0.528125 0.604583 0.04 0.059167
0 0.962187 0.550417 0.031875 0.049167
0 0.2175 0.43125 0.02875 0.035833
0 0.293125 0.799583 0.03375 0.0475
0 0.12125 0.79125 0.03 0.0375
0 0.983437 0.57625 0.033125 0.049167
0 0.716875 0.419583 0.04125 0.064167
0 0.02 0.490417 0.0325 0.035833
0 0.371875 0.637083 0.02875 0.034167
0 0.633437 0.15625 0.031875 0.0425
0 0.987812 0.631667 0.024375 0.036667
0 0.897813 0.434167 0.026875 0.04
0 0.25625 0.66375 0.03625 0.049167
0 0.649687 0.6775 0.033125 0.045
0 0.267188 0.21125 0.030625 0.0425
0 0.081562 0.875 0.038125 0.051667
0 0.795625 0.622083 0.03125 0.044167
0 0.042188 0.502917 0.030625 0.0475
0 0.305 0.668333 0.045 0.06
0 0.31 0.148333 0.03375 0.046667
0 0.512188 0.84125 0.031875 0.045833
0 0.877812 0.5 0.031875 0.041667
0 0.721875 0.201667 0.03 0.043333
0 0.245938 0.771667 0.034375 0.046667
0 0.441875 0.83875 0.03375 0.0425
0 0.951875 0.357917 0.03125 0.0425
0 0.91375 0.254583 0.02875 0.0425
0 0.08875 0.72125 0.03625 0.045833
0 0.845 0.784583 0.0375 0.049167
