0 0.959063 0.072083 0.035625 0.0525
0 0.78 0.134167 0.03875 0.051667
0 0.789375 0.34 0.0375 0.046667
0 0.6675 0.389167 0.0425 0.06
0 0.780937 0.42625 0.035625 0.0475
0 0.920937 0.517083 0.041875 0.059167
0 0.831562 0.536667 0.045625 0.056667
0 0.753437 0.615 0.036875 0.06
0 0.711875 0.63125 0.03625 0.0525
0 0.851875 0.678333 0.04 0.06
0 0.99 0.71625 0.02 0.0575
0 0.894375 0.796667 0.035 0.05
0 0.98375 0.8475 0.03125 0.058333
0 0.970625 0.93375 0.0375 0.0525
0 0.801562 0.89125 0.033125 0.0525
0 0.534062 0.92625 0.038125 0.0575
0 0.461875 0.866667 0.0425 0.055
0 0.319063 0.8075 0.041875 0.056667
0 0.2275 0.803333 0.04 0.043333
0 0.216562 0.744583 0.038125 0.059167
0 0.042813 0.868333 0.038125 0.05
0 0.012812 0.969167 0.024375 0.055
0 0.379375 0.405417 0.03625 0.045833
0 0.387188 0.445 0.035625 0.045
0 0.440625 0.43875 0.03875 0.0525
0 0.476562 0.302917 0.035625 0.044167
0 0.556562 0.161667 0.034375 0.048333
0 0.545625 0.076667 0.03 0.046667
0 0.238125 0.097083 0.03625 0.055833
