0 0.584063 0.016667 0.036875 0.031667
0 0.839375 0.155417 0.0425 0.060833
0 0.72625 0.160833 0.055 0.086667
0 0.7775 0.241667 0.0425 0.061667
0 0.908438 0.445833 0.048125 0.066667
0 0.666875 0.439167 0.0475 0.066667
0 0.5575 0.460417 0.03875 0.049167
0 0.665937 0.88375 0.030625 0.039167
0 0.613125 0.754167 0.0425 0.066667
0 0.658125 0.770417 0.05625 0.0775
0 0.473125 0.588333 0.03375 0.041667
0 0.34 0.612083 0.0525 0.055833
0 0.293438 0.350417 0.046875 0.054167
0 0.05 0.297917 0.055 0.0775
0 0.122188 0.212083 0.049375 0.059167
0 0.049375 0.83875 0.03625 0.049167
0 0.080937 0.77875 0.046875 0.064167
