0 0.38125 0.705 0.0325 0.041667
0 0.27875 0.469167 0.02375 0.035
0 0.996563 0.61875 0.006875 0.054167
0 0.649375 0.38375 0.04625 0.065833
0 0.980625 0.497083 0.0375 0.0675
0 0.69875 0.985833 0.03 0.026667
0 0.65875 0.797917 0.0325 0.050833
0 0.987812 0.879583 0.024375 0.0475
0 0.317812 0.773333 0.041875 0.065
0 0.055313 0.025 0.034375 0.041667
0 0.519375 0.599583 0.03875 0.0475
0 0.783125 0.927083 0.03875 0.049167
0 0.709375 0.6025 0.035 0.048333
0 0.4925 0.109583 0.035 0.050833
0 0.540937 0.4 0.041875 0.056667
0 0.910312 0.75875 0.029375 0.0425
0 0.254375 0.765833 0.03125 0.045
0 0.830625 0.417917 0.04375 0.0625
0 0.3875 0.785833 0.04625 0.063333
0 0.0875 0.302917 0.04625 0.0625
0 0.954688 0.303333 0.036875 0.05
0 0.484375 0.362917 0.0475 0.069167
0 0.270937 0.207917 0.036875 0.0525
0 0.628437 0.810833 0.040625 0.051667
0 0.485938 0.563333 0.038125 0.056667
0 0.1725 0.167917 0.03875 0.0525
0 0.015312 0.631667 0.029375 0.046667
