0 0.917813 0.025 0.038125 0.048333
0 0.973125 0.2875 0.03875 0.048333
0 0.896875 0.20625 0.03125 0.0475
0 0.800312 0.22625 0.034375 0.044167
0 0.789687 0.415 0.036875 0.055
0 0.790312 0.555833 0.029375 0.038333
0 0.980313 0.54 0.035625 0.051667
0 0.9625 0.869167 0.03375 0.045
0 0.698438 0.691667 0.044375 0.048333
0 0.905312 0.912917 0.034375 0.044167
0 0.863437 0.99 0.033125 0.02
0 0.50875 0.97 0.0375 0.05
0 0.444375 0.969167 0.03 0.036667
0 0.505625 0.867083 0.03375 0.045833
0 0.479063 0.65125 0.039375 0.040833
0 0.655312 0.108333 0.031875 0.048333
0 0.627188 0.100833 0.029375 0.056667
0 0.554063 0.36125 0.029375 0.039167
0 0.642188 0.375 0.033125 0.046667
0 0.662813 0.402917 0.029375 0.050833
0 0.6425 0.425 0.03625 0.046667
0 0.518437 0.232083 0.034375 0.044167
0 0.422187 0.26625 0.036875 0.050833
0 0.42875 0.417083 0.0375 0.044167
0 0.386875 0.527083 0.0275 0.034167
0 0.424687 0.02875 0.035625 0.0375
0 0.31 0.2 0.04 0.051667
0 0.026562 0.0875 0.021875 0.033333
0 0.068437 0.065 0.031875 0.041667
0 0.196563 0.154167 0.039375 0.058333
0 0.23875 0.160833 0.03 0.05
0 0.26375 0.029583 0.0325 0.044167
0 0.149688 0.2575 0.035625 0.048333
0 0.170625 0.396667 0.03875 0.046667
0 0.078437 0.465417 0.034375 0.044167
0 0.08875 0.733333 0.0275 0.035
0 0.250312 0.780417 0.031875 0.040833
0 0.28125 0.841667 0.03375 0.046667
0 0.320625 0.830833 0.0275 0.035
