0 0.98625 0.13375 0.0275 0.0425
0 0.748437 0.024167 0.029375 0.043333
0 0.707187 0.044167 0.033125 0.048333
0 0.650312 0.124167 0.038125 0.048333
0 0.74125 0.24125 0.0325 0.040833
0 0.749062 0.271667 0.031875 0.035
0 0.862812 0.35625 0.030625 0.049167
0 0.955313 0.434583 0.029375 0.040833
0 0.985938 0.744167 0.028125 0.05
0 0.780625 0.57125 0.035 0.0575
0 0.625938 0.504583 0.045625 0.059167
0 0.413438 0.519583 0.041875 0.0575
0 0.39125 0.575417 0.03375 0.054167
0 0.440625 0.596667 0.04125 0.06
0 0.468125 0.65125 0.0325 0.049167
0 0.520625 0.6375 0.0375 0.051667
0 0.685937 0.819167 0.036875 0.05
0 0.607187 0.92625 0.034375 0.050833
0 0.550312 0.849583 0.031875 0.045833
0 0.449375 0.937083 0.04125 0.0625
0 0.090938 0.687917 0.035625 0.045833
0 0.176563 0.669583 0.039375 0.055833
0 0.320625 0.661667 0.045 0.061667
0 0.14625 0.55875 0.04 0.0525
0 0.145937 0.51375 0.039375 0.0475
0 0.028438 0.250833 0.038125 0.055
0 0.049688 0.33625 0.040625 0.055833
0 0.133125 0.33375 0.04125 0.0575
0 0.275625 0.321667 0.04375 0.056667
0 0.155938 0.137917 0.041875 0.059167
0 0.465938 0.218333 0.036875 0.058333
