0 0.015312 0.21625 0.029375 0.040833
0 0.060312 0.055417 0.030625 0.0375
0 0.249688 0.229583 0.025625 0.0375
0 0.408125 0.29 0.03375 0.056667
0 0.469375 0.388333 0.03625 0.05
0 0.488125 0.404583 0.03125 0.0425
0 0.25 0.573333 0.03125 0.043333
0 0.37625 0.69375 0.02375 0.035833
0 0.444688 0.982917 0.034375 0.034167
0 0.463125 0.742083 0.03125 0.0375
0 0.51875 0.579167 0.04375 0.066667
0 0.632812 0.59125 0.036875 0.0525
0 0.598125 0.79 0.03375 0.056667
0 0.685937 0.852083 0.044375 0.059167
0 0.530937 0.234167 0.038125 0.053333
0 0.910625 0.12625 0.0325 0.045833
0 0.933438 0.1625 0.026875 0.04
0 0.828438 0.340833 0.028125 0.04
0 0.74625 0.432917 0.0275 0.0375
0 0.989375 0.46125 0.02125 0.030833
0 0.849375 0.570833 0.0325 0.053333
0 0.910312 0.643333 0.028125 0.04
0 0.966875 0.674583 0.03625 0.0525
0 0.8375 0.696667 0.0425 0.061667
0 0.906875 0.816667 0.02625 0.036667
0 0.955313 0.988333 0.026875 0.023333
0 0.375312 0.41125 0.036875 0.049167
0 0.087813 0.174167 0.030625 0.053333
