0 0.820937 0.070417 0.026875 0.034167
0 0.685 0.010417 0.03375 0.019167
0 0.732812 0.842917 0.024375 0.0475
0 0.588125 0.8525 0.0275 0.03
0 0.711875 0.850417 0.03 0.040833
0 0.9925 0.64875 0.015 0.050833
0 0.17125 0.974583 0.02875 0.040833
0 0.292812 0.317917 0.035625 0.0475
0 0.956562 0.015417 0.048125 0.029167
0 0.274375 0.783333 0.03 0.038333
0 0.149688 0.538333 0.034375 0.04
0 0.475 0.35625 0.03625 0.0475
0 0.88 0.721667 0.03625 0.048333
0 0.575 0.904583 0.035 0.0475
0 0.141563 0.4975 0.043125 0.046667
0 0.305937 0.141667 0.034375 0.045
0 0.05625 0.574167 0.04125 0.053333
0 0.210625 0.7625 0.035 0.05
0 0.06 0.854167 0.03375 0.041667
0 0.763125 0.643333 0.04 0.056667
0 0.024063 0.802917 0.038125 0.0475
0 0.5525 0.298333 0.04125 0.055
0 0.57875 0.02 0.04625 0.036667
0 0.40875 0.042917 0.0325 0.044167
0 0.0925 0.45375 0.03375 0.044167
0 0.524375 0.6325 0.035 0.046667
0 0.775625 0.560833 0.04625 0.061667
0 0.439375 0.4175 0.0425 0.056667
0 0.132188 0.653333 0.040625 0.061667
0 0.54875 0.44375 0.04875 0.0625
0 0.7475 0.852083 0.0225 0.039167
