0 0.023438 0.95125 0.045625 0.070833
0 0.082187 0.9625 0.045625 0.068333
0 0.194062 0.97 0.044375 0.06
0 0.296875 0.941667 0.04125 0.063333
0 0.168125 0.880417 0.0425 0.055833
0 0.145313 0.84125 0.040625 0.055833
0 0.09625 0.8425 0.03875 0.06
0 0.363438 0.7375 0.031875 0.048333
0 0.357187 0.695417 0.034375 0.0475
0 0.459375 0.807917 0.0375 0.054167
0 0.648438 0.914583 0.035625 0.060833
0 0.736875 0.810417 0.0375 0.065833
0 0.819063 0.93875 0.036875 0.054167
0 0.881875 0.785417 0.03625 0.064167
0 0.75375 0.644167 0.03125 0.051667
0 0.452188 0.515417 0.035625 0.0625
0 0.205 0.503333 0.04 0.06
0 0.080312 0.453333 0.038125 0.063333
0 0.759375 0.3725 0.03 0.036667
0 0.740313 0.355 0.029375 0.038333
0 0.675625 0.316667 0.035 0.055
0 0.859062 0.327917 0.036875 0.065833
0 0.058125 0.015417 0.0375 0.029167
0 0.487187 0.071667 0.045625 0.045
0 0.475 0.032917 0.03625 0.050833
0 0.8675 0.165417 0.03375 0.054167
0 0.828438 0.072083 0.038125 0.054167
