0 0.006562 0.799167 0.011875 0.066667
0 0.643125 0.98 0.03875 0.04
0 0.667188 0.05875 0.058125 0.0675
0 0.01625 0.7225 0.03125 0.07
0 0.690625 0.48875 0.0425 0.0725
0 0.31 0.483333 0.0525 0.086667
0 0.320937 0.335833 0.041875 0.066667
0 0.910625 0.744583 0.0375 0.0625
0 0.011875 0.552083 0.0225 0.059167
0 0.750625 0.469167 0.04375 0.065
0 0.788125 0.442917 0.045 0.069167
0 0.10625 0.073333 0.04 0.055
0 0.217812 0.6175 0.040625 0.06
0 0.220312 0.27625 0.041875 0.055833
0 0.614688 0.285 0.043125 0.068333
0 0.062812 0.219583 0.041875 0.0625
0 0.589063 0.58375 0.039375 0.0625
0 0.571875 0.50875 0.04 0.065833
0 0.456875 0.945417 0.05125 0.080833
0 0.569063 0.110417 0.045625 0.065833
0 0.852812 0.489583 0.043125 0.070833
0 0.263437 0.813333 0.040625 0.055
0 0.490312 0.123333 0.045625 0.061667
0 0.185625 0.117083 0.04125 0.065833
0 0.698125 0.64875 0.04 0.060833
