0 0.43375 0.04625 0.0375 0.0625
0 0.061562 0.45625 0.044375 0.055833
0 0.330625 0.635833 0.03875 0.061667
0 0.200937 0.734167 0.038125 0.051667
0 0.180625 0.69375 0.0375 0.0475
0 0.141875 0.755 0.0375 0.051667
0 0.199063 0.90375 0.041875 0.0625
0 0.75625 0.883333 0.03875 0.056667
0 0.683438 0.813333 0.039375 0.06
0 0.634687 0.70625 0.045625 0.055833
0 0.616875 0.430833 0.03625 0.046667
0 0.632812 0.034167 0.049375 0.063333
0 0.825937 0.285417 0.039375 0.0475
0 0.839688 0.3175 0.036875 0.051667
0 0.810937 0.672083 0.044375 0.059167
0 0.935937 0.504167 0.029375 0.05
0 0.9 0.139583 0.0425 0.049167
0 0.930937 0.180833 0.039375 0.051667
0 0.989375 0.502917 0.02125 0.064167
0 0.991563 0.569583 0.016875 0.0475
0 0.6225 0.6325 0.04375 0.06
