0 0.154062 0.019167 0.054375 0.036667
0 0.23875 0.01875 0.03375 0.035833
0 0.364687 0.940833 0.053125 0.071667
0 0.276875 0.37625 0.03875 0.059167
0 0.155625 0.53875 0.03125 0.054167
0 0.036562 0.03375 0.045625 0.055833
0 0.345625 0.778333 0.04 0.061667
0 0.135937 0.335417 0.041875 0.064167
0 0.069062 0.890417 0.039375 0.0675
0 0.126562 0.529167 0.034375 0.06
0 0.349687 0.430417 0.036875 0.060833
0 0.736875 0.020417 0.04 0.0375
0 0.89375 0.621667 0.03875 0.065
0 0.88 0.43875 0.0375 0.059167
0 0.699063 0.270417 0.059375 0.079167
