0 0.976562 0.202917 0.033125 0.035833
0 0.9775 0.165 0.04125 0.055
0 0.976875 0.1175 0.0375 0.046667
0 0.864062 0.06125 0.035625 0.054167
0 0.841875 0.15875 0.0425 0.0625
0 0.82125 0.216667 0.05 0.063333
0 0.717187 0.065 0.031875 0.045
0 0.86875 0.33375 0.03375 0.050833
0 0.900625 0.42375 0.04 0.060833
0 0.774687 0.46625 0.029375 0.045833
0 0.839063 0.522917 0.039375 0.054167
0 0.646875 0.387917 0.035 0.055833
0 0.631563 0.317917 0.044375 0.069167
0 0.988437 0.975417 0.023125 0.045833
0 0.904687 0.9825 0.036875 0.035
0 0.887188 0.82625 0.034375 0.0525
0 0.775312 0.897917 0.031875 0.0475
0 0.719063 0.848333 0.043125 0.075
0 0.547813 0.7475 0.053125 0.083333
0 0.53625 0.61625 0.04125 0.054167
0 0.624375 0.095833 0.03375 0.05
0 0.555937 0.125833 0.048125 0.056667
0 0.514062 0.114167 0.034375 0.046667
0 0.447813 0.134167 0.048125 0.058333
0 0.368437 0.124583 0.046875 0.054167
0 0.486563 0.347083 0.055625 0.074167
0 0.011562 0.124583 0.021875 0.0625
0 0.10125 0.120833 0.0375 0.046667
0 0.2725 0.125833 0.0375 0.051667
0 0.282187 0.215833 0.048125 0.063333
0 0.087188 0.219167 0.039375 0.053333
0 0.041875 0.221667 0.045 0.061667
0 0.392188 0.4125 0.043125 0.051667
0 0.283125 0.38625 0.04625 0.0625
0 0.203125 0.384583 0.0375 0.0575
0 0.425938 0.94875 0.040625 0.049167
0 0.364063 0.930833 0.034375 0.043333
0 0.264688 0.970833 0.041875 0.058333
0 0.366875 0.733333 0.05125 0.06
0 0.342813 0.560833 0.034375 0.043333
0 0.23875 0.485833 0.05125 0.07
0 0.140313 0.662917 0.041875 0.060833
0 0.237813 0.6825 0.045625 0.063333
0 0.007812 0.9575 0.014375 0.038333
0 0.069375 0.970417 0.035 0.059167
0 0.013437 0.413333 0.025625 0.051667
0 0.007188 0.363333 0.013125 0.04
