0 0.849688 0.055833 0.034375 0.058333
0 0.895312 0.042917 0.030625 0.044167
0 0.938125 0.053333 0.04 0.065
0 0.83875 0.18375 0.03625 0.059167
0 0.820625 0.238333 0.04125 0.065
0 0.735625 0.1725 0.0325 0.061667
0 0.988125 0.245833 0.02375 0.051667
0 0.739062 0.342917 0.036875 0.0575
0 0.666875 0.292083 0.04625 0.0575
0 0.64 0.21375 0.0375 0.0525
0 0.58625 0.233333 0.05125 0.075
0 0.670625 0.34875 0.04625 0.059167
0 0.80625 0.43 0.0375 0.055
0 0.46375 0.195 0.03125 0.04
0 0.507188 0.237917 0.039375 0.049167
0 0.457188 0.303333 0.036875 0.055
0 0.625938 0.405417 0.034375 0.050833
0 0.654062 0.422917 0.028125 0.0425
0 0.567187 0.43 0.040625 0.055
0 0.51375 0.47625 0.0325 0.0425
0 0.394688 0.452917 0.035625 0.0475
0 0.64375 0.519167 0.04375 0.065
0 0.786875 0.535833 0.03125 0.046667
0 0.736875 0.567917 0.03875 0.055833
0 0.886875 0.654167 0.0325 0.055
0 0.8125 0.635417 0.0375 0.045833
0 0.72875 0.662083 0.04125 0.054167
0 0.555312 0.613333 0.034375 0.051667
0 0.77 0.744583 0.0375 0.050833
0 0.821875 0.762917 0.0425 0.0575
0 0.912813 0.751667 0.040625 0.06
0 0.809375 0.826667 0.02875 0.045
0 0.770625 0.83875 0.0325 0.040833
0 0.775312 0.8875 0.031875 0.046667
0 0.747812 0.922083 0.040625 0.055833
0 0.851562 0.9075 0.034375 0.053333
0 0.94875 0.938333 0.0375 0.051667
0 0.576875 0.787917 0.04 0.060833
0 0.453125 0.72625 0.0425 0.064167
0 0.218438 0.980833 0.031875 0.038333
0 0.084687 0.936667 0.040625 0.045
0 0.079375 0.800417 0.0375 0.055833
0 0.03 0.798333 0.04 0.065
0 0.161562 0.710833 0.034375 0.05
0 0.2 0.713333 0.03125 0.046667
0 0.238437 0.767917 0.035625 0.050833
0 0.271875 0.74 0.03375 0.046667
0 0.29875 0.757917 0.03125 0.0525
0 0.347813 0.800833 0.035625 0.05
0 0.265313 0.604583 0.034375 0.049167
0 0.235937 0.535 0.039375 0.055
0 0.07375 0.57875 0.04125 0.0575
0 0.092813 0.535417 0.031875 0.040833
0 0.13875 0.507917 0.0375 0.0575
0 0.216875 0.379583 0.04375 0.064167
0 0.03125 0.377083 0.04375 0.069167
0 0.093125 0.373333 0.04375 0.055
0 0.130625 0.319583 0.04625 0.0725
0 0.175625 0.297917 0.04625 0.065833
0 0.2725 0.296667 0.04125 0.06
0 0.130312 0.124583 0.040625 0.050833
0 0.039375 0.119583 0.03875 0.050833
