0 0.862812 0.421667 0.040625 0.046667
0 0.863437 0.372917 0.038125 0.0525
0 0.898125 0.36 0.03 0.041667
0 0.897188 0.406667 0.038125 0.06
0 0.983437 0.242917 0.033125 0.0725
0 0.960625 0.1325 0.045 0.066667
0 0.7725 0.195 0.06 0.083333
0 0.984375 0.053333 0.03125 0.065
0 0.749062 0.52875 0.051875 0.0725
0 0.834063 0.630833 0.040625 0.073333
0 0.9625 0.876667 0.05125 0.07
0 0.8575 0.893333 0.0475 0.063333
0 0.431875 0.778333 0.05625 0.073333
0 0.437188 0.636667 0.046875 0.08
0 0.492812 0.475833 0.055625 0.073333
0 0.314063 0.524583 0.041875 0.059167
0 0.22125 0.7275 0.05125 0.081667
0 0.12375 0.796667 0.0375 0.07
0 0.076563 0.856667 0.039375 0.063333
0 0.105 0.418333 0.04625 0.065
0 0.225938 0.380833 0.031875 0.048333
0 0.023438 0.184167 0.045625 0.073333
0 0.229375 0.174583 0.055 0.070833
0 0.321875 0.193333 0.0475 0.05
0 0.310625 0.095833 0.03875 0.05
0 0.460313 0.154167 0.043125 0.043333
0 0.501875 0.032917 0.0675 0.064167
0 0.1275 0.02375 0.0475 0.045833
