0 0.942187 0.742083 0.030625 0.0475
0 0.774375 0.99 0.03875 0.02
0 0.088438 0.6875 0.026875 0.031667
0 0.695312 0.482083 0.036875 0.055833
0 0.346562 0.115 0.030625 0.041667
0 0.389062 0.272083 0.035625 0.055833
0 0.47375 0.845833 0.03 0.04
0 0.0075 0.12875 0.01375 0.0525
0 0.31125 0.294583 0.045 0.069167
0 0.066562 0.934583 0.041875 0.0575
0 0.987187 0.709583 0.025625 0.064167
0 0.894375 0.748333 0.045 0.083333
0 0.833438 0.67375 0.024375 0.0325
0 0.33875 0.9575 0.035 0.043333
0 0.460313 0.885 0.039375 0.05
0 0.35125 0.609583 0.035 0.0475
0 0.976875 0.337083 0.0375 0.054167
0 0.235313 0.74625 0.030625 0.044167
0 0.646875 0.81625 0.055 0.060833
0 0.42875 0.488333 0.0475 0.065
0 0.030625 0.579167 0.04625 0.065
0 0.374688 0.389583 0.046875 0.070833
0 0.60875 0.22375 0.04125 0.0675
0 0.2275 0.546667 0.03875 0.051667
0 0.894687 0.667917 0.040625 0.055833
0 0.453125 0.20375 0.03625 0.0425
0 0.215312 0.058333 0.041875 0.053333
0 0.089688 0.6575 0.038125 0.04
0 0.768437 0.48625 0.033125 0.0475
0 0.389688 0.1 0.048125 0.066667
0 0.365625 0.900417 0.035 0.0575
0 0.101875 0.155833 0.03375 0.04
0 0.903125 0.292083 0.0375 0.050833
0 0.625313 0.76375 0.053125 0.074167
0 0.77 0.332917 0.0325 0.050833
0 0.907188 0.112083 0.043125 0.0575
0 0.7675 0.40625 0.03875 0.055833
0 0.353438 0.98875 0.040625 0.0225
