0 0.864062 0.060417 0.028125 0.0675
0 0.834375 0.040833 0.0375 0.038333
0 0.808438 0.059167 0.029375 0.031667
0 0.810625 0.093333 0.04 0.043333
0 0.839063 0.0825 0.034375 0.05
0 0.73875 0.22625 0.0475 0.0675
0 0.8075 0.253333 0.04125 0.091667
0 0.712812 0.35 0.071875 0.086667
0 0.5925 0.2825 0.0375 0.061667
0 0.565 0.05375 0.06125 0.084167
0 0.553125 0.177083 0.03375 0.054167
0 0.522188 0.196667 0.045625 0.066667
0 0.519062 0.259167 0.059375 0.08
0 0.387813 0.311667 0.065625 0.086667
0 0.192812 0.060833 0.036875 0.05
0 0.247188 0.0925 0.063125 0.083333
0 0.171563 0.118333 0.046875 0.061667
0 0.1675 0.255417 0.05875 0.085833
0 0.237187 0.459167 0.060625 0.091667
0 0.182812 0.480417 0.053125 0.080833
0 0.4025 0.471667 0.05375 0.076667
0 0.633125 0.435833 0.04625 0.068333
0 0.643437 0.484167 0.048125 0.055
0 0.904062 0.5175 0.025625 0.041667
0 0.755625 0.601667 0.045 0.065
0 0.54125 0.63375 0.04125 0.059167
0 0.57625 0.697083 0.07125 0.0875
0 0.759062 0.814167 0.058125 0.103333
0 0.65125 0.783333 0.045 0.041667
0 0.640938 0.816667 0.045625 0.053333
0 0.692813 0.91875 0.046875 0.069167
0 0.667188 0.957917 0.035625 0.0425
0 0.386875 0.790417 0.04375 0.070833
0 0.400625 0.7625 0.04875 0.065
0 0.42875 0.64625 0.03375 0.0625
0 0.399062 0.621667 0.055625 0.076667
0 0.333125 0.569583 0.04 0.0625
0 0.069375 0.154583 0.06375 0.084167
0 0.139687 0.622083 0.058125 0.059167
0 0.21125 0.789583 0.06625 0.0475
0 0.179063 0.805833 0.038125 0.05
0 0.14 0.850833 0.0475 0.061667
0 0.039375 0.96375 0.05 0.064167
0 0.036875 0.642917 0.04625 0.0675
