0 0.973437 0.5775 0.053125 0.081667
0 0.979688 0.21 0.040625 0.066667
0 0.854375 0.59375 0.04 0.064167
0 0.749062 0.597917 0.039375 0.070833
0 0.68125 0.482917 0.03875 0.0675
0 0.57625 0.232083 0.04125 0.0625
0 0.509062 0.12 0.043125 0.07
0 0.47375 0.109583 0.04125 0.0625
0 0.410313 0.167917 0.044375 0.074167
0 0.454062 0.32375 0.044375 0.070833
0 0.470313 0.37125 0.048125 0.059167
0 0.210938 0.384167 0.060625 0.083333
0 0.0075 0.505 0.01375 0.046667
0 0.240937 0.497083 0.053125 0.094167
0 0.405938 0.599167 0.055625 0.088333
0 0.166875 0.779583 0.05625 0.104167
0 0.317812 0.880833 0.049375 0.09
0 0.690937 0.325833 0.070625 0.103333
0 0.70375 0.2675 0.08375 0.108333
0 0.41875 0.861667 0.02875 0.071667
0 0.127188 0.781667 0.043125 0.058333
0 0.714688 0.974583 0.043125 0.0475
