0 0.78 0.01625 0.0375 0.030833
0 0.93875 0.050417 0.03625 0.050833
0 0.96375 0.08125 0.03625 0.0525
0 0.947187 0.20875 0.029375 0.039167
0 0.968437 0.23375 0.029375 0.0375
0 0.78125 0.116667 0.0325 0.041667
0 0.723125 0.1875 0.03625 0.048333
0 0.705313 0.21125 0.034375 0.049167
0 0.69125 0.257917 0.035 0.045833
0 0.62625 0.22 0.03375 0.041667
0 0.54125 0.140417 0.03875 0.060833
0 0.880625 0.49125 0.03625 0.040833
0 0.883437 0.642917 0.029375 0.045833
0 0.851562 0.655833 0.033125 0.036667
0 0.758125 0.646667 0.03375 0.043333
0 0.76 0.609167 0.02875 0.038333
0 0.731875 0.487083 0.03375 0.0425
0 0.721562 0.432917 0.035625 0.045833
0 0.645312 0.4675 0.038125 0.043333
0 0.611563 0.465417 0.031875 0.0425
0 0.83625 0.904583 0.0325 0.045833
0 0.9 0.780417 0.0325 0.045833
0 0.539375 0.744583 0.0475 0.074167
0 0.181875 0.904583 0.03125 0.049167
0 0.197187 0.770417 0.029375 0.040833
0 0.29875 0.760833 0.0375 0.04
0 0.445625 0.795417 0.03125 0.039167
0 0.421563 0.845833 0.039375 0.065
0 0.305625 0.917917 0.04375 0.0675
0 0.4225 0.658333 0.035 0.045
0 0.250625 0.605 0.03 0.045
0 0.16625 0.6825 0.035 0.045
0 0.455 0.556667 0.03875 0.048333
0 0.154688 0.483333 0.041875 0.058333
0 0.045625 0.475417 0.03375 0.034167
0 0.016563 0.449167 0.028125 0.038333
0 0.193438 0.392917 0.030625 0.045833
0 0.24125 0.383333 0.03875 0.048333
0 0.303438 0.330833 0.034375 0.048333
0 0.418125 0.345 0.0475 0.061667
0 0.01 0.2775 0.01875 0.048333
0 0.136875 0.302917 0.0375 0.049167
0 0.234063 0.261667 0.040625 0.045
0 0.444375 0.221667 0.03875 0.045
0 0.419063 0.179583 0.031875 0.040833
0 0.304063 0.174167 0.035625 0.045
0 0.35 0.09375 0.03375 0.050833
0 0.309063 0.095417 0.034375 0.040833
0 0.018125 0.100417 0.035 0.040833
0 0.156875 0.012917 0.0325 0.024167
