0 0.906875 0.873333 0.03625 0.051667
0 0.923125 0.795417 0.0375 0.050833
0 0.900312 0.634167 0.043125 0.071667
0 0.95625 0.912083 0.04625 0.075833
0 0.905312 0.469167 0.043125 0.071667
0 0.845 0.400417 0.0475 0.055833
0 0.84125 0.34625 0.0525 0.054167
0 0.833438 0.282083 0.053125 0.0625
0 0.751563 0.2675 0.048125 0.061667
0 0.594688 0.344583 0.045625 0.065833
0 0.638125 0.405417 0.0475 0.065833
0 0.685937 0.478333 0.041875 0.055
0 0.63625 0.596667 0.04125 0.065
0 0.454688 0.507917 0.043125 0.0825
0 0.7 0.723333 0.0375 0.045
0 0.677813 0.775417 0.039375 0.049167
0 0.71625 0.843333 0.0425 0.051667
0 0.56375 0.67 0.0525 0.048333
0 0.565937 0.728333 0.054375 0.056667
0 0.58375 0.782083 0.04375 0.0575
0 0.4675 0.76125 0.04875 0.050833
0 0.374375 0.610833 0.04625 0.065
0 0.597812 0.8675 0.045625 0.061667
0 0.502812 0.944583 0.050625 0.060833
0 0.306563 0.82125 0.041875 0.039167
0 0.326562 0.790417 0.024375 0.0325
0 0.297187 0.793333 0.031875 0.026667
0 0.305625 0.758333 0.03875 0.04
0 0.295312 0.672917 0.038125 0.0525
0 0.964688 0.06 0.035625 0.06
0 0.899062 0.019583 0.034375 0.0375
0 0.663438 0.019583 0.041875 0.0375
0 0.74375 0.118333 0.0475 0.065
0 0.770312 0.1975 0.031875 0.045
0 0.67625 0.229583 0.0425 0.059167
0 0.624687 0.192083 0.035625 0.0625
0 0.61 0.959583 0.02625 0.040833
0 0.565312 0.1525 0.049375 0.063333
0 0.553125 0.070417 0.04625 0.064167
0 0.457188 0.1025 0.034375 0.055
0 0.410938 0.199583 0.031875 0.045833
0 0.356563 0.252917 0.044375 0.045833
0 0.327188 0.43625 0.039375 0.0525
0 0.282187 0.024167 0.034375 0.041667
0 0.227813 0.05375 0.035625 0.039167
0 0.249062 0.2275 0.045625 0.051667
0 0.027187 0.065 0.040625 0.058333
0 0.0925 0.280833 0.04125 0.048333
0 0.050313 0.41875 0.033125 0.049167
0 0.023125 0.404583 0.0325 0.049167
0 0.088438 0.52625 0.041875 0.055833
0 0.172813 0.675417 0.043125 0.0775
0 0.045 0.683333 0.03875 0.048333
0 0.169375 0.82125 0.04125 0.0675
0 0.138125 0.885833 0.04 0.058333
0 0.112187 0.921667 0.045625 0.051667
0 0.060625 0.955417 0.0425 0.0625
0 0.364375 0.967917 0.03125 0.044167
