0 0.146875 0.020417 0.0425 0.039167
0 0.248438 0.097917 0.044375 0.069167
0 0.55875 0.16375 0.045 0.0675
0 0.924687 0.254167 0.043125 0.051667
0 0.980313 0.301667 0.036875 0.06
0 0.945312 0.382083 0.033125 0.059167
0 0.850313 0.373333 0.038125 0.058333
0 0.859688 0.435417 0.050625 0.0725
0 0.814688 0.5575 0.041875 0.07
0 0.926562 0.584167 0.039375 0.053333
0 0.98125 0.49875 0.0375 0.064167
0 0.72125 0.624583 0.035 0.054167
0 0.652188 0.579167 0.035625 0.06
0 0.607812 0.64125 0.038125 0.0575
0 0.629062 0.68625 0.035625 0.035833
0 0.619375 0.71125 0.035 0.0425
0 0.600625 0.764167 0.0325 0.048333
0 0.696562 0.745417 0.034375 0.055833
0 0.757188 0.759167 0.048125 0.056667
0 0.780625 0.715833 0.0525 0.055
0 0.803125 0.765417 0.0425 0.0575
0 0.824375 0.81875 0.04375 0.059167
0 0.950937 0.91375 0.033125 0.050833
0 0.679688 0.915417 0.041875 0.060833
0 0.706875 0.97875 0.035 0.0425
0 0.765938 0.985417 0.040625 0.029167
0 0.566875 0.64125 0.02375 0.0375
0 0.560937 0.606667 0.029375 0.031667
0 0.538125 0.635833 0.03625 0.053333
0 0.555 0.52625 0.0375 0.059167
0 0.555 0.419167 0.03875 0.046667
0 0.425938 0.219167 0.040625 0.056667
0 0.172813 0.211667 0.043125 0.043333
0 0.28375 0.216667 0.04125 0.056667
0 0.334375 0.278333 0.03375 0.048333
0 0.363125 0.437083 0.045 0.050833
0 0.4325 0.8575 0.0375 0.048333
0 0.340938 0.94375 0.033125 0.049167
0 0.295625 0.825833 0.03875 0.05
0 0.306563 0.725417 0.028125 0.0425
0 0.244688 0.56125 0.039375 0.0525
0 0.168437 0.830833 0.039375 0.06
0 0.009062 0.871667 0.016875 0.043333
0 0.013125 0.7975 0.025 0.046667
0 0.100312 0.434167 0.036875 0.058333
0 0.079375 0.285417 0.03625 0.050833
0 0.021875 0.19875 0.035 0.049167
