0 0.904687 0.090417 0.046875 0.060833
0 0.927813 0.033333 0.043125 0.053333
0 0.984688 0.086667 0.030625 0.061667
0 0.6275 0.029167 0.05625 0.056667
0 0.728125 0.224167 0.06125 0.083333
0 0.765938 0.263333 0.041875 0.056667
0 0.817813 0.341667 0.055625 0.071667
0 0.945 0.320833 0.04 0.053333
0 0.810312 0.419167 0.040625 0.056667
0 0.75375 0.4125 0.05 0.075
0 0.848125 0.484167 0.03125 0.046667
0 0.694375 0.449167 0.04125 0.046667
0 0.696875 0.49 0.04125 0.045
0 0.736563 0.553333 0.036875 0.043333
0 0.730313 0.597083 0.036875 0.0425
0 0.614062 0.47375 0.039375 0.045833
0 0.590938 0.399167 0.054375 0.063333
0 0.879062 0.692917 0.039375 0.054167
0 0.981563 0.71375 0.036875 0.064167
0 0.974375 0.8475 0.03125 0.048333
0 0.91375 0.923333 0.035 0.048333
0 0.892188 0.957917 0.030625 0.044167
0 0.924063 0.985 0.029375 0.03
0 0.804063 0.85625 0.034375 0.0425
0 0.701562 0.77 0.053125 0.076667
0 0.615938 0.745417 0.038125 0.049167
0 0.421563 0.938333 0.041875 0.051667
0 0.52125 0.98 0.03875 0.04
0 0.579063 0.834167 0.038125 0.055
0 0.474687 0.847917 0.048125 0.060833
0 0.460938 0.6375 0.056875 0.075
0 0.493437 0.419167 0.046875 0.09
0 0.0425 0.930833 0.035 0.05
0 0.0375 0.977083 0.04375 0.045833
0 0.102188 0.935417 0.035625 0.050833
0 0.115937 0.983333 0.043125 0.033333
0 0.1125 0.8125 0.05 0.075
0 0.279375 0.9825 0.0375 0.035
0 0.290312 0.647917 0.050625 0.070833
0 0.220938 0.604167 0.043125 0.055
0 0.2425 0.494167 0.05375 0.075
0 0.08625 0.39125 0.0625 0.0825
0 0.180625 0.245417 0.04875 0.064167
0 0.230937 0.180417 0.056875 0.075833
0 0.255 0.11875 0.04125 0.050833
0 0.093438 0.087083 0.049375 0.0575
