0 0.9275 0.0175 0.03125 0.033333
0 0.929063 0.15375 0.034375 0.050833
0 0.889375 0.164583 0.02875 0.039167
0 0.83375 0.182083 0.0375 0.0525
0 0.743125 0.12625 0.04625 0.074167
0 0.613125 0.160417 0.03875 0.0475
0 0.529687 0.017083 0.041875 0.0325
0 0.493437 0.017083 0.038125 0.0325
0 0.079062 0.050417 0.038125 0.049167
0 0.44 0.144167 0.035 0.043333
0 0.4 0.112917 0.0325 0.0425
0 0.023125 0.149167 0.04375 0.045
0 0.037187 0.195833 0.038125 0.051667
0 0.0975 0.377083 0.05 0.054167
0 0.172187 0.404167 0.039375 0.05
0 0.4675 0.431667 0.04625 0.063333
0 0.5175 0.439583 0.0325 0.044167
0 0.826875 0.242917 0.03875 0.049167
0 0.792188 0.489583 0.033125 0.045833
0 0.897188 0.59 0.035625 0.053333
0 0.960625 0.746667 0.05 0.073333
0 0.976875 0.705 0.04125 0.051667
0 0.805937 0.69625 0.043125 0.059167
0 0.678125 0.607917 0.0375 0.0575
0 0.729062 0.561667 0.038125 0.058333
0 0.580313 0.725417 0.033125 0.0425
0 0.543125 0.7275 0.03375 0.038333
0 0.598125 0.840417 0.035 0.0475
0 0.562813 0.855 0.033125 0.043333
0 0.340938 0.414583 0.049375 0.064167
0 0.185 0.49625 0.03625 0.044167
0 0.065 0.56625 0.04125 0.0425
0 0.293438 0.514167 0.046875 0.058333
0 0.345313 0.57125 0.041875 0.044167
0 0.20875 0.650833 0.04625 0.06
0 0.347813 0.86125 0.036875 0.0525
0 0.050313 0.946667 0.038125 0.043333
0 0.318437 0.932917 0.036875 0.045833
0 0.256563 0.945833 0.038125 0.05
0 0.16125 0.757917 0.0325 0.045833
0 0.583438 0.337083 0.036875 0.0425
