0 0.840938 0.009583 0.034375 0.0175
0 0.501875 0.98875 0.03 0.0225
0 0.01625 0.737083 0.03125 0.040833
0 0.267188 0.233333 0.040625 0.061667
0 0.795312 0.0225 0.039375 0.043333
0 0.1075 0.012083 0.03125 0.0225
0 0.995313 0.860417 0.009375 0.0475
0 0.277813 0.764167 0.029375 0.046667
0 0.249688 0.762917 0.034375 0.0525
0 0.309375 0.72125 0.03 0.0475
0 0.616875 0.86875 0.03125 0.0375
0 0.276875 0.71875 0.03625 0.0475
0 0.12375 0.374167 0.035 0.045
0 0.127812 0.41875 0.029375 0.039167
0 0.510312 0.7025 0.028125 0.04
0 0.35375 0.950833 0.0375 0.041667
0 0.480938 0.714583 0.035625 0.049167
0 0.609375 0.902083 0.035 0.0425
0 0.91125 0.53875 0.03375 0.059167
0 0.574375 0.53 0.0375 0.051667
0 0.271875 0.414583 0.03 0.040833
0 0.384062 0.426667 0.033125 0.045
0 0.748125 0.875 0.03625 0.056667
0 0.544063 0.68875 0.030625 0.044167
0 0.015312 0.06375 0.026875 0.0425
0 0.504375 0.925 0.0375 0.051667
0 0.597187 0.386667 0.033125 0.043333
0 0.327813 0.284167 0.034375 0.046667
0 0.533125 0.910417 0.03 0.039167
0 0.040938 0.064583 0.028125 0.044167
0 0.070625 0.196667 0.03 0.04
0 0.459375 0.354583 0.0325 0.0425
0 0.86625 0.79375 0.03 0.044167
0 0.990625 0.0225 0.01875 0.041667
0 0.920625 0.785417 0.0325 0.040833
0 0.665625 0.055417 0.03 0.039167
0 0.80125 0.390833 0.03 0.04
0 0.118438 0.52625 0.035625 0.044167
0 0.233125 0.509167 0.03625 0.046667
0 0.765938 0.56 0.036875 0.05
0 0.922813 0.093333 0.041875 0.061667
0 0.762813 0.359167 0.036875 0.051667
0 0.319688 0.187917 0.036875 0.049167
0 0.888125 0.402917 0.035 0.0475
0 0.865625 0.318333 0.03 0.04
0 0.037812 0.311667 0.031875 0.043333
0 0.660937 0.187083 0.033125 0.0425
0 0.188125 0.859583 0.03375 0.045833
0 0.676562 0.805417 0.034375 0.0475
0 0.988125 0.57625 0.02375 0.0475
0 0.809063 0.925833 0.034375 0.043333
0 0.16 0.789167 0.0325 0.045
0 0.5375 0.248333 0.03625 0.053333
0 0.392813 0.322083 0.035625 0.0475
0 0.827187 0.516667 0.035625 0.048333
0 0.824063 0.261667 0.045625 0.063333
0 0.298438 0.785833 0.046875 0.046667
