0 0.324375 0.022083 0.04875 0.0425
0 0.412187 0.053333 0.045625 0.065
0 0.542813 0.027083 0.046875 0.0525
0 0.615938 0.222917 0.036875 0.049167
0 0.462187 0.200833 0.043125 0.061667
0 0.233125 0.28375 0.045 0.0575
0 0.530937 0.403333 0.045625 0.056667
0 0.823438 0.265 0.051875 0.056667
0 0.980938 0.163333 0.038125 0.038333
0 0.980313 0.3875 0.039375 0.06
0 0.810937 0.463333 0.043125 0.046667
0 0.873437 0.6075 0.044375 0.056667
0 0.855938 0.654167 0.043125 0.058333
0 0.977187 0.81625 0.044375 0.060833
0 0.503125 0.54875 0.0475 0.064167
0 0.856563 0.918333 0.040625 0.05
0 0.559688 0.955417 0.048125 0.059167
0 0.51875 0.618333 0.04125 0.051667
0 0.352187 0.935833 0.048125 0.055
0 0.273125 0.935833 0.0475 0.058333
0 0.209375 0.811667 0.03625 0.048333
0 0.242812 0.798333 0.040625 0.053333
0 0.307812 0.637083 0.040625 0.0675
0 0.052812 0.787917 0.045625 0.055833
