0 0.782188 0.1 0.031875 0.043333
0 0.652813 0.072083 0.033125 0.040833
0 0.511563 0.08625 0.033125 0.040833
0 0.501875 0.17375 0.04375 0.054167
0 0.573438 0.168333 0.030625 0.043333
0 0.71375 0.2575 0.03875 0.058333
0 0.650312 0.279583 0.033125 0.045833
0 0.720938 0.35125 0.039375 0.060833
0 0.980625 0.815833 0.02875 0.043333
0 0.949688 0.985833 0.028125 0.028333
0 0.60375 0.867917 0.04625 0.0425
0 0.554375 0.78375 0.035 0.0425
0 0.407187 0.942083 0.038125 0.050833
0 0.097187 0.817083 0.039375 0.045833
0 0.209063 0.675 0.039375 0.055
0 0.427187 0.604167 0.041875 0.051667
0 0.1325 0.559167 0.0325 0.061667
0 0.029063 0.549583 0.035625 0.045833
0 0.014687 0.632917 0.028125 0.045833
0 0.2525 0.081667 0.03875 0.051667
0 0.329688 0.099583 0.033125 0.049167
0 0.141875 0.329583 0.035 0.0475
