0 0.058438 0.68 0.054375 0.071667
0 0.195937 0.929583 0.034375 0.050833
0 0.202187 0.85625 0.055625 0.0625
0 0.240937 0.783333 0.040625 0.056667
0 0.309063 0.635 0.060625 0.08
0 0.354063 0.602083 0.043125 0.055833
0 0.404062 0.585833 0.036875 0.061667
0 0.36625 0.500833 0.0475 0.061667
0 0.343438 0.404167 0.040625 0.058333
0 0.227187 0.3575 0.030625 0.046667
0 0.255312 0.355417 0.043125 0.050833
0 0.249688 0.311667 0.039375 0.041667
0 0.17625 0.337083 0.035 0.049167
0 0.162812 0.175417 0.041875 0.054167
0 0.365312 0.23875 0.036875 0.045833
0 0.416875 0.13625 0.035 0.059167
0 0.446562 0.08125 0.041875 0.0625
0 0.53625 0.204583 0.0325 0.044167
0 0.546562 0.040833 0.041875 0.06
0 0.671875 0.079583 0.03125 0.044167
0 0.54625 0.345833 0.04625 0.07
0 0.716875 0.470833 0.035 0.071667
0 0.617188 0.452917 0.053125 0.0675
0 0.475 0.591667 0.035 0.048333
0 0.516875 0.480833 0.07125 0.09
0 0.752812 0.746667 0.050625 0.065
0 0.715625 0.61375 0.0375 0.054167
0 0.8925 0.474167 0.03375 0.048333
0 0.785937 0.447083 0.033125 0.0425
0 0.75375 0.33625 0.0425 0.070833
0 0.850313 0.054583 0.043125 0.0725
