0 0.828125 0.614583 0.0425 0.0625
0 0.485 0.33 0.04875 0.086667
0 0.98 0.784167 0.04 0.068333
0 0.279375 0.865833 0.05375 0.07
0 0.405 0.854583 0.04375 0.055833
0 0.925312 0.279167 0.044375 0.056667
0 0.876875 0.719583 0.0575 0.080833
0 0.198125 0.372083 0.04625 0.0675
0 0.791562 0.816667 0.039375 0.056667
0 0.885938 0.786667 0.059375 0.066667
0 0.532188 0.557917 0.054375 0.0775
0 0.071563 0.059167 0.045625 0.058333
0 0.244062 0.790833 0.051875 0.078333
0 0.235625 0.425833 0.05125 0.07
0 0.8175 0.499583 0.04875 0.064167
0 0.518437 0.671667 0.053125 0.071667
0 0.70125 0.33875 0.0525 0.074167
0 0.587812 0.037083 0.039375 0.059167
0 0.205937 0.775417 0.048125 0.069167
0 0.222188 0.3225 0.046875 0.07
0 0.675 0.745833 0.05125 0.075
0 0.59125 0.526667 0.04375 0.065
0 0.658125 0.389583 0.0525 0.074167
0 0.830625 0.741667 0.0525 0.09
