0 0.931562 0.125417 0.044375 0.070833
0 0.867812 0.157917 0.050625 0.069167
0 0.549687 0.10875 0.059375 0.0875
0 0.7875 0.358333 0.06 0.086667
0 0.469375 0.10625 0.0375 0.050833
0 0.436563 0.084583 0.059375 0.099167
0 0.439688 0.365833 0.065625 0.108333
0 0.440312 0.46375 0.051875 0.090833
0 0.360312 0.442083 0.049375 0.064167
0 0.290312 0.462917 0.065625 0.094167
0 0.30625 0.54625 0.0625 0.070833
0 0.313437 0.608333 0.045625 0.063333
0 0.565625 0.669167 0.06375 0.078333
0 0.096562 0.140417 0.041875 0.050833
0 0.150938 0.562917 0.048125 0.0775
0 0.15125 0.811667 0.03125 0.045
0 0.15375 0.76125 0.05 0.055833
0 0.405938 0.936667 0.058125 0.073333
0 0.983125 0.71 0.03375 0.065
0 0.915625 0.65375 0.03125 0.0425
0 0.95 0.562083 0.05625 0.0675
0 0.775625 0.617083 0.07125 0.0925
0 0.566875 0.950833 0.03625 0.043333
