0 0.99625 0.347083 0.0075 0.049167
0 0.490312 0.9825 0.044375 0.035
0 0.116875 0.970417 0.04 0.059167
0 0.290938 0.9875 0.031875 0.025
0 0.421875 0.58125 0.02625 0.0375
0 0.599375 0.84625 0.04625 0.070833
0 0.16 0.77375 0.03375 0.0475
0 0.459375 0.20625 0.0425 0.060833
0 0.309688 0.500417 0.033125 0.044167
0 0.448437 0.578333 0.023125 0.036667
0 0.586562 0.015417 0.033125 0.029167
0 0.270313 0.042917 0.036875 0.044167
0 0.575313 0.546667 0.030625 0.04
0 0.585625 0.695417 0.02875 0.039167
0 0.156875 0.134167 0.0325 0.048333
0 0.9675 0.309583 0.04125 0.065833
0 0.389062 0.482917 0.041875 0.0525
0 0.225938 0.112083 0.039375 0.055833
0 0.561875 0.134583 0.0325 0.045833
0 0.439688 0.435417 0.034375 0.045833
0 0.11375 0.694167 0.04375 0.061667
0 0.919375 0.477083 0.0375 0.045833
0 0.77625 0.687917 0.03875 0.0525
0 0.87375 0.50875 0.0375 0.049167
0 0.853437 0.094583 0.043125 0.050833
0 0.123125 0.762917 0.0425 0.055833
0 0.777813 0.105417 0.039375 0.050833
