0 0.293125 0.2175 0.0425 0.061667
0 0.429375 0.388333 0.04 0.051667
0 0.756563 0.08125 0.045625 0.064167
0 0.799687 0.123333 0.044375 0.06
0 0.728437 0.250833 0.044375 0.071667
0 0.635312 0.367917 0.048125 0.0725
0 0.2925 0.650417 0.0375 0.0675
0 0.070625 0.683333 0.05125 0.06
0 0.228437 0.790417 0.043125 0.055833
0 0.245 0.82625 0.04 0.044167
0 0.380312 0.870833 0.051875 0.061667
0 0.699375 0.907083 0.045 0.0725
0 0.795312 0.872917 0.041875 0.054167
0 0.778438 0.840833 0.045625 0.043333
0 0.91 0.812083 0.05 0.080833
0 0.12 0.148333 0.02875 0.055
