0 0.851562 0.034583 0.043125 0.060833
0 0.917813 0.174167 0.036875 0.045
0 0.894062 0.292917 0.039375 0.0575
0 0.668438 0.075833 0.058125 0.076667
0 0.701562 0.35625 0.033125 0.054167
0 0.844063 0.47375 0.080625 0.094167
0 0.978125 0.450417 0.035 0.045833
0 0.986563 0.399167 0.026875 0.055
0 0.979375 0.505 0.04125 0.063333
0 0.824375 0.639583 0.03375 0.0575
0 0.931875 0.678333 0.04 0.06
0 0.930625 0.769167 0.0375 0.05
0 0.97375 0.784167 0.0525 0.088333
0 0.919375 0.969583 0.04625 0.060833
0 0.597187 0.385833 0.050625 0.08
0 0.4925 0.607083 0.0425 0.070833
0 0.485 0.727083 0.03375 0.040833
0 0.472187 0.973333 0.059375 0.053333
0 0.359063 0.82375 0.051875 0.0775
0 0.189688 0.718333 0.043125 0.105
0 0.020625 0.471667 0.04 0.083333
0 0.2125 0.380417 0.03875 0.065833
0 0.307188 0.421667 0.055625 0.075
0 0.06875 0.090417 0.06625 0.080833
0 0.145937 0.201667 0.040625 0.06
0 0.20375 0.154583 0.045 0.0725
0 0.245 0.068333 0.04125 0.05
0 0.255312 0.037917 0.045625 0.045833
0 0.746875 0.794167 0.02625 0.041667
