0 0.003125 0.747917 0.005 0.054167
0 0.325 0.96375 0.03375 0.034167
0 0.554688 0.365833 0.033125 0.036667
0 0.31875 0.2325 0.03625 0.065
0 0.710625 0.209583 0.02375 0.0375
0 0.451875 0.343333 0.03625 0.06
0 0.240937 0.400417 0.031875 0.039167
0 0.235 0.591667 0.0375 0.048333
0 0.244375 0.044167 0.02875 0.038333
0 0.229375 0.202083 0.03375 0.0425
0 0.542813 0.339583 0.029375 0.035833
0 0.459688 0.14 0.034375 0.048333
0 0.455313 0.705 0.034375 0.041667
0 0.514687 0.06875 0.030625 0.044167
0 0.330937 0.146667 0.041875 0.055
0 0.920625 0.651667 0.0325 0.043333
0 0.119688 0.156667 0.031875 0.045
0 0.440312 0.2775 0.039375 0.053333
0 0.903125 0.319583 0.05375 0.0475
0 0.68125 0.300833 0.035 0.05
0 0.973125 0.27875 0.0375 0.0425
0 0.931562 0.151667 0.031875 0.046667
0 0.894687 0.6175 0.031875 0.041667
0 0.466562 0.297917 0.029375 0.044167
0 0.27375 0.50375 0.03625 0.049167
0 0.425312 0.067917 0.040625 0.049167
0 0.962812 0.150833 0.028125 0.043333
