0 0.140313 0.530833 0.045625 0.058333
0 0.204375 0.520833 0.03625 0.05
0 0.287813 0.20125 0.043125 0.064167
0 0.361875 0.721667 0.04 0.048333
0 0.430312 0.898333 0.036875 0.04
0 0.620625 0.912917 0.04125 0.045833
0 0.378437 0.309583 0.033125 0.049167
0 0.441563 0.354167 0.038125 0.048333
0 0.512813 0.367083 0.041875 0.0525
0 0.501563 0.207917 0.043125 0.054167
0 0.619375 0.457083 0.0475 0.059167
0 0.458437 0.082917 0.029375 0.045833
0 0.6875 0.036667 0.0275 0.04
0 0.947812 0.18625 0.034375 0.050833
0 0.836875 0.424167 0.035 0.046667
0 0.484375 0.76625 0.03875 0.049167
0 0.555937 0.975833 0.029375 0.045
0 0.693438 0.62375 0.038125 0.045833
0 0.770625 0.615 0.03875 0.05
0 0.849063 0.859583 0.039375 0.060833
0 0.861875 0.69375 0.04125 0.050833
0 0.902188 0.73125 0.038125 0.055833
0 0.914375 0.98 0.03375 0.04
0 0.237813 0.51125 0.029375 0.0525
0 0.75375 0.125833 0.035 0.04
