0 0.292187 0.185833 0.050625 0.078333
0 0.313437 0.152917 0.034375 0.0375
0 0.47625 0.282083 0.03875 0.055833
0 0.330313 0.205 0.043125 0.05
0 0.965938 0.014167 0.036875 0.026667
0 0.356563 0.778333 0.045625 0.076667
0 0.29875 0.11 0.04625 0.055
0 0.464375 0.917083 0.05125 0.075833
0 0.512188 0.21 0.045625 0.065
0 0.981875 0.505 0.035 0.086667
0 0.2325 0.8025 0.035 0.04
0 0.331875 0.12375 0.0325 0.050833
0 0.05625 0.982083 0.035 0.035833
0 0.49625 0.560833 0.0325 0.038333
0 0.66 0.162083 0.04375 0.059167
0 0.808438 0.855 0.044375 0.061667
0 0.837187 0.495417 0.033125 0.0475
0 0.52375 0.396667 0.0475 0.06
0 0.25125 0.464167 0.03625 0.05
0 0.569063 0.159583 0.034375 0.044167
0 0.332188 0.53375 0.035625 0.049167
0 0.589375 0.395833 0.035 0.048333
0 0.335 0.25125 0.04375 0.0475
0 0.25375 0.280417 0.0425 0.050833
0 0.786875 0.700833 0.03875 0.051667
0 0.735625 0.05125 0.03875 0.0525
0 0.222188 0.763333 0.045625 0.053333
0 0.042813 0.38875 0.040625 0.0625
0 0.59875 0.72 0.04125 0.056667
