0 0.809375 0.970833 0.04 0.058333
0 0.700625 0.90875 0.04625 0.069167
0 0.649375 0.908333 0.0475 0.075
0 0.542813 0.88625 0.045625 0.059167
0 0.51375 0.94625 0.0375 0.049167
0 0.828438 0.76375 0.036875 0.059167
0 0.885312 0.69875 0.034375 0.039167
0 0.890938 0.729167 0.036875 0.031667
0 0.942187 0.72375 0.030625 0.0375
0 0.389062 0.97125 0.045625 0.0575
0 0.605938 0.717917 0.035625 0.049167
0 0.575313 0.660833 0.039375 0.056667
0 0.3675 0.632083 0.03375 0.0425
0 0.329375 0.632083 0.04 0.054167
0 0.303125 0.730833 0.03625 0.046667
0 0.076875 0.877083 0.03125 0.044167
0 0.10375 0.832083 0.03875 0.055833
0 0.04875 0.830833 0.0375 0.046667
0 0.038125 0.7825 0.035 0.038333
0 0.02125 0.675417 0.03125 0.0425
0 0.155938 0.4125 0.033125 0.041667
0 0.173125 0.33375 0.0375 0.054167
0 0.203437 0.263333 0.039375 0.046667
0 0.319063 0.320833 0.035625 0.055
0 0.32625 0.1825 0.03625 0.051667
0 0.362812 0.157917 0.033125 0.054167
0 0.405625 0.105833 0.03375 0.048333
0 0.844688 0.49 0.039375 0.061667
0 0.89125 0.42625 0.03625 0.055833
0 0.909687 0.37 0.038125 0.055
0 0.555937 0.3975 0.039375 0.058333
0 0.66875 0.265 0.0375 0.065
0 0.58 0.232083 0.03125 0.054167
0 0.589063 0.094167 0.033125 0.06
0 0.947187 0.080833 0.033125 0.05
