0 0.930625 0.070833 0.04375 0.065
0 0.810312 0.246667 0.039375 0.048333
0 0.941875 0.795833 0.03375 0.05
0 0.97125 0.7175 0.0325 0.046667
0 0.76375 0.491667 0.02875 0.041667
0 0.7475 0.476667 0.03 0.041667
0 0.75625 0.422917 0.02625 0.0375
0 0.3925 0.12125 0.03875 0.054167
0 0.294063 0.1825 0.041875 0.073333
0 0.47 0.452083 0.03875 0.0625
0 0.021562 0.042917 0.041875 0.0675
0 0.0825 0.09875 0.02875 0.040833
0 0.22125 0.342917 0.045 0.0575
0 0.173125 0.357917 0.02875 0.0425
0 0.295 0.409583 0.03625 0.039167
0 0.324688 0.4625 0.031875 0.046667
0 0.151875 0.528333 0.02875 0.043333
0 0.239063 0.564583 0.031875 0.045833
0 0.031563 0.68875 0.045625 0.059167
0 0.299375 0.835833 0.0525 0.081667
0 0.362812 0.931667 0.040625 0.053333
0 0.159688 0.972083 0.034375 0.0475
0 0.194062 0.974583 0.031875 0.050833
