0 0.865938 0.055833 0.038125 0.051667
0 0.907813 0.31 0.031875 0.05
0 0.974375 0.452917 0.04125 0.0575
0 0.851875 0.853333 0.03375 0.043333
0 0.622812 0.945417 0.043125 0.055833
0 0.470938 0.875833 0.041875 0.046667
0 0.255625 0.940417 0.04 0.049167
0 0.237813 0.97625 0.044375 0.045833
0 0.012188 0.797083 0.023125 0.0425
0 0.318437 0.67125 0.040625 0.050833
0 0.371563 0.521667 0.038125 0.051667
0 0.64375 0.34625 0.03 0.0475
0 0.582812 0.36125 0.040625 0.0625
0 0.474375 0.227917 0.04125 0.0575
0 0.5125 0.24 0.03375 0.05
0 0.546875 0.172917 0.03125 0.050833
0 0.50875 0.150833 0.05 0.056667
0 0.314375 0.305 0.04125 0.06
0 0.342813 0.205833 0.036875 0.05
0 0.339687 0.122917 0.046875 0.0625
0 0.38125 0.025417 0.0425 0.049167
0 0.235625 0.025 0.03875 0.048333
0 0.180312 0.20875 0.035625 0.0525
0 0.1575 0.27 0.045 0.06
0 0.010313 0.40625 0.019375 0.054167
0 0.036562 0.319583 0.041875 0.049167
0 0.049375 0.132083 0.03875 0.045833
0 0.033125 0.089167 0.0425 0.05
