0 0.800625 0.130833 0.04 0.073333
0 0.105625 0.017917 0.03125 0.034167
0 0.00625 0.48375 0.01125 0.055833
0 0.854062 0.885417 0.040625 0.059167
0 0.061562 0.84 0.035625 0.046667
0 0.1275 0.48 0.0375 0.058333
0 0.163125 0.512917 0.04375 0.0625
0 0.92 0.605 0.04 0.06
0 0.64875 0.333333 0.05 0.073333
0 0.246875 0.17125 0.035 0.049167
0 0.198125 0.27 0.0425 0.056667
0 0.784687 0.1925 0.033125 0.053333
0 0.476875 0.095417 0.045 0.0675
0 0.031875 0.356667 0.04125 0.055
0 0.942187 0.208333 0.034375 0.051667
0 0.89875 0.227083 0.03375 0.049167
0 0.765312 0.85625 0.035625 0.049167
0 0.41375 0.605833 0.04625 0.068333
0 0.380937 0.045 0.046875 0.061667
0 0.290625 0.624583 0.0525 0.0775
0 0.220312 0.727083 0.043125 0.0575
0 0.240625 0.61125 0.05125 0.0675
0 0.735 0.4675 0.05 0.07
0 0.270937 0.516667 0.045625 0.06
0 0.684063 0.190833 0.039375 0.053333
