0 0.795937 0.22125 0.034375 0.0525
0 0.759687 0.22375 0.039375 0.059167
0 0.837187 0.2875 0.038125 0.05
0 0.960313 0.01375 0.039375 0.025833
0 0.927813 0.059167 0.038125 0.055
0 0.964688 0.29625 0.035625 0.049167
0 0.985625 0.189167 0.02875 0.078333
0 0.695312 0.094167 0.046875 0.063333
0 0.636875 0.168333 0.04375 0.053333
0 0.540937 0.215 0.039375 0.055
0 0.746875 0.399583 0.04875 0.069167
0 0.853125 0.47125 0.04625 0.064167
0 0.9825 0.43625 0.03375 0.059167
0 0.837187 0.669583 0.040625 0.065833
0 0.943438 0.664583 0.035625 0.045833
0 0.813438 0.737917 0.035625 0.0525
0 0.769375 0.789583 0.04 0.055833
0 0.636875 0.90625 0.05875 0.074167
0 0.571562 0.917917 0.043125 0.059167
0 0.477812 0.872917 0.055625 0.0725
0 0.51625 0.505 0.04125 0.073333
0 0.87 0.042083 0.03625 0.054167
0 0.454688 0.2875 0.045625 0.063333
0 0.434688 0.397083 0.043125 0.060833
0 0.39 0.3525 0.0475 0.073333
0 0.264375 0.1775 0.05125 0.068333
0 0.188125 0.275833 0.04 0.06
0 0.17875 0.575417 0.03375 0.070833
0 0.221562 0.593333 0.045625 0.061667
0 0.334688 0.035417 0.039375 0.049167
0 0.198437 0.0225 0.035625 0.043333
0 0.052812 0.02875 0.041875 0.050833
0 0.022812 0.049167 0.041875 0.058333
0 0.096562 0.325 0.043125 0.065
0 0.01875 0.442917 0.03625 0.055833
0 0.064062 0.663333 0.045625 0.058333
0 0.029063 0.704167 0.040625 0.05
0 0.2025 0.804583 0.0425 0.060833
0 0.038437 0.869167 0.039375 0.051667
0 0.06875 0.964583 0.04 0.0575
0 0.275 0.9375 0.0525 0.07
0 0.145625 0.985417 0.0525 0.029167
0 0.434063 0.981667 0.039375 0.036667
0 0.305 0.225 0.04 0.055
