0 0.936875 0.116667 0.04 0.05
0 0.595 0.050417 0.03625 0.045833
0 0.779687 0.250833 0.044375 0.068333
0 0.731875 0.307917 0.0375 0.0475
0 0.824375 0.325 0.0475 0.065
0 0.854062 0.391667 0.036875 0.05
0 0.95375 0.42 0.035 0.053333
0 0.92375 0.460417 0.0375 0.050833
0 0.870938 0.515 0.024375 0.036667
0 0.981875 0.571667 0.03125 0.051667
0 0.8175 0.651667 0.035 0.041667
0 0.791562 0.615417 0.035625 0.0475
0 0.7575 0.65 0.02625 0.046667
0 0.739375 0.661667 0.02625 0.038333
0 0.721875 0.642917 0.03125 0.039167
0 0.726875 0.679583 0.04 0.0375
0 0.707812 0.743333 0.031875 0.045
0 0.931562 0.772917 0.033125 0.0425
0 0.599375 0.46875 0.0375 0.059167
0 0.504062 0.448333 0.038125 0.045
0 0.470938 0.379167 0.044375 0.068333
0 0.9725 0.967917 0.04 0.040833
0 0.625938 0.941667 0.031875 0.045
0 0.495312 0.927083 0.033125 0.040833
0 0.390937 0.71 0.034375 0.041667
0 0.424063 0.63 0.033125 0.041667
0 0.33 0.079167 0.03375 0.043333
0 0.313125 0.192083 0.04375 0.054167
0 0.182188 0.040417 0.039375 0.054167
0 0.088438 0.09625 0.051875 0.060833
0 0.009687 0.026667 0.018125 0.05
0 0.2175 0.314583 0.03625 0.049167
0 0.364063 0.30875 0.043125 0.0575
0 0.33625 0.36625 0.045 0.054167
0 0.080625 0.4625 0.0425 0.055
0 0.324375 0.450417 0.03875 0.0525
0 0.395313 0.4625 0.046875 0.066667
0 0.305312 0.54375 0.038125 0.045833
0 0.170937 0.58625 0.041875 0.060833
0 0.048125 0.5575 0.045 0.056667
0 0.013437 0.66875 0.025625 0.045833
0 0.05 0.632917 0.04375 0.065833
0 0.1725 0.73375 0.0425 0.054167
0 0.847812 0.070417 0.035625 0.0475
0 0.009062 0.811667 0.016875 0.048333
