0 0.863437 0.09375 0.044375 0.0625
0 0.829688 0.1125 0.033125 0.046667
0 0.835 0.158333 0.02875 0.046667
0 0.860313 0.216667 0.039375 0.055
0 0.717187 0.2325 0.046875 0.07
0 0.884375 0.329167 0.03625 0.051667
0 0.882188 0.379167 0.033125 0.048333
0 0.717812 0.331667 0.029375 0.043333
0 0.849375 0.794583 0.0375 0.0625
0 0.877188 0.785833 0.034375 0.05
0 0.90625 0.762083 0.03875 0.054167
0 0.858437 0.737917 0.041875 0.0575
0 0.65875 0.59 0.03375 0.043333
0 0.579063 0.772083 0.035625 0.0475
0 0.507188 0.752917 0.040625 0.0475
0 0.465938 0.88 0.038125 0.046667
0 0.305937 0.755417 0.049375 0.0675
0 0.148438 0.88625 0.034375 0.049167
0 0.403125 0.644167 0.03125 0.045
0 0.18375 0.53125 0.04 0.054167
0 0.523125 0.309167 0.04 0.05
0 0.46875 0.109583 0.03875 0.0475
0 0.31 0.310417 0.0375 0.0525
0 0.201875 0.214167 0.0425 0.055
0 0.092813 0.237083 0.026875 0.039167
0 0.858437 0.98375 0.036875 0.0325
