0 0.979688 0.055 0.028125 0.041667
0 0.947812 0.02 0.033125 0.038333
0 0.439688 0.120833 0.050625 0.058333
0 0.48625 0.143333 0.055 0.061667
0 0.605313 0.1425 0.033125 0.043333
0 0.580937 0.195 0.035625 0.051667
0 0.553438 0.254167 0.045625 0.061667
0 0.596875 0.267083 0.03 0.040833
0 0.624687 0.326667 0.048125 0.063333
0 0.518437 0.325417 0.036875 0.0575
0 0.3875 0.332917 0.02875 0.045833
0 0.451562 0.367083 0.035625 0.0475
0 0.521563 0.434583 0.045625 0.060833
0 0.450937 0.43375 0.039375 0.054167
0 0.364687 0.439167 0.039375 0.058333
0 0.745938 0.518333 0.038125 0.05
0 0.5625 0.560417 0.03375 0.0425
0 0.774375 0.699167 0.035 0.048333
0 0.826562 0.954167 0.043125 0.055
0 0.028438 0.352917 0.033125 0.0425
0 0.144063 0.349167 0.036875 0.048333
0 0.257188 0.49 0.033125 0.038333
0 0.227813 0.524583 0.031875 0.050833
0 0.242812 0.587083 0.033125 0.0525
0 0.367812 0.585833 0.026875 0.04
0 0.084062 0.685 0.041875 0.061667
0 0.106563 0.85625 0.039375 0.055833
0 0.047188 0.978333 0.040625 0.043333
0 0.10375 0.983333 0.03625 0.033333
0 0.306875 0.887917 0.04875 0.0725
0 0.280625 0.775833 0.03625 0.058333
0 0.373125 0.74625 0.0375 0.0575
0 0.395625 0.824167 0.0525 0.07
0 0.4575 0.803333 0.03875 0.056667
0 0.383437 0.94625 0.040625 0.0625
0 0.41 0.9875 0.04 0.025
