0 0.112187 0.56125 0.046875 0.0725
0 0.005313 0.669167 0.009375 0.041667
0 0.267188 0.195417 0.045625 0.069167
0 0.058125 0.91 0.03125 0.041667
0 0.89625 0.108333 0.04125 0.06
0 0.070625 0.93125 0.02875 0.034167
0 0.646563 0.983333 0.036875 0.033333
0 0.007188 0.0225 0.013125 0.04
0 0.544063 0.012917 0.038125 0.024167
0 0.566875 0.20625 0.04375 0.054167
0 0.374688 0.744167 0.031875 0.045
0 0.86375 0.396667 0.0275 0.04
0 0.960938 0.888333 0.031875 0.043333
0 0.65875 0.385417 0.02875 0.039167
0 0.550312 0.287083 0.031875 0.040833
0 0.137813 0.489583 0.030625 0.040833
0 0.54125 0.351667 0.03375 0.045
0 0.944063 0.732083 0.029375 0.034167
0 0.269062 0.412917 0.030625 0.040833
0 0.65125 0.88375 0.03125 0.0425
0 0.471562 0.15125 0.031875 0.039167
0 0.288438 0.59875 0.034375 0.044167
0 0.28875 0.12875 0.03125 0.045833
0 0.47875 0.35 0.035 0.05
0 0.7875 0.525 0.03125 0.043333
0 0.640312 0.367917 0.029375 0.0425
0 0.304375 0.647083 0.03375 0.044167
0 0.848125 0.417083 0.0325 0.044167
0 0.732812 0.713333 0.031875 0.04
0 0.581562 0.24125 0.035625 0.045833
0 0.935937 0.965 0.031875 0.041667
0 0.583125 0.338333 0.03125 0.043333
0 0.142187 0.28375 0.034375 0.050833
0 0.225938 0.431667 0.039375 0.056667
0 0.033438 0.663333 0.028125 0.043333
0 0.593125 0.06375 0.0325 0.0475
0 0.369688 0.210417 0.031875 0.040833
0 0.982187 0.215833 0.035625 0.05
0 0.625 0.922083 0.0325 0.039167
0 0.37 0.36375 0.03375 0.040833
0 0.402813 0.43125 0.038125 0.049167
0 0.013437 0.659167 0.020625 0.04
0 0.894062 0.21 0.034375 0.05
