0 0.117813 0.173333 0.038125 0.051667
0 0.029687 0.176667 0.034375 0.043333
0 0.468125 0.0125 0.03875 0.023333
0 0.155938 0.195417 0.034375 0.0475
0 0.304375 0.159583 0.035 0.0425
0 0.445625 0.41 0.03875 0.051667
0 0.464687 0.38875 0.034375 0.0475
0 0.48375 0.374167 0.03375 0.046667
0 0.26 0.31875 0.03875 0.0475
0 0.332813 0.335833 0.044375 0.048333
0 0.414062 0.245 0.043125 0.056667
0 0.554688 0.258333 0.049375 0.06
0 0.678125 0.293333 0.0325 0.05
0 0.696562 0.333333 0.031875 0.046667
0 0.77125 0.363333 0.03625 0.056667
0 0.678438 0.472917 0.040625 0.059167
0 0.559688 0.485833 0.036875 0.041667
0 0.119375 0.530417 0.0375 0.0525
0 0.021562 0.724167 0.034375 0.048333
0 0.083437 0.84125 0.033125 0.0475
0 0.037812 0.87 0.033125 0.048333
0 0.040625 0.92625 0.03625 0.0525
0 0.176563 0.878333 0.031875 0.04
0 0.318125 0.871667 0.03875 0.043333
0 0.430625 0.97875 0.03625 0.0425
0 0.47 0.932083 0.03375 0.0425
0 0.448125 0.90375 0.0375 0.044167
0 0.430625 0.8475 0.03875 0.05
0 0.585625 0.979167 0.0425 0.041667
0 0.615313 0.77 0.038125 0.045
0 0.695 0.77625 0.03625 0.0525
0 0.739375 0.815 0.04 0.056667
0 0.705 0.689167 0.0375 0.053333
0 0.688438 0.65375 0.038125 0.0525
0 0.9425 0.765833 0.0275 0.038333
0 0.915625 0.745 0.03125 0.046667
0 0.932813 0.7025 0.031875 0.043333
0 0.963125 0.650417 0.035 0.044167
0 0.907188 0.61125 0.028125 0.039167
0 0.926875 0.5375 0.03125 0.051667
0 0.815625 0.681667 0.04 0.055
