0 0.928125 0.05125 0.04375 0.0675
0 0.953438 0.12 0.045625 0.065
0 0.630938 0.207917 0.063125 0.0875
0 0.822812 0.422917 0.038125 0.0525
0 0.91 0.728333 0.03 0.05
0 0.87875 0.883333 0.04125 0.07
0 0.734375 0.845417 0.0375 0.060833
0 0.550312 0.979167 0.044375 0.041667
0 0.469687 0.819167 0.065625 0.073333
0 0.575 0.639167 0.0475 0.091667
0 0.507812 0.596667 0.048125 0.083333
0 0.45875 0.65625 0.03875 0.054167
0 0.4325 0.59 0.05 0.078333
0 0.35375 0.797083 0.06125 0.0825
0 0.234063 0.72 0.066875 0.081667
0 0.246562 0.56375 0.056875 0.055833
0 0.350313 0.566667 0.045625 0.051667
0 0.434375 0.4 0.05625 0.096667
0 0.451875 0.172083 0.0425 0.064167
0 0.282813 0.019583 0.046875 0.0375
0 0.228125 0.075 0.03875 0.046667
0 0.211875 0.290833 0.05625 0.076667
0 0.195312 0.362083 0.051875 0.070833
0 0.130938 0.347083 0.054375 0.0825
0 0.047813 0.432917 0.046875 0.065833
0 0.01375 0.437083 0.02625 0.0725
0 0.0225 0.614167 0.03875 0.061667
