0 0.247812 0.95625 0.044375 0.070833
0 0.460313 0.64375 0.033125 0.0425
0 0.578438 0.245833 0.043125 0.056667
0 0.621563 0.977083 0.035625 0.045833
0 0.472187 0.017917 0.039375 0.034167
0 0.250312 0.892917 0.033125 0.039167
0 0.117188 0.291667 0.033125 0.036667
0 0.983437 0.612917 0.031875 0.045833
0 0.00875 0.979167 0.01625 0.041667
0 0.809688 0.047083 0.033125 0.0475
0 0.040625 0.985 0.035 0.03
0 0.382188 0.837083 0.036875 0.045833
0 0.080937 0.317083 0.036875 0.0425
0 0.983437 0.960833 0.033125 0.046667
0 0.723125 0.652083 0.03 0.045833
0 0.639375 0.162083 0.03125 0.044167
0 0.644062 0.015417 0.039375 0.0275
0 0.9175 0.84125 0.03125 0.040833
0 0.867188 0.495417 0.044375 0.064167
0 0.610938 0.8425 0.040625 0.056667
0 0.72375 0.165417 0.035 0.050833
0 0.982812 0.109583 0.034375 0.064167
0 0.510938 0.55125 0.045625 0.0675
0 0.971562 0.82 0.050625 0.07
