0 0.062812 0.115833 0.031875 0.043333
0 0.26625 0.093333 0.0325 0.045
0 0.287187 0.075 0.029375 0.046667
0 0.477812 0.18875 0.038125 0.0475
0 0.445937 0.255417 0.035625 0.0525
0 0.720313 0.115833 0.038125 0.051667
0 0.445937 0.317083 0.028125 0.035833
0 0.43 0.436667 0.03125 0.041667
0 0.211562 0.378333 0.026875 0.04
0 0.356563 0.795417 0.023125 0.035833
0 0.54125 0.825417 0.03375 0.039167
0 0.0375 0.893333 0.0325 0.048333
0 0.84625 0.903333 0.04125 0.048333
0 0.911563 0.937917 0.039375 0.0475
0 0.87625 0.40625 0.03625 0.0475
0 0.704063 0.175833 0.039375 0.05
0 0.763437 0.137917 0.035625 0.0425
0 0.169375 0.4075 0.03875 0.04
0 0.225938 0.225 0.028125 0.035
0 0.41125 0.609583 0.025 0.040833
0 0.815 0.38125 0.03125 0.045833
0 0.110312 0.122083 0.024375 0.034167
0 0.1125 0.090417 0.02375 0.025833
0 0.131875 0.113333 0.02125 0.043333
