0 0.07875 0.030417 0.02875 0.034167
0 0.085312 0.140417 0.044375 0.054167
0 0.218125 0.241667 0.04375 0.056667
0 0.404375 0.358333 0.04 0.056667
0 0.094687 0.471667 0.040625 0.066667
0 0.063437 0.4925 0.043125 0.07
0 0.320625 0.168333 0.025 0.035
0 0.035625 0.402917 0.03875 0.055833
0 0.277813 0.509583 0.029375 0.0375
0 0.316875 0.66375 0.035 0.0525
0 0.3525 0.497083 0.035 0.0475
0 0.490938 0.537917 0.041875 0.060833
0 0.054688 0.952083 0.035625 0.0475
0 0.104063 0.817917 0.040625 0.0625
0 0.508437 0.467083 0.039375 0.054167
0 0.564688 0.480833 0.030625 0.041667
0 0.53 0.225833 0.025 0.036667
0 0.586875 0.764583 0.0375 0.060833
0 0.665312 0.594167 0.035625 0.046667
0 0.715625 0.519167 0.035 0.053333
0 0.7625 0.522083 0.02625 0.0375
0 0.79625 0.046667 0.03125 0.04
0 0.9175 0.16625 0.04125 0.055833
0 0.96 0.174167 0.02875 0.035
