0 0.913125 0.020833 0.035 0.04
0 0.897188 0.035417 0.036875 0.040833
0 0.9125 0.0675 0.04 0.041667
0 0.905625 0.115417 0.04875 0.0575
0 0.947812 0.117917 0.035625 0.035833
0 0.874375 0.200833 0.03375 0.043333
0 0.851562 0.186667 0.034375 0.051667
0 0.980625 0.334583 0.03875 0.064167
0 0.771563 0.297917 0.059375 0.079167
0 0.778125 0.382083 0.0475 0.0625
0 0.94875 0.4925 0.03875 0.051667
0 0.6975 0.358333 0.05125 0.076667
0 0.721562 0.57125 0.043125 0.055833
0 0.957187 0.751667 0.036875 0.061667
0 0.831562 0.694167 0.038125 0.053333
0 0.765 0.727917 0.06375 0.0575
0 0.945937 0.837083 0.053125 0.050833
0 0.817187 0.831667 0.048125 0.058333
0 0.652813 0.847917 0.033125 0.0475
0 0.565625 0.933333 0.04125 0.058333
0 0.624687 0.95125 0.035625 0.0475
0 0.598437 0.985417 0.036875 0.029167
0 0.632188 0.67125 0.024375 0.030833
0 0.505625 0.559167 0.04 0.055
0 0.577812 0.42875 0.049375 0.070833
0 0.778125 0.01625 0.05 0.030833
0 0.544375 0.164167 0.0425 0.06
0 0.5025 0.114583 0.02875 0.0425
0 0.482812 0.095 0.029375 0.04
0 0.49875 0.26375 0.025 0.0475
0 0.474062 0.255 0.036875 0.055
0 0.44375 0.306667 0.03625 0.051667
0 0.395625 0.232083 0.03875 0.0525
0 0.386562 0.3525 0.031875 0.043333
0 0.289687 0.185 0.036875 0.048333
0 0.18875 0.155417 0.03375 0.049167
0 0.1925 0.239583 0.04 0.0525
0 0.14875 0.352083 0.05 0.050833
0 0.171563 0.415833 0.040625 0.055
0 0.137187 0.499583 0.029375 0.040833
0 0.114062 0.529583 0.048125 0.0575
0 0.017188 0.535833 0.033125 0.068333
0 0.130312 0.674583 0.049375 0.060833
0 0.311875 0.68125 0.0425 0.059167
0 0.011562 0.824167 0.021875 0.048333
0 0.089375 0.80375 0.05 0.0675
0 0.198437 0.892917 0.034375 0.045833
