0 0.010625 0.117083 0.02 0.0725
0 0.660625 0.21375 0.06875 0.119167
0 0.95 0.520833 0.04 0.076667
0 0.049375 0.040417 0.04 0.054167
0 0.906875 0.112917 0.05375 0.084167
0 0.80875 0.276667 0.05625 0.073333
0 0.540937 0.09625 0.056875 0.094167
0 0.620625 0.425 0.04375 0.07
0 0.169063 0.0875 0.050625 0.073333
0 0.234063 0.975417 0.051875 0.049167
0 0.913438 0.45375 0.044375 0.0725
0 0.534062 0.3725 0.036875 0.055
0 0.394688 0.048333 0.041875 0.058333
0 0.767188 0.969167 0.039375 0.053333
0 0.692187 0.51625 0.036875 0.0525
0 0.869375 0.9625 0.04125 0.07
0 0.369063 0.390417 0.049375 0.070833
0 0.3875 0.916667 0.05375 0.076667
0 0.070312 0.430417 0.040625 0.064167
0 0.151875 0.835833 0.05625 0.075
0 0.675312 0.562083 0.041875 0.0625
0 0.630313 0.532917 0.044375 0.064167
0 0.91625 0.54875 0.05125 0.074167
0 0.810937 0.377917 0.043125 0.064167
0 0.564375 0.41125 0.04125 0.059167
0 0.9125 0.950417 0.04 0.059167
0 0.746875 0.475417 0.04125 0.064167
0 0.075 0.947917 0.06 0.079167
0 0.124688 0.01875 0.039375 0.035833
0 0.729062 0.5775 0.039375 0.065
