0 0.956875 0.878333 0.03 0.05
0 0.876563 0.92125 0.036875 0.050833
0 0.828125 0.94875 0.03625 0.049167
0 0.869375 0.98 0.04375 0.04
0 0.694688 0.970417 0.035625 0.049167
0 0.646563 0.880833 0.033125 0.05
0 0.5425 0.900417 0.0325 0.045833
0 0.630313 0.775 0.035625 0.04
0 0.865625 0.715417 0.03875 0.0475
0 0.911875 0.665417 0.0375 0.0475
0 0.829688 0.631667 0.033125 0.036667
0 0.81875 0.597917 0.03 0.035833
0 0.743125 0.590833 0.03375 0.045
0 0.741875 0.466667 0.035 0.048333
0 0.723437 0.327083 0.036875 0.0525
0 0.809375 0.2975 0.03875 0.048333
0 0.882812 0.40625 0.029375 0.044167
0 0.622188 0.537917 0.031875 0.0525
0 0.551875 0.297917 0.04125 0.0575
0 0.480938 0.27 0.035625 0.05
0 0.64875 0.2125 0.04 0.048333
0 0.705 0.190833 0.04125 0.053333
0 0.381563 0.189167 0.039375 0.053333
0 0.979688 0.429583 0.038125 0.0475
0 0.563125 0.11 0.03125 0.046667
0 0.408438 0.091667 0.034375 0.04
0 0.370312 0.056667 0.036875 0.051667
0 0.485312 0.68875 0.039375 0.054167
0 0.45625 0.7225 0.035 0.048333
0 0.470313 0.797917 0.039375 0.039167
0 0.378437 0.81625 0.031875 0.049167
0 0.1825 0.822917 0.0375 0.050833
0 0.249062 0.707917 0.041875 0.0525
0 0.153438 0.750833 0.040625 0.053333
0 0.164375 0.660417 0.04 0.054167
0 0.128438 0.547083 0.033125 0.050833
0 0.099375 0.5425 0.03125 0.05
0 0.230937 0.094167 0.038125 0.065
0 0.090938 0.025417 0.033125 0.0425
0 0.148438 0.336667 0.033125 0.043333
0 0.2275 0.539167 0.035 0.043333
0 0.407187 0.588333 0.024375 0.033333
0 0.019375 0.646667 0.03625 0.051667
0 0.2225 0.91 0.02875 0.045
0 0.03875 0.905417 0.03625 0.055833
0 0.071875 0.971667 0.03125 0.04
0 0.555625 0.426667 0.03375 0.05
