0 0.604375 0.252083 0.045 0.0775
0 0.533125 0.977917 0.0525 0.044167
0 0.38 0.870833 0.0475 0.075
0 0.194688 0.038333 0.058125 0.075
0 0.722187 0.775833 0.044375 0.075
0 0.076563 0.702917 0.044375 0.070833
0 0.47875 0.364583 0.0475 0.070833
0 0.10125 0.342917 0.04125 0.0525
0 0.5775 0.275 0.05125 0.071667
0 0.702187 0.067917 0.055625 0.079167
0 0.172813 0.442917 0.039375 0.055833
0 0.770625 0.834167 0.045 0.075
0 0.704063 0.1825 0.048125 0.071667
0 0.715938 0.902083 0.046875 0.064167
0 0.544687 0.6875 0.041875 0.063333
0 0.295625 0.166667 0.04875 0.063333
0 0.035625 0.633333 0.065 0.083333
0 0.984062 0.954583 0.031875 0.069167
0 0.1275 0.725833 0.04625 0.061667
0 0.409687 0.226667 0.048125 0.073333
0 0.39375 0.560833 0.06125 0.086667
0 0.249375 0.25125 0.04625 0.079167
