0 0.504687 0.124583 0.045625 0.059167
0 0.356875 0.059583 0.05 0.064167
0 0.353125 0.436667 0.04 0.06
0 0.094062 0.54625 0.044375 0.064167
0 0.124063 0.601667 0.043125 0.056667
0 0.125 0.733333 0.035 0.056667
0 0.207813 0.78875 0.031875 0.055833
0 0.218125 0.907917 0.05375 0.0775
0 0.474375 0.899167 0.03 0.055
0 0.493125 0.876667 0.0375 0.063333
0 0.5225 0.77875 0.0375 0.0525
0 0.55625 0.785833 0.03 0.063333
0 0.686875 0.965417 0.04 0.054167
0 0.535625 0.342083 0.04375 0.060833
0 0.555937 0.371667 0.033125 0.046667
0 0.787813 0.245833 0.045625 0.06
0 0.85375 0.237083 0.03125 0.045833
0 0.93375 0.2925 0.0425 0.045
0 0.930937 0.325 0.044375 0.03
0 0.91625 0.400417 0.045 0.059167
0 0.663125 0.489167 0.0375 0.051667
0 0.715938 0.678333 0.055625 0.055
0 0.71375 0.7375 0.04375 0.053333
0 0.88875 0.614583 0.04 0.0475
0 0.823438 0.939167 0.033125 0.046667
0 0.851562 0.84 0.036875 0.065
0 0.918125 0.81625 0.03 0.049167
0 0.300625 0.1875 0.04 0.058333
