0 0.666875 0.041667 0.03875 0.053333
0 0.877812 0.21875 0.038125 0.0575
0 0.629687 0.215 0.041875 0.065
0 0.531563 0.155 0.044375 0.06
0 0.540625 0.187917 0.03375 0.0475
0 0.366875 0.218333 0.0425 0.056667
0 0.840313 0.53875 0.050625 0.080833
0 0.492812 0.664583 0.040625 0.065833
0 0.535312 0.76875 0.048125 0.0825
0 0.690625 0.8325 0.0325 0.055
0 0.834688 0.625833 0.035625 0.056667
0 0.540312 0.882083 0.035625 0.050833
0 0.450313 0.850833 0.063125 0.083333
0 0.294375 0.945833 0.04375 0.06
0 0.259688 0.709583 0.035625 0.065833
0 0.034063 0.81875 0.040625 0.059167
0 0.034688 0.606667 0.041875 0.065
0 0.077813 0.559583 0.040625 0.064167
